1.000000000000000000e+00 6.579032037359663576e+00 8.679468271495311527e+00 -4.227819181050640474e+00 5.578167872144325301e+00 9.310948566361526346e+00 8.208320622115282461e+00 2.444943163230658190e+00 -4.096644367010766175e+00 7.436749049511424126e-01 -1.743185554046667862e+00
0.000000000000000000e+00 -8.972335778478353063e+00 -9.154226940948088753e+00 1.006581902607758394e+01 -8.438358618563551516e+00 -1.134622263822522292e+00 -7.439354145591932976e+00 -3.262933371015248163e+00 6.897130086948751071e+00 -5.797021365878411991e+00 -2.297761129903190369e+00
0.000000000000000000e+00 -1.119991249824922619e+01 -8.776118633750680686e+00 8.752331185087887988e+00 -8.168903980105779894e+00 -1.498897960788797779e+00 -7.319636428448187182e+00 -4.984715555982779378e+00 5.237169884217915516e+00 -5.220231364114868100e+00 2.516267771731499625e-01
0.000000000000000000e+00 -9.138862952828279873e+00 -8.936537669418198604e+00 8.751083423836261588e+00 -7.980420434499431614e+00 -2.696846870074316893e+00 -8.259482500169630370e+00 -4.928402295616558959e+00 6.086601139176594621e+00 -4.636799302177236903e+00 -2.249295937671416556e+00
0.000000000000000000e+00 -1.015427248967466767e+01 -8.046877027810818817e+00 9.414266379783724048e+00 -7.707855694570922012e+00 -1.272832354403951260e+00 -7.403322447971165232e+00 -3.118992092283292994e+00 7.074702492079216753e+00 -4.367771532542994883e+00 2.854468099033147244e-01
1.000000000000000000e+00 5.155459213715873013e+00 9.493268054145650225e+00 -3.219607687343886582e+00 5.655255864665930332e+00 7.952281261444420046e+00 9.213485745437949959e+00 3.849726306698642020e+00 -1.447430015784033408e+00 7.643554060807231654e-01 -9.333399628344183352e-01
1.000000000000000000e+00 4.257561524996777536e+00 8.259656793393999052e+00 -4.854533747819480993e+00 3.461459251496679101e+00 9.659802711628469041e+00 7.184304485402911666e+00 2.416468301700755994e+00 -2.455333899459580138e+00 3.427317666389457784e-01 -9.034887617284653727e-01
1.000000000000000000e+00 5.655627344785495225e+00 9.221447156364634523e+00 -5.780773594845282304e+00 5.465530610289673241e+00 8.579661541245545919e+00 9.249553311635992259e+00 2.416041441135823309e+00 -3.217158987642076973e+00 6.577550730488308517e-01 3.982157983275425028e-01
0.000000000000000000e+00 -9.836333565729390216e+00 -8.950106800544581631e+00 1.072190406764120318e+01 -6.619151331589195664e+00 -1.290159380417543744e-03 -6.904524288060127191e+00 -3.824920255692000115e+00 5.673662919345711764e+00 -5.310994979233758073e+00 -1.717709218372367230e+00
0.000000000000000000e+00 -9.970357614812135338e+00 -9.314023183272611917e+00 9.375907239422659245e+00 -7.030263708347696650e+00 -3.429138751986586797e-01 -7.321259351840117446e+00 -5.450445197822099352e+00 4.443643938408562200e+00 -5.916721714406603994e+00 -1.403648461486202148e+00
0.000000000000000000e+00 -1.012637234213712389e+01 -8.649836834004380748e+00 9.923206572447341500e+00 -8.549765425489155746e+00 -2.637525416455156480e-01 -8.389775276439349838e+00 -3.309174265002124304e+00 5.132844692774813034e+00 -4.478193576214673399e+00 -2.553504634570231246e+00
1.000000000000000000e+00 6.219104496758760092e+00 7.253545687495931205e+00 -4.358251946253377085e+00 6.293264156779054375e+00 9.413544062185815520e+00 1.002284612460236701e+01 1.658194186560346006e+00 -6.705831962382793332e-01 1.435733737590691339e+00 -2.171681603858899301e-01
1.000000000000000000e+00 6.010705532521930294e+00 9.274075784356419661e+00 -4.332023358258020096e+00 3.783700883226681633e+00 8.795259837831203242e+00 9.563014805523113893e+00 1.165948562114937026e+00 -1.354099802497246596e+00 2.817242876138902119e+00 -1.824902493817216476e+00
0.000000000000000000e+00 -1.039261542137132643e+01 -1.069336679418693414e+01 1.038378063752712421e+01 -6.486635284524369105e+00 -2.198207247592367963e+00 -9.164460464551563490e+00 -2.970843496585973575e+00 6.753992881588679609e+00 -4.281911828783515617e+00 -2.453155001689162340e-01
1.000000000000000000e+00 6.125507079069032024e+00 8.728017340227049559e+00 -6.299216257101443617e+00 4.212116704076931839e+00 8.949207826326517790e+00 6.637011770830611113e+00 1.890983755396432375e+00 -3.263095758270336155e+00 1.728315426241819219e+00 2.667280370211427831e-01
0.000000000000000000e+00 -1.011875895379890622e+01 -8.323910288703759264e+00 1.022477973093350556e+01 -9.134025703924887551e+00 -3.359787299583671949e+00 -8.466414835206464318e+00 -2.269926219880007423e+00 4.918178862418209008e+00 -4.802146422418826610e+00 -1.319072815734243509e+00
1.000000000000000000e+00 6.258268422694058586e+00 7.902174553171615656e+00 -4.165040494746953925e+00 5.288361889308986541e+00 9.758020772197587789e+00 9.957526637619835697e+00 3.434459679917783781e+00 -1.390557437497377258e+00 1.941232340487047958e+00 -1.171644954936615690e+00
1.000000000000000000e+00 6.151247997726675187e+00 9.971102323261137101e+00 -5.744607839346511646e+00 5.683801662253327613e+00 9.977168363703079024e+00 7.582461250218060833e+00 3.060065135696204308e+00 -3.409339205631052749e+00 1.116768346711192406e+00 -7.468247691474422245e-01
0.000000000000000000e+00 -1.040601870070424972e+01 -9.201487614315649211e+00 1.090982257197753746e+01 -7.761272249914197729e+00 4.112290895456447437e-01 -8.202096062036142499e+00 -2.554455032313001972e+00 5.423503422507654825e+00 -5.261225328900972720e+00 -2.724929078049289632e+00
0.000000000000000000e+00 -1.147952825910111052e+01 -9.653946907433322622e+00 1.074577688948629017e+01 -7.476063195138708650e+00 -2.668391866294297810e+00 -7.093842261001464422e+00 -4.931456970452209987e+00 5.006629474996322493e+00 -4.872439996288693287e+00 -8.310694946705038388e-01
1.000000000000000000e+00 6.949257904359995131e+00 7.514032953689136818e+00 -4.701610810264750029e+00 5.204533813766007988e+00 9.406210627516793821e+00 8.115778054522150953e+00 1.950500116730889300e+00 -2.780865499534759255e+00 4.754258764947510985e-01 -4.141777475517341989e-01
1.000000000000000000e+00 6.920225647476058839e+00 8.558310292042374812e+00 -4.806668668331442795e+00 4.648483251135120398e+00 8.880421459880325941e+00 7.989371386976405809e+00 1.313216188218440994e+00 -3.511337039362610213e+00 7.666155035937216589e-01 -1.043218465695242791e+00
1.000000000000000000e+00 6.681962808134001897e+00 8.252516192253352756e+00 -5.299540675945347168e+00 4.483852545738397311e+00 9.218097223534217122e+00 8.740059546668305757e+00 3.028740117739626037e+00 -1.472754839870858312e+00 1.618738327805713251e+00 -1.380506071548611047e+00
0.000000000000000000e+00 -9.919146123055943676e+00 -1.003827658121697297e+01 1.006060185724926370e+01 -6.966528939601303705e+00 -7.713137751589653757e-01 -6.688401062383648288e+00 -3.878622782997080520e+00 7.201790449836060759e+00 -4.781160762226061678e+00 -2.770632961781283043e-01
1.000000000000000000e+00 6.802736289942950876e+00 9.346208849136122154e+00 -3.850255055422621808e+00 4.794871800378691873e+00 1.036565541572007376e+01 9.937813106229471671e+00 1.410300497718776969e+00 -1.645730067805497576e+00 2.710658449901193201e+00 -1.124889333920460643e+00
0.000000000000000000e+00 -1.042721147487455013e+01 -9.847346136710903863e+00 1.072390581802744158e+01 -6.820386760834773909e+00 -2.079987560052791729e+00 -9.980647852866376013e+00 -3.030813631436728883e+00 5.722203610859127210e+00 -4.113026748118191911e+00 -1.693983365749272885e+00
1.000000000000000000e+00 6.100501791464550294e+00 8.449910501181292943e+00 -3.785234008416056284e+00 4.295054864924054527e+00 8.959663622879197931e+00 7.933398054180909931e+00 2.966250254564651190e+00 -3.625145190192840872e+00 2.944214368846762575e+00 9.915736542733692982e-01
0.000000000000000000e+00 -9.472968241489834185e+00 -1.012363763472615830e+01 1.066355776836712366e+01 -8.320870700354719318e+00 -4.364858995814784315e-01 -6.301843512384436075e+00 -3.844008499351998065e+00 4.949875926547488980e+00 -5.945309848073309311e+00 -2.242623814833142770e+00
0.000000000000000000e+00 -1.124516706246213005e+01 -8.780815435891405230e+00 9.696568377318405041e+00 -9.475257131596507065e+00 -1.364305668518029480e+00 -7.567396357744431867e+00 -3.350287522178561961e+00 6.092551181313408115e+00 -4.718036096786964784e+00 3.144998776388097106e-02
0.000000000000000000e+00 -9.348558919887141272e+00 -8.173595625839096712e+00 9.452853267604425014e+00 -9.319129429169136003e+00 -1.154249558964846489e+00 -7.359403944186674984e+00 -3.369230099554193725e+00 4.839914398331417900e+00 -5.821855656175165983e+00 -1.815003722034329581e-01
1.000000000000000000e+00 6.557968790688521565e+00 8.964782490464516584e+00 -5.384520899049830334e+00 4.348061941108658068e+00 8.224201603973078534e+00 7.670116422430903746e+00 1.180024944659277431e+00 -9.912101526338235047e-01 2.133235112312457105e+00 9.677993801062414470e-01
0.000000000000000000e+00 -8.789779104904972939e+00 -9.060254926621380989e+00 8.797650493142784356e+00 -7.049129621494182985e+00 -2.213279127311674088e+00 -6.762460031836291741e+00 -3.340911405817129864e+00 5.171900144123625864e+00 -3.124818798118489838e+00 -1.013031000659678993e+00
1.000000000000000000e+00 6.278465554638331447e+00 8.674899161126674585e+00 -4.791966310636345483e+00 5.866083384261200351e+00 8.322345834598646519e+00 7.817031538137791280e+00 3.228431733431472939e+00 -2.673679269022256388e+00 5.326847803401535408e-02 -1.566290204867337943e+00
0.000000000000000000e+00 -8.923447485495072939e+00 -8.335686678644027126e+00 9.354032561083128527e+00 -7.272560139565050541e+00 -2.178489580367313661e+00 -9.350095745314954243e+00 -3.962686727126179420e+00 5.410095495679472677e+00 -4.692975490081677137e+00 -2.302581487002106186e+00
0.000000000000000000e+00 -9.332196605238456399e+00 -9.563458944326351130e+00 9.715497639124420104e+00 -8.790031173792181463e+00 -7.644156217613855553e-01 -6.442972091770090337e+00 -2.502257144052038917e+00 4.156013657053104993e+00 -4.809474528641976221e+00 -6.885410813606526181e-01
0.000000000000000000e+00 -8.183588556125524605e+00 -9.967408422699953974e+00 1.009401661976801634e+01 -6.845140828170808156e+00 -7.095574469809328155e-01 -7.353795931827759702e+00 -3.223011227231233455e+00 7.806972837845602697e+00 -3.319643865911721559e+00 -1.937623395454956210e+00
0.000000000000000000e+00 -7.951924967279065726e+00 -9.108409376714881489e+00 9.984752300911470257e+00 -6.139349410283903019e+00 -2.911142730878303553e+00 -7.430645786732446467e+00 -3.655847061648207941e+00 6.400915971728123210e+00 -3.701917473118218282e+00 -2.687626133407164275e+00
1.000000000000000000e+00 5.531253683093991569e+00 8.831268837045511688e+00 -5.283487345963426840e+00 4.711162200227808405e+00 9.231539758316525734e+00 8.076778513872069354e+00 2.019767532113934561e+00 -4.237735307433472265e+00 1.713847693530479388e+00 2.260616635725990475e-01
0.000000000000000000e+00 -8.480901666306049691e+00 -8.969873238102465507e+00 1.033403961254334646e+01 -7.748248298728185546e+00 -2.304903727547864101e+00 -5.763901514907251666e+00 -4.705094449880442120e+00 5.766241215506720863e+00 -4.200456598597399172e+00 1.243022295852513892e-01
1.000000000000000000e+00 3.410250457815238612e+00 7.133506559378599121e+00 -5.525116098821961863e+00 6.334521774897828195e+00 8.745178773606115286e+00 7.402701024316759693e+00 3.099110394131971979e+00 -3.393008909480593083e+00 6.066063599024260622e-01 -6.005713879573585379e-01
0.000000000000000000e+00 -9.641126380916986705e+00 -7.743376075157742733e+00 9.983828401667921071e+00 -9.532678041147356396e+00 -1.883044657720465143e+00 -7.239902634991216779e+00 -3.022357833840658259e+00 7.080902716310641942e+00 -4.069372195931377334e+00 -8.976429476668518204e-01
1.000000000000000000e+00 6.764175371465016795e+00 9.749079524880734482e+00 -5.532763900903043819e+00 6.015798045224798329e+00 8.204182808361808910e+00 5.972064974712671059e+00 2.932496660924444942e+00 -1.549774235196007988e+00 1.370674902428349551e+00 -1.378418921767312622e+00
1.000000000000000000e+00 6.203411435858705580e+00 9.380575385272608813e+00 -4.793932756906547965e+00 6.241628198621601342e+00 8.405144149632747030e+00 7.896713655232692197e+00 1.986784479930991498e+00 -3.244716523809118236e+00 1.603606934824735264e+00 -8.830535423336551837e-01
0.000000000000000000e+00 -1.067351761017910405e+01 -7.350473041285504827e+00 9.176751704612822635e+00 -7.601275037016517189e+00 1.782037479791291901e-01 -5.630685785030204116e+00 -3.417386253106030836e+00 6.367037658489087981e+00 -5.281697385227337449e+00 -1.223951542008459681e+00
0.000000000000000000e+00 -9.295629351414044450e+00 -7.621175062462809180e+00 9.110596204448901503e+00 -8.993533020586987448e+00 -1.998498486974496169e+00 -8.006350733745204451e+00 -1.507881625975181716e+00 4.947003485501630493e+00 -5.287176773007640662e+00 -7.501922610109165168e-01
1.000000000000000000e+00 5.271929624845774320e+00 8.574681084970272593e+00 -4.803145769213857719e+00 4.316413367133165480e+00 9.590724641111599169e+00 8.039885227963617709e+00 1.972446138033481455e+00 -2.277828865757973276e+00 3.847776784651033566e-01 3.782231210230491136e-02
1.000000000000000000e+00 5.721833918318638190e+00 9.564687144791719220e+00 -3.692520174725636650e+00 6.478211144005552313e+00 9.450722236147782951e+00 7.160433282732977744e+00 3.115681578649589945e+00 -1.517357759494117442e+00 7.347937961155140973e-01 1.480003986940392480e-02
0.000000000000000000e+00 -9.204438347175029733e+00 -9.098120631678938253e+00 9.920800063547050129e+00 -7.279398851935536818e+00 -1.057386140415908837e+00 -8.384901423663883691e+00 -3.650917140013167916e+00 6.436140108661222214e+00 -4.226170098185036750e+00 -1.552005063045365008e+00
0.000000000000000000e+00 -9.907126795274450615e+00 -8.764101295477990661e+00 1.086458651415272136e+01 -7.984522888781762973e+00 -2.031739788050678897e+00 -6.867626905715153995e+00 -2.896161345309490098e+00 4.866774569571000519e+00 -4.992304593580513483e+00 -5.289932592749851947e-01
0.000000000000000000e+00 -1.029388154791650756e+01 -1.041973922501270344e+01 1.087543590364391299e+01 -7.061792490117603016e+00 -2.589175211240185348e+00 -8.965382173791340392e+00 -3.329323067014826609e+00 5.919262702171163681e+00 -4.179848032559297266e+00 -1.834529243253648412e+00
1.000000000000000000e+00 5.324137730183102768e+00 8.626345906246964290e+00 -3.512199929999070935e+00 4.714625222987642417e+00 8.412182545497968178e+00 7.985785254998488902e+00 2.701324586755973201e+00 -2.798673914439504085e+00 1.189656049169195429e+00 -4.525692276208144738e-01
1.000000000000000000e+00 6.630121953127739332e+00 8.490913212568777624e+00 -3.430225767306398943e+00 4.331691504047157082e+00 1.037161357893496572e+01 8.891569432622018709e+00 2.387128971713317505e+00 -1.627722880212166601e+00 1.211432145417804751e+00 4.393829829675222065e-02
1.000000000000000000e+00 5.522915331987216625e+00 1.025796021436843830e+01 -4.523967443375948250e+00 4.169019999296992296e+00 8.785752666895431773e+00 9.613089651352931142e+00 3.156066157316151255e+00 -2.844574693021153955e+00 3.545024976079403700e+00 -1.366380070715597306e+00
0.000000000000000000e+00 -9.602522188148078897e+00 -9.372792535547988635e+00 1.123057977831311938e+01 -6.866907346488708264e+00 -1.510300297267341607e+00 -8.129086400190738360e+00 -3.774773936993861323e+00 7.053288167323757740e+00 -3.936728582810382626e+00 -1.295259482393675832e+00
1.000000000000000000e+00 7.901461267766064722e+00 9.485315661831979384e+00 -4.489077237471911452e+00 5.067586820595091801e+00 8.431729980224385912e+00 5.897348704142392428e+00 1.641793790982061019e+00 -2.205018602450055543e+00 9.321115969541013957e-01 -1.518707854483510200e+00
1.000000000000000000e+00 8.017256736826453789e+00 8.822032789103641193e+00 -4.512539285139527401e+00 3.770922712082982020e+00 9.921807581477223081e+00 7.659018484517575054e+00 1.422941672284621983e+00 -2.302136799152361135e+00 1.833847337279165046e+00 -1.138474508792591378e+00
0.000000000000000000e+00 -8.337688701424479376e+00 -9.846910258717436193e+00 9.685463696034124936e+00 -7.598136483873080493e+00 5.046019729531421305e-01 -6.496406148273884185e+00 -4.636791360350756896e+00 5.607461675904398035e+00 -4.161560460319010168e+00 -1.502886438309791295e+00
1.000000000000000000e+00 6.292258369416503072e+00 8.733321630370951993e+00 -6.489780885671608601e+00 3.950666683124989476e+00 9.717868753790327219e+00 7.533859260990134032e+00 2.525945841847808904e+00 -3.702377180294285530e+00 9.915447362322634683e-01 -1.058357615432616639e+00
1.000000000000000000e+00 5.918435028231226802e+00 7.595484400626148158e+00 -4.556836894723776510e+00 4.132315782937216575e+00 9.536737320639328885e+00 7.347423696707617857e+00 3.678806674609885974e+00 -3.429091057526929998e+00 6.749767618569577632e-01 -1.068401037827263922e+00
0.000000000000000000e+00 -9.613118839246778791e+00 -1.060032373035759257e+01 1.141264626824769834e+01 -7.446922675341191677e+00 -7.974271611444936347e-01 -6.094190332401852928e+00 -3.036562601099337400e+00 5.264896908407723508e+00 -4.009452746468135764e+00 -1.880379334838189420e+00
1.000000000000000000e+00 6.289191676752474258e+00 8.563851321334920996e+00 -3.277170927042893922e+00 4.697449940189487805e+00 8.425173687164683400e+00 7.267322677110065854e+00 3.184549237879625849e+00 -3.318272900108449441e+00 6.755729203450133724e-01 -1.451069597181213311e+00
1.000000000000000000e+00 6.010523041852822601e+00 7.482773899249765215e+00 -5.486834877788747455e+00 5.964514801265059951e+00 8.711196241421335529e+00 8.294295043225023534e+00 2.030634116791334876e+00 -2.630044736198523303e+00 8.352153700349005394e-01 -1.589157580018469851e+00
1.000000000000000000e+00 7.954867823135717941e+00 8.937456020256275835e+00 -4.553780526777673643e+00 6.556471932742942599e+00 9.340880645677223981e+00 7.456743645338263171e+00 2.202979111865337014e+00 -1.452973342768148157e+00 1.172806485471413751e+00 -1.036746425689210049e+00
0.000000000000000000e+00 -9.169648822633785556e+00 -1.062141320358886887e+01 1.073942267462992817e+01 -7.048177490331674733e+00 -1.557300437639242308e+00 -7.444627351773140944e+00 -3.816659323450779517e+00 4.700485481520496833e+00 -4.269577616609380399e+00 -2.100089048304442763e+00
0.000000000000000000e+00 -9.531114600075378362e+00 -9.237429840519252977e+00 1.022769216302914330e+01 -8.157077744194998203e+00 9.132238870971240985e-01 -7.392191178445525424e+00 -2.655756015124203895e+00 5.230670155250757958e+00 -5.282119207266074312e+00 -6.646430754249414985e-01
1.000000000000000000e+00 6.900144662382900584e+00 8.988797253817910615e+00 -5.211588520328008123e+00 4.561257437360350941e+00 8.661062093078609081e+00 6.736753388871864701e+00 1.663680313714062997e+00 -2.876814129980496126e+00 2.203516488405615092e+00 -9.737862838496795792e-01
1.000000000000000000e+00 6.575776453277753397e+00 7.419889793967540115e+00 -2.968800276240139979e+00 4.014178245016191582e+00 9.661203905021467975e+00 7.102979806321134681e+00 1.766075727387607319e+00 -2.615838368505472022e+00 8.323552129481961437e-01 -9.193487755757160373e-01
1.000000000000000000e+00 6.821448864328777617e+00 9.406797110495734415e+00 -3.904015137889162546e+00 4.153008857278862820e+00 7.945314881224337711e+00 7.671756220476423138e+00 3.580889714434952520e+00 -1.698405890349890424e+00 8.649683652154448454e-01 -1.460690554931367124e+00
1.000000000000000000e+00 5.906481488585838768e+00 7.889978284232531003e+00 -5.567339123227244890e+00 4.470626044835866786e+00 9.778830298495979179e+00 8.589190826894251174e+00 1.914356573045487231e+00 -5.227931124231837146e-01 1.279216771412667430e+00 9.173304080205992861e-01
1.000000000000000000e+00 7.532686799873117955e+00 7.738072991054591121e+00 -4.392009620701907480e+00 4.316645297763299638e+00 9.688497971157429944e+00 8.748841733563532230e+00 4.293681669742563045e+00 -2.312731411850450947e+00 1.598725870999157639e+00 -6.677280249852227678e-01
0.000000000000000000e+00 -8.369600256731594357e+00 -8.971308338156282147e+00 1.077863223665305270e+01 -7.790923880576631433e+00 -1.606958683454057679e+00 -9.010592854701744869e+00 -2.567118724048004452e+00 7.028484831519891785e+00 -4.281891024565521953e+00 -1.289938014789627996e+00
1.000000000000000000e+00 7.094215944602022539e+00 9.096018286635549899e+00 -5.669130305879034992e+00 4.751071595295737637e+00 9.019481302864265970e+00 8.279043664125030233e+00 2.590201856703791883e+00 -2.829466473446766273e+00 1.642052224108756509e+00 -6.737242601157240607e-01
0.000000000000000000e+00 -1.024001632936354689e+01 -1.012701069165052736e+01 9.313618457871655210e+00 -7.721330407323472755e+00 -7.237684485104600718e-02 -7.420725237402331587e+00 -4.809413092316257021e+00 5.842024124522811945e+00 -5.234348135716595074e+00 -1.856351232643536964e+00
0.000000000000000000e+00 -1.005697784036053655e+01 -8.766960192490959258e+00 1.115368342100152432e+01 -6.808537409230352111e+00 -2.510969622747265539e+00 -8.065987069193134573e+00 -3.827092393866505571e+00 6.410661625399407981e+00 -6.252111645288394470e+00 -1.014986193760717192e+00
0.000000000000000000e+00 -1.011637784818046626e+01 -9.783840091074289091e+00 9.639404862853204747e+00 -6.376920650954106762e+00 -1.778053716542914220e+00 -7.603753570561388564e+00 -3.422994564848655052e+00 6.685188393533130657e+00 -4.765314036491381522e+00 -2.428943856521283085e+00
1.000000000000000000e+00 6.220878960618472675e+00 8.189812008263253063e+00 -3.004012472682096480e+00 3.988824659515404214e+00 9.374424921269165267e+00 8.965092242079963469e+00 2.276434216306027380e+00 -2.135549508974491584e+00 9.699415230039246660e-01 5.143708567666533948e-01
1.000000000000000000e+00 6.870322277965328794e+00 8.244112794572046710e+00 -3.475203438559242741e+00 5.044333863451769595e+00 8.233691206062498935e+00 8.337503956805457861e+00 3.656449224638224749e+00 -3.098550707211773947e+00 2.492485580448510429e+00 -5.956681581464844388e-01
0.000000000000000000e+00 -8.597354815850030363e+00 -7.618117403078183969e+00 9.185044374685073620e+00 -8.580718316142343483e+00 -1.371410239153643573e+00 -8.422524216215055759e+00 -4.443914217108209108e+00 4.608296532373402421e+00 -5.416274341517027580e+00 -5.246373798534631483e-02
0.000000000000000000e+00 -1.009142446244842262e+01 -8.727807703895225089e+00 1.106283868430522510e+01 -7.112130151522780608e+00 -7.439372601035242338e-01 -7.635462307562253415e+00 -3.548892368142822384e+00 6.516514386888790256e+00 -5.578990236350595211e+00 -1.885838488922534140e+00
0.000000000000000000e+00 -1.007938054262765704e+01 -9.365692409776194438e+00 8.959176704617451747e+00 -6.905268737300647608e+00 -2.744564595379416438e+00 -7.046684048918886667e+00 -3.276241445057403556e+00 4.702300231064003633e+00 -4.643272392837427986e+00 -1.115982786724103004e+00
0.000000000000000000e+00 -9.959260048047829272e+00 -8.611283095957929845e+00 8.733936891445445383e+00 -7.681460199522508248e+00 -1.329736496434867909e-01 -8.764561768474939285e+00 -2.739350695392844592e+00 6.122040802842124485e+00 -5.674091712207052218e+00 -1.688561968643604860e+00
1.000000000000000000e+00 5.611120996228665447e+00 8.838054939503718899e+00 -5.233174370973162404e+00 4.562131743897361424e+00 9.920693185541455961e+00 9.031573823993660710e+00 3.120629524234050045e+00 -3.144175259568810610e+00 1.377049121661519493e+00 6.313868898441188371e-02
0.000000000000000000e+00 -1.067016585836465836e+01 -9.298508416965685086e+00 1.085009645416191049e+01 -8.009265646957150153e+00 -1.402721217010046040e+00 -7.961759586767938046e+00 -2.643413335981669832e+00 5.568029977730485136e+00 -4.621125355323155937e+00 -1.774742998802243843e+00
0.000000000000000000e+00 -1.034749366284031957e+01 -9.364606771507975935e+00 1.018487409934171595e+01 -8.415569821834294473e+00 -9.672755380971691519e-01 -8.444945240274826403e+00 -2.634526284683131880e+00 5.498147120656361686e+00 -5.206726921358145077e+00 -1.331600801793253241e+00
1.000000000000000000e+00 6.781571481768559728e+00 7.888760549022422630e+00 -4.653299263485248360e+00 6.010981888141317064e+00 9.273925347977332478e+00 8.023290797431165799e+00 2.543304965396478767e+00 -3.341376801000151442e+00 9.342680011869750611e-01 -1.552510152439515512e+00
1.000000000000000000e+00 7.990895492676138190e+00 7.766041263483309365e+00 -4.637334493870234553e+00 4.407636781240022117e+00 9.643874857713338855e+00 9.369925845956508681e+00 2.798599438751312007e+00 -2.054453329187740263e+00 1.502681339110334413e+00 -1.547235148916829672e+00
0.000000000000000000e+00 -8.726190069794174775e+00 -9.621563834025470996e+00 8.101025768256944204e+00 -7.429528698251711916e+00 -1.052676954343455096e+00 -6.775944007155612958e+00 -3.940724874481951634e+00 5.419483989874096963e+00 -3.864280778915569758e+00 -4.826201249083807987e-01
0.000000000000000000e+00 -9.501560059304038575e+00 -7.695014355749131951e+00 9.537519238792581788e+00 -8.306623528437315329e+00 3.108844641542198861e-01 -8.285361308846656669e+00 -5.136135780254263317e+00 6.019704321613121856e+00 -3.732165425538050751e+00 -1.470780776114358757e+00
1.000000000000000000e+00 6.207364366726337401e+00 7.157539816084852902e+00 -4.430697280952000661e+00 5.963493313106951632e+00 8.989855515826846499e+00 7.209562338463510578e+00 2.001423027223181439e+00 -2.670978176413708827e+00 1.586795111826588389e+00 -5.278195804128691382e-01
0.000000000000000000e+00 -9.864537942784126656e+00 -9.387563153853980324e+00 9.130881360235527211e+00 -8.241324761308307600e+00 -1.098327953829064008e+00 -7.990342980012858476e+00 -2.832628128010026725e+00 5.570635344781837084e+00 -6.756954883741502549e+00 -1.808884994539786240e+00
0.000000000000000000e+00 -9.712941923157236701e+00 -9.101833800355127124e+00 1.035518850652475109e+01 -7.879765919130147012e+00 -2.270293456035202162e+00 -7.993204734161444946e+00 -3.344360691085220161e+00 4.777280743240027938e+00 -3.926696080182566995e+00 -2.034290790013272066e+00
1.000000000000000000e+00 5.176242091694968295e+00 1.099415884074936578e+01 -4.755552699372095127e+00 3.836889300875330200e+00 8.871582636861800708e+00 7.556748903724397337e+00 1.169193310609768943e+00 -2.375870443538292687e+00 2.558773078930075329e+00 -1.067874994387389753e+00
1.000000000000000000e+00 6.228526653697763038e+00 7.854750800261873778e+00 -4.979263169976575476e+00 4.039212722183954440e+00 8.416258584509508367e+00 9.500871162668216741e+00 1.824596851601366865e+00 -2.308190085810051251e+00 2.432061166786883888e+00 -9.667780532589210774e-01
1.000000000000000000e+00 7.574664190196769731e+00 7.425710985984602885e+00 -4.293503431422889705e+00 5.087425283754162031e+00 9.875495402392779454e+00 7.718526389002613897e+00 2.701845932187175059e+00 -3.016195893462533029e+00 2.421716546805369852e+00 -9.716382571908659394e-01
0.000000000000000000e+00 -9.623598045934167899e+00 -9.513851323714238362e+00 9.940736665081770340e+00 -7.355407038088015881e+00 -9.525992539131934445e-01 -5.336102319364188773e+00 -3.873277194209658880e+00 6.286873010234948822e+00 -5.993381059486146079e+00 -7.080327799245437204e-01
0.000000000000000000e+00 -1.121602068333011104e+01 -9.032834103228447375e+00 8.733184980793870622e+00 -6.032133455684663303e+00 -6.617620588550662264e-01 -1.049867631292941006e+01 -3.245390225299194853e+00 5.923449235565081850e+00 -5.813121978978141868e+00 -2.335797682630351702e+00
0.000000000000000000e+00 -8.517727685446864427e+00 -7.821120357287606240e+00 1.125782503661975653e+01 -6.153693552287348822e+00 -7.677189911093318386e-01 -8.582947679219856241e+00 -3.962683790805978656e+00 5.615178353793924160e+00 -4.148474225118030212e+00 -7.011318111165443234e-02
1.000000000000000000e+00 5.447507753394804197e+00 9.308234226196908878e+00 -4.499733715280476609e+00 4.345210710860335723e+00 9.019103278477691887e+00 8.502235338136131304e+00 1.371347796403161734e+00 -3.629472371619049120e+00 1.099875735283580847e+00 -5.332443734606461261e-01
1.000000000000000000e+00 6.886335715292151605e+00 7.277820340589902237e+00 -2.193473350431689006e+00 4.251428512950139904e+00 9.174351581923886556e+00 7.953972149595546881e+00 2.543307043026325154e+00 -2.164615538587950638e+00 7.749851986336444565e-01 2.519186471485372891e-01
1.000000000000000000e+00 7.573244082901569918e+00 1.000244284984313836e+01 -3.347229131139796365e+00 4.840479186032059289e+00 9.220468465430668559e+00 7.395297884260568999e+00 2.637790158010348662e+00 -2.282202602870964103e+00 1.303418568258104093e+00 -1.374846996097780494e-01
