1.000000000000000000e+00 -1.199453643073780329e+00 -8.717225098244249182e+00 4.270026144554990744e+00 -5.489158439019011126e+00 -1.760229360034649471e+00 -3.553754542550201734e+00 8.353972084237629048e+00 6.647157763020732801e+00 -6.708970390827542651e+00 -4.699999930328487174e+00
1.000000000000000000e+00 -1.151592883483068874e+00 -7.902468484989290332e+00 3.133117924204656290e+00 -5.941623494212537437e+00 -2.507786695127164567e+00 -5.014483529053284983e+00 9.576171238818709242e+00 5.935510931407204538e+00 -6.044797382468219737e+00 -6.297087036560621520e+00
0.000000000000000000e+00 -7.725057171986470017e+00 8.325571580364565349e+00 -2.405881516235643058e+00 -5.412942041331000098e+00 5.410751718069191085e+00 6.774453090969420721e+00 5.402539810427876787e+00 -1.551054549924562043e+00 1.051187564602305002e+01 -8.969235811541487635e+00
0.000000000000000000e+00 -1.041211868724654543e+01 8.315757617127093937e+00 -1.740360334222948335e+00 -7.388203278230241366e+00 5.064216358816986840e+00 6.419859833342237643e+00 2.414232887309224473e+00 -1.066498025473242572e-01 8.064841735505241971e+00 -8.801733785724129788e+00
1.000000000000000000e+00 -1.536924920638007119e+00 -8.585341804056572101e+00 4.150942891221403030e+00 -2.313066401275817974e+00 -2.934743814609095391e+00 -4.950743042944640848e+00 8.469212189526965417e+00 5.608625317550929523e+00 -6.845393801331672634e+00 -6.331698403219801818e+00
1.000000000000000000e+00 -1.384169107112582564e+00 -7.117765836193675533e+00 3.989438026176527430e+00 -2.493648693547588557e+00 -1.597596316389987781e+00 -3.805439637493790883e+00 1.051955873350199333e+01 4.983001433208702480e+00 -6.804415441501769912e+00 -5.959417081573457509e+00
0.000000000000000000e+00 -9.562909145557348722e+00 8.227341123313394178e+00 -2.834226798844326378e+00 -5.431978920588878879e+00 4.849365104486796696e+00 8.432207205707682007e+00 4.836991120661854104e+00 -1.935305030981595564e-01 7.216857550606276206e+00 -9.842763141736291743e+00
0.000000000000000000e+00 -9.319241559274685116e+00 9.487451027957627403e+00 -3.910474453420122121e+00 -6.798619677191967803e+00 4.268559914875447170e+00 6.778066290951994866e+00 4.890139150275953916e+00 -2.500240804663877991e-01 7.316390811847078623e+00 -9.237256955251343271e+00
0.000000000000000000e+00 -9.070296102179316478e+00 7.259086493716749189e+00 -7.384896403901746176e-01 -6.828673772715061929e+00 5.335642250277165211e+00 7.239784995428476755e+00 5.593256173780143392e+00 2.179252676247711573e-01 6.810969346354035281e+00 -1.018605479175008099e+01
0.000000000000000000e+00 -8.809676490190863518e+00 8.555272533742067864e+00 -6.184118778223657298e-01 -6.308366139940394746e+00 4.832425542895670389e+00 8.457029681517370889e+00 5.347900713408063389e+00 -1.784937078041889169e+00 8.583808826083123122e+00 -8.510355121472974460e+00
0.000000000000000000e+00 -9.738272275588119697e+00 7.633365407634584265e+00 -1.243873313590592611e+00 -8.363177946635588000e+00 4.370328468396720289e+00 7.939296571727650687e+00 4.107756977033423240e+00 3.558037162734417613e-02 7.569374567229920636e+00 -9.700920809913728959e+00
1.000000000000000000e+00 -1.360221416829923591e+00 -7.312224616022729329e+00 3.802612982029899058e+00 -5.294892579596856663e+00 -9.503241576335872409e-01 -6.439807072120212972e+00 1.088020191064421383e+01 7.207706919731956319e+00 -6.810007018486122554e+00 -3.808389670628451462e+00
1.000000000000000000e+00 -1.865751763320407486e+00 -7.554346345346973912e+00 3.932594996098882856e+00 -3.599688742278133180e+00 -2.213704336485993629e+00 -4.291008601574177739e+00 1.015004809115488449e+01 6.447358954300057121e+00 -5.609357090429349491e+00 -3.721539924196489046e+00
0.000000000000000000e+00 -8.877416559943645424e+00 7.927582323049480628e+00 -3.327693158491697112e+00 -7.864186061983975407e+00 3.123350314829108854e+00 7.683956483896290379e+00 6.145864748267136690e+00 -3.351634452335997549e-01 6.653896004523096153e+00 -1.037108936705128315e+01
1.000000000000000000e+00 -2.641192096877201578e+00 -8.291053235073857053e+00 3.678248051998545876e+00 -4.147682207852778191e+00 -2.219706089586869879e+00 -5.464361550874922813e+00 6.570514264593654730e+00 6.984538927487658810e+00 -5.395731948871059558e+00 -3.288807282922968867e+00
1.000000000000000000e+00 -1.711241143916005791e+00 -8.250406401022321035e+00 3.080103921464969474e+00 -3.719222071285681164e+00 -3.508345496912106398e+00 -5.277507294624999012e+00 1.095988814868263361e+01 6.318768778696563615e+00 -6.745690091385444731e+00 -5.540078608968551421e+00
0.000000000000000000e+00 -6.661946571569973941e+00 7.305320436718041321e+00 -7.262780684652525576e-01 -6.179290197183531674e+00 3.062803058218961816e+00 8.435619973672723759e+00 4.319856783091356789e+00 -9.180718078639226176e-01 8.295278899416716811e+00 -8.832861485923981348e+00
1.000000000000000000e+00 -2.323033962721163359e+00 -7.890510003275178263e+00 2.483002907667538395e+00 -4.064643934478533005e+00 -3.794068407302154888e+00 -5.476600190063420470e+00 9.507334502292660972e+00 6.433275807322893058e+00 -5.110124621446219706e+00 -3.629044933490403579e+00
1.000000000000000000e+00 -9.348077455018291015e-01 -8.160458130822064504e+00 4.951868828280168167e+00 -5.131580378740841830e+00 -1.954135304081584090e+00 -4.819677628176453510e+00 1.018802497928748529e+01 6.293610716943601524e+00 -4.972055645069779928e+00 -6.075331901891846798e+00
0.000000000000000000e+00 -9.687464013215100422e+00 6.840575109317553526e+00 -4.110942937919843665e+00 -6.035313040212150426e+00 4.320916882854452190e+00 8.459122682578822605e+00 4.347594290584032350e+00 -1.670471828331838271e+00 8.460666301454949689e+00 -7.388252983611188540e+00
0.000000000000000000e+00 -9.364483382350426766e+00 7.861404891140404416e+00 -2.715712652830521101e+00 -8.233857107669081188e+00 2.342681608764077161e+00 7.631886100980747045e+00 4.181307236007410388e+00 -1.619602271996653187e+00 9.058288555613197346e+00 -8.655448306396538172e+00
0.000000000000000000e+00 -8.798554745567361834e+00 7.575655877449302800e+00 -2.394700767767388161e+00 -5.452509252150524510e+00 5.309316734446553276e+00 9.178749990201435338e+00 6.535141169529593341e+00 -1.114317714762098843e+00 7.816347311729995972e+00 -8.785982688257870876e+00
0.000000000000000000e+00 -7.496592096729647103e+00 7.814289410288913551e+00 -2.217163132716795548e+00 -6.656292470419151286e+00 3.279292343446802427e+00 7.556726873212245899e+00 4.065029569086552108e+00 5.722742810756036302e-01 8.725353768734294135e+00 -1.037160833947247696e+01
0.000000000000000000e+00 -6.260991386193259345e+00 8.487014326745857318e+00 -1.071332285127577055e+00 -7.260845152718363948e+00 4.890643177475071823e+00 8.131392380202486336e+00 3.273072012738198033e+00 -1.183629982753987120e+00 6.276070077994408969e+00 -9.939289205532746863e+00
1.000000000000000000e+00 -1.713146832780911399e+00 -7.498158637624907641e+00 3.947254431646881834e+00 -4.092985052254939582e+00 -1.648216514550957745e+00 -4.312361032412028727e+00 7.626465950327720122e+00 7.248233985346281827e+00 -5.891764409113402934e+00 -4.205920389514004931e+00
1.000000000000000000e+00 -2.177720006515471152e+00 -8.744103387471490407e+00 4.644751457608360390e+00 -4.025215234993053670e+00 -1.721902916366378378e+00 -3.848539895055077764e+00 1.168051768059616435e+01 5.278865152266144278e+00 -5.493177610739114591e+00 -5.176368154488767637e+00
1.000000000000000000e+00 -1.704673402245990399e+00 -8.090539765117311433e+00 2.700055888909592916e+00 -3.452856012761820192e+00 -1.730192658727075727e+00 -4.519206154806640008e+00 9.495405606342522731e+00 6.596880960549958317e+00 -6.261698054219894338e+00 -2.961992684208267335e+00
1.000000000000000000e+00 -2.478124700545696335e+00 -8.308860801575265853e+00 3.711998719760743803e+00 -6.217617790334473149e+00 -4.005689660842357114e+00 -4.032393836805979070e+00 9.092019890195183862e+00 7.662142456928632051e+00 -5.969694479256535402e+00 -4.227627453232323695e+00
0.000000000000000000e+00 -7.166243736577817103e+00 8.067424172186953513e+00 -2.548241531385736280e+00 -7.788300387899878885e+00 3.004963313411624704e+00 7.109254653794043755e+00 4.941663840056675028e+00 -1.809203715034841231e+00 6.853161582772557381e+00 -9.182006277169415753e+00
0.000000000000000000e+00 -9.828672201205481684e+00 6.971809469871494969e+00 -2.850782197035923726e+00 -7.023995114818751162e+00 3.044006975215375110e+00 6.435844577829930913e+00 4.395807349289279742e+00 7.970946212686822463e-01 7.751740069829630819e+00 -8.539751473524972880e+00
0.000000000000000000e+00 -9.554456274027199214e+00 7.312075988808787841e+00 -3.064752197801082101e+00 -5.906849363850615653e+00 4.735341052630957392e+00 8.951222205454513414e+00 4.100910420151143931e+00 -1.845272038079763588e+00 9.214454527043731247e+00 -9.013227575966457294e+00
1.000000000000000000e+00 -1.479214373386549042e+00 -7.964508291718564337e+00 4.615313541045178880e+00 -3.835017266604372477e+00 -3.322497556091618343e+00 -4.103679763184063134e+00 6.770106111853317898e+00 8.264611149718165350e+00 -5.820935090778767140e+00 -4.541077753619109814e+00
1.000000000000000000e+00 -2.900958984909491445e+00 -7.645987970026587810e+00 4.417819770165537285e+00 -3.947644936321292430e+00 -2.650972465021965263e+00 -4.978211260571582919e+00 1.113359417289257536e+01 5.346736071578431115e+00 -6.055955933262639590e+00 -3.586323942938553166e+00
0.000000000000000000e+00 -9.303297512606537367e+00 8.524511707290121976e+00 -2.504887213194467943e+00 -6.431903102809382489e+00 3.256080029797919995e+00 9.534133636720188321e+00 4.442523737081366164e+00 -3.223199376764377178e+00 8.522014300685158972e+00 -9.298840128767778879e+00
0.000000000000000000e+00 -9.013928065152038371e+00 7.438220809130904776e+00 -2.190909855304755016e+00 -7.705607478352867190e+00 2.786384004253819047e+00 8.522135736272065998e+00 5.589416195722788139e+00 -2.047171699735438555e+00 8.825618833355916237e+00 -8.449380320573766312e+00
1.000000000000000000e+00 -2.193040367387237399e+00 -6.042840169145948792e+00 5.905542728421517396e+00 -3.190637981747838303e+00 -8.654837676243061217e-01 -4.554314369119595973e+00 7.902655543439185415e+00 7.050857095680218123e+00 -5.551721566764937776e+00 -4.755770681474053241e+00
0.000000000000000000e+00 -8.407444381129151267e+00 7.782622561763536062e+00 -1.608197442594196946e+00 -7.250395830330632840e+00 1.024300644410617966e+00 8.347823605652347823e+00 5.118225086065775642e+00 1.070458830358867131e+00 8.000868244096546178e+00 -8.807876663067951029e+00
0.000000000000000000e+00 -1.044404594778590400e+01 7.738999064375937209e+00 -2.937980090031342417e+00 -6.967645003802251047e+00 4.338765572211327637e+00 8.705572865120382531e+00 4.209430388472680917e+00 -1.060323257319637724e+00 7.841518425124981206e+00 -8.481184029471890540e+00
0.000000000000000000e+00 -9.986755420284486817e+00 7.326147101835383424e+00 -1.781946495108902795e+00 -6.389028394566571123e+00 3.779856983732213571e+00 7.448134146591129934e+00 4.520307018625306483e+00 -1.225186280494647395e+00 7.997064414180239389e+00 -9.899846756034367701e+00
0.000000000000000000e+00 -7.780765459050861033e+00 7.176246385740978617e+00 -1.451889823260649415e+00 -7.832331233900461598e+00 2.187817238338685133e+00 6.792357060029957871e+00 5.508651853349610938e+00 -1.489117888405969481e+00 7.975589096631059860e+00 -1.035710967263827342e+01
1.000000000000000000e+00 -2.695410202988346882e+00 -9.335826527974671052e+00 4.424066321379322986e+00 -4.077790619506811431e+00 -2.981829094591378126e+00 -4.703975577564175836e+00 7.866584298688898969e+00 4.963768018237484370e+00 -6.508691767216077118e+00 -5.438104034764638328e+00
1.000000000000000000e+00 -2.998694810587849702e+00 -9.048087548787977497e+00 4.341185198059621442e+00 -2.079587312696391521e+00 -1.795596417732786554e+00 -6.427763380265050230e+00 9.250511819808680869e+00 6.030948735177402042e+00 -5.605368345068263203e+00 -5.486364810068032227e+00
1.000000000000000000e+00 -1.975124245523295574e+00 -8.038194177156436027e+00 7.684784889531073304e+00 -2.651322198488993642e+00 -1.403695244629673322e+00 -5.744360900110159207e+00 1.039091104863712900e+01 5.826630421076218092e+00 -5.764578400849796225e+00 -4.939379949825725369e+00
0.000000000000000000e+00 -1.036716090925074063e+01 9.485638382212659536e+00 -1.929127296300256367e+00 -7.180900642160881198e+00 3.453908784788195518e+00 9.365895081272286760e+00 5.778254948103612065e+00 -3.078466062042532148e+00 8.238987138200309701e+00 -9.622931511692407014e+00
1.000000000000000000e+00 -1.541554300986690773e+00 -9.041195821554005363e+00 3.204770158286727177e+00 -1.715580088067438114e+00 -3.424167351824805028e+00 -4.652218409947055378e+00 1.017349713113738296e+01 7.103766088793797451e+00 -6.414938088510828251e+00 -4.156980034938476010e+00
0.000000000000000000e+00 -8.589384794602667128e+00 7.571933588255245873e+00 -2.852358440233796699e+00 -7.600714931842328603e+00 3.767358167156870774e+00 6.766127243862619878e+00 5.936275612079271013e+00 -1.025106080220685500e+00 5.968293835140410231e+00 -7.737003260442798513e+00
0.000000000000000000e+00 -7.504022687057624097e+00 7.142073083855103199e+00 -2.578809994737912614e+00 -7.811515444822303422e+00 2.109815653712099337e+00 8.957125775985392835e+00 6.785234443371627400e+00 -1.910818551579657631e+00 7.329801251096826675e+00 -8.278668468358146626e+00
0.000000000000000000e+00 -9.275696263129979968e+00 8.408594765227526580e+00 -1.706657754064386801e+00 -5.540691558517123916e+00 3.380060116612577659e+00 7.223986899646090087e+00 3.488917937825139148e+00 6.268221470201047474e-01 7.172019915715030614e+00 -9.619870585296167675e+00
1.000000000000000000e+00 -1.642337207500652596e+00 -8.313531692239433113e+00 4.044481771486338140e+00 -4.172831194645036490e+00 -9.310672708219378535e-01 -6.482964847733514446e+00 1.027773108622143461e+01 6.540642051264152101e+00 -6.218353546967927414e+00 -4.888944530299962565e+00
0.000000000000000000e+00 -8.634517029337965610e+00 8.984924126036496261e+00 -1.909289354045365261e+00 -7.617387286863218421e+00 1.616917627403067659e+00 8.888620637123333168e+00 4.329378601074868271e+00 -1.412078995474707943e+00 8.569631372575997830e+00 -9.924197968529840708e+00
0.000000000000000000e+00 -9.140490320716818218e+00 7.682818500211379131e+00 -2.423780253645726468e+00 -7.221942446043271957e+00 3.015098188688173142e+00 9.299002325825144410e+00 4.207378817096564916e+00 -8.589459999476067864e-02 7.434747186904490768e+00 -9.583494469011075267e+00
0.000000000000000000e+00 -9.878394288648463473e+00 8.993071578192315840e+00 -2.444513236156951930e+00 -7.374555050561454550e+00 5.710788375902057012e+00 7.322741927206667611e+00 4.726978947732367153e+00 -8.846280038294631609e-01 8.750877108032845797e+00 -9.011586635493419095e+00
0.000000000000000000e+00 -8.957503871785917227e+00 7.642792886610353165e+00 -1.363717165794473329e+00 -6.845582026501542572e+00 4.710777941548935033e+00 8.496322978561082095e+00 5.614964347828227176e+00 1.225395838152754102e-01 6.389580707748776511e+00 -9.485756218884811020e+00
1.000000000000000000e+00 -2.837403716206853055e+00 -9.778517053136930315e+00 2.981980679839450588e+00 -3.080951172356056311e+00 -1.429236280509460721e+00 -4.288477456608470462e+00 9.455790729407210549e+00 5.190906355399111050e+00 -5.896264180150507350e+00 -5.054802134860292284e+00
1.000000000000000000e+00 -2.325112110958740708e+00 -8.524735798088270755e+00 4.484624169392149362e+00 -3.544854294524282690e+00 -3.440510282799796649e+00 -5.847263955631938792e+00 8.981377604339384035e+00 7.744041963447817700e+00 -6.244068159834127663e+00 -4.121970249391442742e+00
0.000000000000000000e+00 -7.212395399249743377e+00 8.244529719542811108e+00 -2.395245557093363509e+00 -8.124285301443453733e+00 1.848086836864978544e+00 9.730001992558120705e+00 4.775961120788610792e+00 -1.343107885257547540e+00 7.230606413381572395e+00 -1.057293340930175241e+01
1.000000000000000000e+00 -2.938604073692096641e+00 -9.068366047581561062e+00 4.574269077074079703e+00 -2.310741796056506647e+00 -2.209680970927375476e+00 -3.784928094919109309e+00 9.091104330110747256e+00 5.582624078538378498e+00 -6.850753258687098501e+00 -5.806473295197429607e+00
1.000000000000000000e+00 -2.405397432597828455e+00 -8.967922021636429264e+00 4.771980918603293986e+00 -2.513416147240062237e+00 -2.295380638980851096e+00 -3.802017795940351608e+00 9.090721845251932720e+00 7.289958401094104978e+00 -5.041050985797594031e+00 -4.030751960467325645e+00
0.000000000000000000e+00 -7.919195400164303678e+00 7.648826022411746806e+00 -1.984164783367170282e+00 -7.140213268401133462e+00 4.111716154380143706e+00 8.871345466680722325e+00 3.446491637434003330e+00 -6.380977956914768434e-01 6.598391276444988129e+00 -1.016287540579064519e+01
1.000000000000000000e+00 -2.024197703159092310e+00 -7.360247421308059756e+00 3.121234142032026426e+00 -3.582164823147885091e+00 -1.607066038244966855e+00 -4.734734113176694237e+00 1.008451117268823261e+01 7.072129088424023990e+00 -4.872665168524933144e+00 -5.752986907200238420e+00
1.000000000000000000e+00 -1.272932061928105929e+00 -9.195014718169401746e+00 5.284719847160057604e+00 -3.454077156341561761e+00 -2.214860960969789794e+00 -3.394855399387235906e+00 7.825388074283356588e+00 6.964980143274120294e+00 -4.234650406590115601e+00 -4.057455207259278218e+00
1.000000000000000000e+00 -2.931183689374793566e+00 -8.309645003817452746e+00 3.353834241581542308e+00 -3.298801453635000325e+00 -2.773414637742635858e+00 -3.655097066286429275e+00 9.497903530754854273e+00 6.299391018200816816e+00 -5.959402428929855944e+00 -4.191610877338992402e+00
1.000000000000000000e+00 -1.660867899239113488e+00 -8.748263031270958834e+00 3.307459087026336508e+00 -2.748662741490992989e+00 -2.776385384993611538e+00 -5.048062818293860055e+00 8.957484693039882373e+00 8.178278068411341195e+00 -6.143117114628977582e+00 -4.146858142653910839e+00
1.000000000000000000e+00 -3.467018223671095356e+00 -9.186467536760041241e+00 5.248647289626543255e+00 -2.907295050553151405e+00 -2.426714898196203229e+00 -3.738314075303343920e+00 8.852365491783727336e+00 6.750316043615357309e+00 -5.871982220633053196e+00 -3.992041358972137299e+00
1.000000000000000000e+00 -2.808003711454927220e+00 -6.656340256617542472e+00 3.985287905590765067e+00 -2.303067501962186014e+00 -2.770454740306786068e+00 -5.308982536876345470e+00 8.721274341300762956e+00 6.163373995222188206e+00 -6.892217504638529668e+00 -4.601957919439734646e+00
1.000000000000000000e+00 -1.640055530886464386e+00 -7.958624949197256271e+00 4.109346930097383499e+00 -3.861387354656885762e+00 -7.808834959446790958e-01 -5.266143714581245305e+00 1.012690746897582272e+01 7.214162759813699921e+00 -4.632491556503609331e+00 -5.360037864553311771e+00
1.000000000000000000e+00 -1.781136639987276560e+00 -8.226736382109148593e+00 3.427256418862212328e+00 -3.573890552579212176e+00 -2.185033354240366155e+00 -2.989800411051826146e+00 8.945115858654837382e+00 6.802194660683589689e+00 -7.174312477024914259e+00 -4.723450508798783254e+00
0.000000000000000000e+00 -8.127339286767956139e+00 7.351546272390024228e+00 -2.177004826758170974e+00 -6.165327514431598210e+00 4.166738144694873469e+00 7.389786390231197544e+00 3.896076371540396988e+00 -1.898655042520801306e+00 7.305556520773430762e+00 -9.199729109958456164e+00
0.000000000000000000e+00 -7.085871733645566550e+00 8.624184432143055190e+00 -2.988802532200815598e+00 -6.800615979813514400e+00 3.265637601255821476e+00 8.267393388453918135e+00 3.898530649981104990e+00 -2.545310545107384304e-01 8.177803612160783331e+00 -8.627601130334356938e+00
0.000000000000000000e+00 -7.824688539979788970e+00 8.650690002933046685e+00 -1.981099361981970786e+00 -6.664918697556274196e+00 3.438645968453550861e+00 6.790599773469457645e+00 4.236528415327271979e+00 -1.159669636445390450e+00 8.104740699370774237e+00 -9.782298925605839912e+00
1.000000000000000000e+00 -3.687509893103191772e+00 -6.095230162862787182e+00 4.505046439001611169e+00 -3.473999691696630254e+00 -3.865005306828951603e+00 -4.025960092119820644e+00 8.936643726019893208e+00 5.877855326082452869e+00 -6.474131308551019259e+00 -5.002467656023059206e+00
1.000000000000000000e+00 -2.245837408345709107e+00 -6.663689935865130920e+00 2.851446621871762233e+00 -4.630356724171488025e+00 -2.466952172297392387e+00 -2.396750663045550844e+00 1.114399254341745404e+01 5.391626272341732751e+00 -5.822886963328238075e+00 -3.522710290413310297e+00
0.000000000000000000e+00 -8.736625095630012439e+00 7.195816275197785217e+00 -1.783561445622004138e+00 -7.536666077586787971e+00 1.809743455242733390e+00 7.904706633034443541e+00 4.616190707688002881e+00 -2.407567417659606690e+00 7.282689401881079050e+00 -9.595810796652937569e+00
0.000000000000000000e+00 -6.873918075644100512e+00 7.480442847776917148e+00 -4.580712408853551132e-01 -8.181716115724416483e+00 3.216315894651650353e+00 8.386967267017949368e+00 3.787999211077563100e+00 -9.751274497856142753e-01 6.475498770492781553e+00 -9.460364647012632133e+00
1.000000000000000000e+00 -2.489239884297982819e+00 -8.184037439908484757e+00 3.040768199676078254e+00 -5.564163124610653988e+00 -2.152575447994298230e+00 -2.720913127026352463e+00 9.651142080031537063e+00 6.224571490517905481e+00 -6.901828135231090400e+00 -5.206762023261051198e+00
1.000000000000000000e+00 -1.820570755783957440e+00 -8.126897210969273644e+00 3.849281627008080076e+00 -2.409268158211832933e+00 -1.319569764234882037e+00 -4.922717383216916431e+00 9.523824904790004098e+00 6.115673872561279367e+00 -5.957571788434521842e+00 -6.041696655062743559e+00
1.000000000000000000e+00 -3.687162723135485543e+00 -9.007152355742109151e+00 4.332277762044625113e+00 -3.736340693124601486e+00 -2.740611875776549855e+00 -5.353445499608846525e+00 9.523056892707620236e+00 5.457737740791937853e+00 -6.039107055809928681e+00 -4.174726123219673291e+00
0.000000000000000000e+00 -8.834189214782586674e+00 8.103923361346023313e+00 -2.411512071580510952e+00 -6.722896675271035072e+00 4.617812946872825286e+00 9.180419289699262464e+00 4.484503366505131261e+00 -7.446370945579627865e-02 6.559785283656655253e+00 -9.520557327808253589e+00
0.000000000000000000e+00 -9.447211487858401924e+00 8.455641578636875266e+00 -3.033269676094164424e+00 -6.968572926297290415e+00 3.941320360744725804e+00 7.065339954917682519e+00 3.886870278465752726e+00 -2.119859325985355980e-01 8.002601973027648086e+00 -9.009927029797982101e+00
0.000000000000000000e+00 -9.023270521110788422e+00 8.535211886223855515e+00 -2.690303016685501092e+00 -6.947540533241642002e+00 2.501024221999347041e+00 6.827839681104233449e+00 5.592273405063759029e+00 -1.536384248539065300e+00 7.711099143758581853e+00 -8.985613241243507687e+00
0.000000000000000000e+00 -7.746378368852877117e+00 8.417192013870455014e+00 -2.300056382272899214e+00 -6.991322103118771558e+00 3.251241688428285759e+00 7.338620229462844868e+00 6.002940000705470069e+00 -1.959367470222715957e+00 7.547773998409211593e+00 -9.845491747406006411e+00
1.000000000000000000e+00 -1.618602026254535531e+00 -6.832443538845191178e+00 3.622230518488403384e+00 -3.411938838848156852e+00 -6.096332189184667794e-01 -4.805007779251227795e+00 8.182776863353183217e+00 6.768157626529025528e+00 -5.804356253382837671e+00 -5.456200509771953477e+00
0.000000000000000000e+00 -8.084912671774203474e+00 8.268184271451470835e+00 -2.695479206157952667e+00 -7.408306432967536104e+00 2.004018065291532480e+00 6.744252721329683453e+00 3.326915814321033338e+00 -2.778606886202555915e-01 8.028943464266305341e+00 -9.582911612835806281e+00
0.000000000000000000e+00 -8.945991734414967311e+00 8.298319966315904850e+00 -2.475981944754548358e+00 -6.773543683736042098e+00 3.970132736809367735e+00 6.838708075385119045e+00 3.072495259698342807e+00 -9.062973384962894619e-01 7.399736977881569366e+00 -9.812435366791161684e+00
1.000000000000000000e+00 -2.478547767584202255e+00 -7.389599056467955229e+00 3.973091957058039192e+00 -2.828119540177428615e+00 -2.526543459911446021e+00 -3.630814003303402870e+00 1.076978732163718888e+01 7.489729312387464866e+00 -7.514674269540845941e+00 -5.648234223424296374e+00
0.000000000000000000e+00 -8.252989826324011347e+00 8.459703946333824831e+00 -2.012407298093816355e+00 -5.815651719018181787e+00 5.660261651089765422e+00 7.114891055537214015e+00 6.050471905983597409e+00 -1.489740984689395198e+00 8.284606742069064111e+00 -9.292690892696285232e+00
1.000000000000000000e+00 -1.662682052072598449e+00 -7.662138152379075251e+00 3.406826412617917299e+00 -4.447673080585832217e+00 -2.469050934972070621e+00 -4.729454445529980511e+00 9.197478800272575583e+00 6.646378121858458776e+00 -5.107391584764411796e+00 -4.814460800759074566e+00
0.000000000000000000e+00 -8.872835566734487145e+00 7.881033919479823346e+00 -3.254034649950559466e+00 -7.152015173352762822e+00 3.004883283020026497e+00 7.314770485568307556e+00 4.197726849697067664e+00 -2.862656031436835447e-01 8.802119132628055453e+00 -9.797786000422998853e+00
0.000000000000000000e+00 -1.045076725075189827e+01 8.603363168390229632e+00 -2.915655593885592367e+00 -6.915575673549367863e+00 3.810093961419049879e+00 8.235609846249509758e+00 4.600585293218020233e+00 5.898820782777260963e-01 7.312036130728226446e+00 -8.391842280212845395e+00
1.000000000000000000e+00 -1.562178065407176852e+00 -8.549607499368143237e+00 3.305485850633207878e+00 -3.530991773171856529e+00 -3.576490939048206918e+00 -6.118867627385375485e+00 8.195216670250937696e+00 7.193097266033661619e+00 -6.414021752793026998e+00 -4.543105602807621324e+00
1.000000000000000000e+00 -3.336776759957390759e+00 -7.521988779509827694e+00 2.620580201532426656e+00 -3.568838231434391162e+00 -2.385371405301718095e+00 -4.693536382377108573e+00 9.217199980604020126e+00 6.787481553920437172e+00 -6.093628698395997745e+00 -5.297556420433167546e+00
0.000000000000000000e+00 -8.958872581675613844e+00 7.326012721525322569e+00 -2.563852462323135128e+00 -6.352992788926250078e+00 1.643559680336527773e+00 6.547816576177035941e+00 4.310615594766695757e+00 4.184943199023838378e-02 6.961037418370765728e+00 -8.160113350477928407e+00
0.000000000000000000e+00 -8.022439053440875156e+00 8.929639764135927749e+00 -3.094255601909650544e+00 -6.201352296367555361e+00 3.962722398622231967e+00 7.992590846761237877e+00 5.850600425341236921e+00 -2.369989014158899732e+00 7.075792126156064121e+00 -9.061589588580154953e+00
1.000000000000000000e+00 -1.850930104884963567e+00 -7.826874803954343207e+00 3.987540476403320433e+00 -4.156572132110147422e+00 -3.012001914698943406e+00 -3.895322600749291375e+00 1.043934399841317173e+01 7.227358267913975176e+00 -5.872032455725690880e+00 -4.195521434637611513e+00
1.000000000000000000e+00 -2.386514535686737659e+00 -8.214528070143927607e+00 5.780262160358291545e+00 -4.712588232881055106e+00 -1.502583180210551816e+00 -3.197043109418298279e+00 8.715407063613838545e+00 5.187785197420502925e+00 -5.870924856971232231e+00 -4.345696001892529026e+00
1.000000000000000000e+00 -3.055170145641946444e+00 -7.755001685787911825e+00 6.336294242268817101e+00 -4.196991366417321956e+00 -2.432935933669097217e+00 -4.221899048429055057e+00 1.000085129891208169e+01 6.294600931456300508e+00 -6.170527893103842310e+00 -5.466021447995759175e+00
1.000000000000000000e+00 -3.321739342962400254e+00 -8.661034801978594544e+00 3.827792243937774064e+00 -2.034395531587716910e+00 -2.141958136862510020e+00 -5.359516288689145647e+00 8.581146434425493297e+00 6.120992596532694563e+00 -6.784339392353717635e+00 -3.542622215902684335e+00
1.000000000000000000e+00 -2.966931339311585258e+00 -7.868581932114936173e+00 4.989744321023362517e+00 -4.669300733872001175e+00 -2.579429977119267026e+00 -5.114600992951190861e+00 9.605212757785386302e+00 6.061857198057714946e+00 -5.443399901582775868e+00 -4.157497880913328281e+00
1.000000000000000000e+00 -1.064957705766027107e+00 -9.002915546946880454e+00 4.513872537911533200e+00 -2.786702087644809644e+00 -1.306253122534552169e+00 -5.125212880617942446e+00 9.548611189225573170e+00 7.010802086697837332e+00 -5.910927096425482752e+00 -4.631338048839316990e+00
0.000000000000000000e+00 -8.306159429150433482e+00 6.600367237874516846e+00 -2.862082777776174147e+00 -6.602743594283882800e+00 4.823674646361354235e+00 9.158085176662371651e+00 6.056609462248662368e+00 -9.684143192374395914e-01 7.562808781010244452e+00 -8.328359031586316519e+00
