1.000000000000000000e+00 -6.585454596357236845e+00 -6.949159032313461992e+00 -6.862444285034462688e+00 -4.946915333765358191e+00 3.488753902306368726e+00 -4.251868283580029217e-01 1.012520298427040544e+01 -7.218609868390859496e-01 -4.761548215580424515e-01 -4.714535914898366542e+00
0.000000000000000000e+00 -1.828400403365743276e+00 6.554459530745682549e+00 8.780910752009706499e+00 -1.663730008829202189e+00 6.026897628223133907e+00 7.111628188284644381e+00 6.032415149768092233e-01 3.821948430359956905e+00 7.704420394936966066e-01 -1.135649629601006438e+01
1.000000000000000000e+00 -5.573632290341962836e+00 -7.179589533551875569e+00 -6.345027342686100802e+00 -5.202862065629896726e+00 2.921821921541049694e+00 -8.398877951556569244e-01 1.017873488822958095e+01 -4.867714590379934037e-01 2.071553126085077801e-01 -3.406784994226277341e+00
1.000000000000000000e+00 -6.176234236422097013e+00 -6.340681317945584539e+00 -5.773295720311812040e+00 -4.823144254216296112e+00 3.310884545262443801e+00 1.693668164873686655e+00 8.904894535753049567e+00 -7.261290092694284715e-01 -9.021733125162711975e-01 -4.210657001383683706e+00
1.000000000000000000e+00 -5.983310051326087731e+00 -7.024395066926144793e+00 -6.009185486072834870e+00 -3.555604226643222177e+00 2.044593336021127694e+00 -9.986710351128293972e-01 9.019983311225090006e+00 -8.365821457899204061e-01 6.666339169661732456e-01 -5.028216803892576081e+00
0.000000000000000000e+00 -1.411115077262796502e+00 7.249057805758096329e+00 9.130907485082509822e+00 -2.452555374722203752e+00 6.642104789383703078e+00 5.966339642985206027e+00 2.421242429491736736e+00 3.089539575554374196e+00 1.407059632436802543e+00 -9.286554152932666284e+00
1.000000000000000000e+00 -5.676817456949068585e+00 -6.111371876131787673e+00 -6.403695610893530343e+00 -4.212626079090213693e+00 2.631735652275258186e+00 6.816995155786533811e-01 9.295068666803592450e+00 -3.221982853813439296e-01 7.788076530247992624e-01 -4.881752183374475251e+00
0.000000000000000000e+00 -2.827271157935004720e+00 5.426785266162545085e+00 7.972868481248160499e+00 -3.447191940481167727e+00 5.698764073333638436e+00 5.703152710935849079e+00 1.785913756401191321e+00 3.395439750371004539e+00 2.239540418538673805e+00 -8.759038869855292120e+00
0.000000000000000000e+00 -1.706840090039053459e+00 7.175503985392976070e+00 8.039242359905383495e+00 -4.011565553999005829e+00 6.700283478100236501e+00 6.012152726478970699e+00 1.892436195636876040e+00 1.864621430569831873e+00 1.764097048530348433e+00 -1.058156468834583919e+01
0.000000000000000000e+00 -2.889639123456272607e+00 5.603753544616853155e+00 8.409152013889402255e+00 -2.267306442277166489e+00 6.982052385803796390e+00 5.397478051916103858e+00 1.466375062134294360e+00 2.204618161022444678e+00 3.073953528622807241e+00 -8.811666455234533402e+00
0.000000000000000000e+00 -3.680733010228227631e+00 6.262737599486484896e+00 8.444839156724336604e+00 -5.076973103867549852e+00 7.468389318579637504e+00 6.361100547707700059e+00 1.611662157495483250e+00 1.593719842895862771e+00 9.016486625168509406e-01 -9.435679425286265243e+00
0.000000000000000000e+00 -1.484323549048038871e-02 5.837732805156735871e+00 8.312970626484100123e+00 -3.697555830320279124e+00 8.073488810313733666e+00 6.452579988522495924e+00 1.168065438644022791e+00 1.039062261900111972e+00 8.024501640326833218e-01 -1.017273337694926028e+01
0.000000000000000000e+00 -4.452131316486436230e-01 6.451560404184066400e+00 9.413160848363176569e+00 -4.102692318762102275e-01 5.703972544187392302e+00 4.028334105683856414e+00 8.931797797087408508e-01 2.919045489173157204e+00 2.492464906144405745e+00 -9.134841515253517841e+00
0.000000000000000000e+00 -1.821730074435449431e+00 6.055643654919337315e+00 8.769746367775789864e+00 -3.503519899617922650e+00 5.691526979128857633e+00 7.258000623821139641e+00 1.721446942479007980e+00 3.078263410839017222e+00 1.894684001069884216e+00 -9.758093343500096495e+00
0.000000000000000000e+00 -5.917959601072642073e-02 7.672125126355705760e+00 9.168879403523149563e+00 -4.144999990114601296e+00 7.069769068109986954e+00 6.264315471016404402e+00 2.225479672983604829e+00 2.256555394136095849e+00 2.714967605022836850e+00 -8.181516219865503814e+00
1.000000000000000000e+00 -6.489283872863301106e+00 -4.907345458872196531e+00 -5.618209208642570118e+00 -2.831984363771919533e+00 4.573145544452446032e+00 -1.094539747682395925e+00 8.588436552090538356e+00 -4.147649126000945152e-01 2.860907980089668068e-01 -4.041930781226759528e+00
0.000000000000000000e+00 -1.429860724843591280e+00 6.949370783609673197e+00 8.790322860573176911e+00 -2.366127543169308289e+00 8.311328019408586343e+00 5.818291369710578032e+00 1.955017499763426869e+00 2.750553892156007318e+00 3.143687183223701442e+00 -8.870369641525396531e+00
1.000000000000000000e+00 -6.967100650440684717e+00 -8.419706415707111091e+00 -5.564418302747878187e+00 -4.083781564172719314e+00 2.918815146684942796e+00 -1.381576116956555023e+00 8.999636927699739886e+00 -1.103865015849446296e+00 2.411450760667938065e-02 -4.595284082584031538e+00
1.000000000000000000e+00 -6.205285191771984010e+00 -5.499825959192691016e+00 -5.242757198777354688e+00 -5.873333584473422242e+00 1.430558832519052137e+00 -1.203717830482469608e+00 1.009257783865522740e+01 -1.614652938330769727e+00 3.599021816666188589e-01 -3.385705928070875892e+00
0.000000000000000000e+00 -9.764080855982605334e-01 6.688425197193688554e+00 9.624679062389537521e+00 -2.842776891201135747e+00 5.632016256686211975e+00 5.456753221342188986e+00 1.878147241593065786e+00 1.827296446703133626e+00 1.906444148924004711e+00 -9.931250814136223681e+00
1.000000000000000000e+00 -7.339278046803166866e+00 -6.422529637561090077e+00 -5.198207804862428283e+00 -3.896925999631431825e+00 2.059558256755388506e+00 -1.516078449630511304e-01 8.976783599120771839e+00 -1.258004627576716716e+00 4.417364821890972237e-01 -3.555585638209206145e+00
1.000000000000000000e+00 -5.778381170933929667e+00 -6.794396201362028265e+00 -4.675078003579868025e+00 -5.247904474266655406e+00 2.322016766966018775e+00 1.519629911316162874e+00 8.923072961779160650e+00 -7.196812314938993982e-01 -2.413592451040336151e-03 -3.743941486862752743e+00
0.000000000000000000e+00 -2.156938268148309135e+00 6.911478869469462438e+00 8.506577909394435366e+00 -4.019049616985299167e+00 6.122902407090476729e+00 5.363641765784405102e+00 2.447205795813065521e+00 1.348232683309058988e+00 1.957674383844237642e+00 -9.879458376413206011e+00
1.000000000000000000e+00 -6.963650331072027022e+00 -5.823689332489968784e+00 -5.078652009845723292e+00 -5.315232542980370845e+00 4.228867092905792546e+00 7.316062393385655005e-01 7.564800910919699639e+00 -2.992875932954360829e-01 -8.852196485379881796e-02 -4.404959931847881371e+00
0.000000000000000000e+00 -6.625417193594538290e-01 6.436655638529111378e+00 8.228702206308691203e+00 -2.606059585183406746e+00 5.869258884290013079e+00 6.881923136001036667e+00 3.922429555642795718e-01 2.316410112684121891e+00 2.553134227222656705e+00 -1.169205647742470688e+01
1.000000000000000000e+00 -7.474697095080676590e+00 -5.999721330811559561e+00 -3.792956755734072427e+00 -3.712478597390189705e+00 3.414974876693257499e+00 -3.912596324457923158e-02 9.209560453216818487e+00 7.428209082317949186e-01 3.255107934037700379e-01 -3.813320649381629845e+00
0.000000000000000000e+00 -2.160552672919970885e+00 8.135653742419865608e+00 8.447452167757100838e+00 -2.786643294199233623e+00 5.474415063609558985e+00 5.634798932372289570e+00 9.501522955627439426e-01 2.077152494201140343e+00 3.321659816963806744e+00 -1.088475113763269242e+01
0.000000000000000000e+00 -1.936907052349787550e+00 4.671401420774771829e+00 9.330402435044486964e+00 -3.224216701909617733e+00 7.183385569474060262e+00 5.626480150384455925e+00 8.128650456045778405e-01 1.488903741354924648e+00 1.101591055910688510e+00 -1.078828946791465704e+01
1.000000000000000000e+00 -6.173781191795585599e+00 -4.673836355132194420e+00 -5.259455493369440404e+00 -3.951090217236147506e+00 3.831603925590191917e+00 -3.036754393065309032e-01 8.891222980685867583e+00 8.690397840583874434e-01 9.406950567714288391e-01 -3.975028896468499884e+00
0.000000000000000000e+00 -2.183901928908185130e+00 6.535148848925365961e+00 1.097203224223733287e+01 -3.245292562420203808e+00 7.598468424750387307e+00 6.864511289916949366e+00 1.558573123339021427e+00 2.907913658757973696e+00 1.396688437885492018e+00 -1.018440640271339781e+01
1.000000000000000000e+00 -7.857332242434335257e+00 -6.486028272988915155e+00 -5.196728624110974692e+00 -2.718572055660438913e+00 3.636352498684281453e+00 -4.908430515641847292e-01 8.277005466248612109e+00 -2.454517445631999584e-01 1.134721391815475933e+00 -2.601669445094074717e+00
0.000000000000000000e+00 -4.430860704618369006e-01 6.464990778928426884e+00 8.657675764772751137e+00 -4.153004191988637572e+00 7.060194317948712772e+00 5.439834559470166475e+00 1.586968887369377468e+00 1.794003602485913396e+00 2.208396419311281722e+00 -1.071175019830053365e+01
0.000000000000000000e+00 -9.712460203128681080e-02 6.357374973132109197e+00 8.502318974303163301e+00 -1.185015620308055739e+00 5.388266823669411565e+00 6.216475226107208485e+00 1.605220949420552490e+00 1.184153855988020920e+00 1.670911950166286353e+00 -1.019399857572087065e+01
0.000000000000000000e+00 -2.198843866050709472e+00 5.700966510320137459e+00 8.050529671792617137e+00 -3.334951259110842336e+00 7.604018101855196221e+00 5.320626191686866235e+00 1.151291954897829983e+00 3.078576792057876155e+00 1.700098465173546680e+00 -1.067297237221558426e+01
0.000000000000000000e+00 -2.169733973546555728e+00 6.573681896777114453e+00 8.178438227128266291e+00 -2.493400404062792397e+00 5.661857790445812277e+00 5.509904661154647165e+00 -2.038968292181408959e-01 1.643610680806007363e+00 2.611237471217898509e+00 -9.800346174909702057e+00
1.000000000000000000e+00 -7.544604905218938562e+00 -6.475323194714754038e+00 -7.022519275597001176e+00 -5.266473915807787343e+00 2.744887757207147949e+00 -3.750809535212542567e-01 9.463944781125624317e+00 -1.873225462540513808e+00 1.050354096271475468e+00 -4.020025605835883198e+00
0.000000000000000000e+00 -3.497568666779051760e-01 5.717483702811878565e+00 7.650336333694324864e+00 -2.219009791883247651e+00 7.206982479350197757e+00 6.425549616940603670e+00 1.852501326970344309e+00 2.109895272566007840e+00 2.092273305725593335e+00 -1.020077169384382998e+01
0.000000000000000000e+00 -3.483190526724140312e-01 7.897588737022391392e+00 7.286831874380790275e+00 -2.661223886044701281e+00 6.474926681454756583e+00 6.501495860282371808e+00 2.750371758644243769e+00 2.355567276127715548e+00 2.109330270862790790e+00 -1.092876313677905742e+01
1.000000000000000000e+00 -7.532108422701058181e+00 -4.526863717660114972e+00 -5.428942816852197595e+00 -4.740566308438835641e+00 2.172607012661838866e+00 -2.125935748015041482e-01 8.539753861150815695e+00 -6.313731751974203110e-01 1.728465960758770459e-01 -4.776858973418026011e+00
1.000000000000000000e+00 -7.409024508510937856e+00 -6.096109710001542226e+00 -7.480155705998514648e+00 -3.777616891277717937e+00 1.438340124385761643e+00 1.291636077077007227e+00 9.279776670508020686e+00 1.074146437103635776e+00 -1.216034414198597036e+00 -2.356360271096144654e+00
1.000000000000000000e+00 -5.788362314439387646e+00 -5.016141689837226636e+00 -5.525512153512420532e+00 -4.660987898603351276e+00 3.679392157606111269e+00 1.069155349646180753e+00 9.425364803031706984e+00 -2.001398624769059609e+00 -2.369470858585471795e-01 -4.644103671376419662e+00
0.000000000000000000e+00 -2.076049243339555872e+00 5.552689265309870059e+00 1.077603708752931055e+01 -3.327158978829149572e+00 6.626527688524809001e+00 5.826213724723076304e+00 1.122637294479005732e+00 1.075156176614372017e+00 1.294586598449977588e+00 -1.148490918382760384e+01
1.000000000000000000e+00 -7.476901022908471361e+00 -4.970805986601794402e+00 -5.733810331942804872e+00 -4.266823770054941178e+00 8.246227428397110426e-01 -5.313307449565828344e-01 9.638184216958036288e+00 -2.906367972896765073e-01 -4.961019949197755796e-01 -3.614131361598157621e+00
1.000000000000000000e+00 -7.894221504184562477e+00 -4.876806796008171574e+00 -6.386563626528658943e+00 -2.762711538640795439e+00 2.583186629165421522e+00 4.052799061779592815e-01 7.833172311803179966e+00 6.109665789919289658e-01 -3.059939274588699964e-01 -3.897171110565911256e+00
0.000000000000000000e+00 -1.414503053500089536e+00 7.866844176195278315e+00 8.782795545404118442e+00 -4.062210763268068625e+00 7.068398222667636510e+00 7.278208167567449927e+00 1.536880036786436587e+00 3.047671499389212446e+00 7.931722852789502287e-01 -1.146422001680736535e+01
0.000000000000000000e+00 -1.383025992162325135e+00 8.043729691317277997e+00 9.298738562440094668e+00 -2.897749057130898365e+00 6.408859760082456170e+00 6.011550288991854174e+00 8.478408397880037306e-01 1.118286810357705940e+00 1.503203803055944920e+00 -9.730124913280082666e+00
0.000000000000000000e+00 -2.386833644083209194e+00 3.521649035972967745e+00 8.218223924818561343e+00 -5.169029467199993455e+00 8.397372081730965832e+00 4.083411280675631083e+00 -7.374130751956777807e-01 3.921356919702883026e+00 1.394050749881391216e+00 -9.894344489247117735e+00
1.000000000000000000e+00 -7.476632948605981710e+00 -6.780054162716393051e+00 -7.394458605217784530e+00 -3.266141149079866857e+00 3.286879796786145835e+00 -4.447798336603808744e-01 8.500137784019081266e+00 -9.135948722859125182e-01 -8.980913697343455571e-01 -4.435230244887776507e+00
0.000000000000000000e+00 -1.939436119543513248e+00 5.747719735804849961e+00 8.086605675021075967e+00 -2.432301825676721041e+00 6.142339850095920539e+00 6.210755854319544689e+00 1.008753896834479136e+00 2.324594466072071430e+00 3.050866416703484241e+00 -1.202498092162893073e+01
1.000000000000000000e+00 -7.563749854228218439e+00 -5.449780600526058727e+00 -6.109252431558710228e+00 -4.375205841698095455e+00 2.506020081108241371e+00 -1.134772722159901326e+00 8.019520769700715590e+00 -9.241179116295492602e-01 8.194621332924797441e-01 -3.850711177726181766e+00
1.000000000000000000e+00 -7.210398102080077365e+00 -6.858350743089785873e+00 -5.170478646469816475e+00 -3.620936582854954899e+00 2.004524124624558645e+00 -9.531798836026872390e-01 7.918243665025524791e+00 -1.144430178862680503e+00 1.254408496166028453e+00 -2.879197832489293063e+00
1.000000000000000000e+00 -7.410455665140831982e+00 -4.839992150583553254e+00 -4.476883729257924216e+00 -5.405838930954177890e+00 1.196548834607575884e+00 -4.970648003266923132e-01 7.909123465857205382e+00 8.050856702654451968e-01 4.061176726844345497e-01 -3.617440124513951805e+00
1.000000000000000000e+00 -7.077232536867471779e+00 -5.006842666469972336e+00 -4.851705309120849741e+00 -4.039853453319008025e+00 2.902501553632332421e+00 -2.501036023603231406e-02 7.453734617890806824e+00 -8.532777314587223216e-01 -3.645280878505194888e-01 -3.000605045348154754e+00
0.000000000000000000e+00 -2.564011413523947347e+00 5.384730779092526731e+00 9.883823155614622991e+00 -1.384690398477094631e+00 7.381982121192422142e+00 5.854122143248571497e+00 1.545444205392144443e+00 1.465535117564726431e+00 2.722277380767267996e+00 -8.282990566449580427e+00
0.000000000000000000e+00 -2.662801676845686583e+00 5.813334065498033887e+00 8.865515526899848453e+00 -4.366796095135200062e+00 7.512506269568412165e+00 5.445033967758602600e+00 1.018026994762210480e+00 1.112834714211095033e+00 1.759044058240253561e+00 -1.051623108471912715e+01
1.000000000000000000e+00 -6.567938244591851493e+00 -7.130294827236507871e+00 -4.838223641170180223e+00 -3.805974222412880970e+00 2.553287185317060892e+00 -1.086309659873579303e+00 8.481837214099851252e+00 -4.897352940045673897e-02 5.397452235099908791e-02 -3.589363639357859626e+00
0.000000000000000000e+00 5.788719401693760425e-01 7.247987156196073144e+00 7.538131900864684098e+00 -2.767999815801466479e+00 8.120090997139804756e+00 7.321245597800531080e+00 1.967617848282934512e+00 1.729595005183441003e+00 1.701060006988093676e+00 -1.084147548742816092e+01
1.000000000000000000e+00 -6.652194463133266567e+00 -5.819333579831180714e+00 -3.803864404165865576e+00 -3.702402286888564209e+00 4.114830742152575382e+00 7.624393643272514565e-01 8.861902634146620272e+00 -5.556103303976263064e-01 1.146497936554037089e+00 -3.737498516212989674e+00
0.000000000000000000e+00 -9.506609915418059442e-01 6.757187724138839613e+00 9.272183236617939528e+00 -3.188631182744255721e+00 5.132814775115692285e+00 4.935533098239883287e+00 1.060020300889532141e+00 4.194549600361190400e+00 1.227734581315738538e+00 -1.014223527235961875e+01
0.000000000000000000e+00 -2.606608437789254218e+00 4.634450983274618352e+00 8.233750381177420863e+00 -3.957811436644228742e+00 5.511879463053601214e+00 5.775883912838100542e+00 1.182916473846315597e+00 2.154881544611320976e+00 1.441988983211624831e+00 -8.168412397712227602e+00
1.000000000000000000e+00 -4.743989409892036768e+00 -5.710588694104833607e+00 -5.847576426185297827e+00 -5.169533403601494825e+00 2.765442268008719395e+00 1.213740840168335555e-01 7.988381329252396412e+00 -7.562520966365319230e-01 -9.125676084336503679e-02 -3.519674070329490423e+00
1.000000000000000000e+00 -6.570012952357302538e+00 -6.590071984159457052e+00 -5.864872649576208019e+00 -5.078907467951125909e+00 2.663239680393487685e+00 1.079365575902056840e+00 8.169317657211832895e+00 -4.093841653113773904e-01 5.244968513090589868e-01 -5.183760775346133443e+00
0.000000000000000000e+00 -3.165597504577791099e+00 6.194715162689044874e+00 9.659801546532419181e+00 -3.140650527078765464e+00 6.575764270319315763e+00 7.724620655662303825e+00 -5.993547374177634612e-01 1.476339842366227506e+00 1.807062936416073962e+00 -1.018387328532496916e+01
0.000000000000000000e+00 -2.373547970220935888e+00 4.318749664743260830e+00 1.052755648173181946e+01 -3.486867374981837298e+00 7.315901107495125011e+00 4.869779179349171372e+00 1.434893925160763084e+00 1.391859156032587697e+00 2.040825331432467582e+00 -8.268767327699212188e+00
1.000000000000000000e+00 -5.434532839701113005e+00 -6.816500731528893908e+00 -6.046241811794414112e+00 -4.479451709812987126e+00 2.288640428983719222e+00 -1.202612344581661885e+00 8.296093188411996167e+00 -2.602505610409693304e-01 1.450928904044151979e-02 -3.421454270209754345e+00
1.000000000000000000e+00 -7.031476446305773287e+00 -5.787467688576809266e+00 -5.858637185752510135e+00 -3.104859951096674564e+00 2.492399011899704586e+00 2.349932464734276194e-01 8.790889661991819537e+00 -2.867110567357750162e-01 -6.796179319945263586e-01 -3.625307883218032323e+00
1.000000000000000000e+00 -5.897258200945667994e+00 -4.895770185254272988e+00 -5.179916744536756212e+00 -5.389448941996771936e+00 4.920528287610881790e+00 -3.493055260681521279e-01 8.616259280447827962e+00 -1.287685602986797351e+00 -4.338796871486404472e-01 -2.929206247185833334e+00
1.000000000000000000e+00 -6.111911214582764984e+00 -5.970524778232079832e+00 -7.557616030874508617e+00 -5.517173141327948116e+00 3.447912897251236952e+00 1.879360953003385237e+00 9.939746256386470691e+00 -1.422440849860852286e+00 8.628225217035434547e-02 -3.084204168727451290e+00
1.000000000000000000e+00 -5.975219398285750216e+00 -8.103804154377955982e+00 -7.605636752510235965e+00 -4.427181816423519933e+00 2.566922808850105930e+00 -9.411635747261085094e-02 8.275779635483235808e+00 -1.484333500589440247e+00 -1.086727284318844688e-02 -3.658941442175382974e+00
1.000000000000000000e+00 -7.486843292528611471e+00 -6.162997986638069747e+00 -7.082412452226720667e+00 -3.548238357557546685e+00 2.103103422894140540e+00 -1.040494822219844295e-01 8.714052099914761484e+00 -1.185667284097548180e+00 3.992343072697756567e-01 -4.933745826220143904e+00
0.000000000000000000e+00 -1.903188357152240995e+00 5.114568488042538164e+00 8.593279132905285778e+00 -2.508362932723855021e+00 7.233407371820324450e+00 5.968625576353055351e+00 2.600101296385936012e-01 2.279566852825947176e+00 2.058524658656890605e+00 -9.860468768144643903e+00
0.000000000000000000e+00 -3.211399196178105875e+00 7.208061730586759808e+00 8.544528373872612548e+00 -4.274638729773096557e+00 8.604222318979909190e+00 7.102090176950335731e+00 8.466433740732299817e-01 3.156583814127757570e+00 1.745589812039095801e+00 -1.131419700052739330e+01
0.000000000000000000e+00 -1.585579047906402028e+00 5.465291629181797894e+00 8.621528081025529033e+00 -3.409734320486202730e+00 7.397860784440452697e+00 5.351755589182555894e+00 1.107866325465067581e+00 2.905301727170402248e+00 3.299873356324082962e+00 -9.817959651369022822e+00
0.000000000000000000e+00 -1.719623455866488460e+00 7.783450823871563173e+00 7.240298324356277959e+00 -3.002000968223005550e+00 7.347242497502462832e+00 5.809632007019825295e+00 9.342374755739556447e-01 2.567444503053144977e+00 1.998008134842073957e+00 -1.187720893589482252e+01
0.000000000000000000e+00 -1.733635648463761170e+00 4.983173712829546353e+00 8.753247486982200343e+00 -4.629893938800665687e+00 6.784307625438518841e+00 5.357927134976947947e+00 1.398996883285557047e-01 1.545827718855276700e+00 3.116574576746852010e+00 -1.074064154212902800e+01
0.000000000000000000e+00 -6.763319879815199442e-02 7.137197509112024107e+00 9.132253497118295371e+00 -4.822106099139896962e+00 6.976014045229578464e+00 6.935188553335102313e+00 6.282595169837035254e-01 1.659704049031925921e+00 1.659792500063379306e+00 -9.230459180419217091e+00
0.000000000000000000e+00 -1.951154269840747135e+00 8.535310274983146428e+00 9.218848537659804165e+00 -3.057858168499370422e+00 6.193825661105869074e+00 5.299795610389336886e+00 1.364818624079510156e+00 1.566873330332446912e+00 3.000564623966400113e+00 -1.005376335647842723e+01
0.000000000000000000e+00 -2.571208061426466074e+00 6.053667170357742933e+00 8.775289869551718525e+00 -3.812741665317095574e+00 6.539296086184243961e+00 4.043078177936950013e+00 3.020316931195285992e-01 1.942390263055440158e-01 1.574742936683592776e+00 -1.038532738839974989e+01
1.000000000000000000e+00 -5.397797121631153772e+00 -3.063891877110794582e+00 -6.026117304257442520e+00 -5.427215116758343783e+00 3.110374671101345356e+00 1.542490114599423645e+00 8.130981174106278075e+00 -4.984834392518033841e-01 1.752505369259281798e-01 -4.215184869027308601e+00
1.000000000000000000e+00 -5.694907193053963645e+00 -4.437395118600311328e+00 -3.996247633303740887e+00 -3.812388922737568464e+00 3.828617521875476992e+00 6.227154123464520019e-01 9.839395955594476106e+00 -2.101981167445672760e+00 4.217832263750131983e-01 -3.397190336206282524e+00
1.000000000000000000e+00 -6.236054899218771652e+00 -5.602645988110404929e+00 -6.098213051704773235e+00 -4.063794560062300221e+00 1.956752074067659830e+00 -6.357742179936654026e-01 8.874426020503252133e+00 -4.953003780731518035e-01 -9.004421891958547253e-02 -1.975731298915085254e+00
0.000000000000000000e+00 -2.957866669759079414e+00 6.813087915074857115e+00 8.435037651846171158e+00 -3.248616171078047010e+00 7.317717427707009392e+00 6.032010929515067232e+00 1.570561260534423020e+00 2.891766512038199455e+00 1.245123816382741611e+00 -1.057188444208639488e+01
1.000000000000000000e+00 -6.110829452326491662e+00 -5.102209701648641627e+00 -6.153871682312260560e+00 -5.686165222678489783e-01 3.104804179607220327e+00 -1.017333514549164653e+00 8.399500506574611336e+00 -1.141309555643284623e+00 1.853727945454228587e+00 -4.545911198347812210e+00
1.000000000000000000e+00 -7.647635769319313326e+00 -5.674256884410156410e+00 -5.287253079247665966e+00 -4.535355690995958255e+00 1.378138281782267827e+00 6.791249494095428219e-01 9.561991934334335141e+00 1.163413286007988212e-01 6.244834642667720370e-01 -3.868573330303542335e+00
1.000000000000000000e+00 -7.117715755183072091e+00 -7.002744508637713139e+00 -5.880992492405035854e+00 -4.872906159087909472e+00 1.476082446515436519e+00 -6.299856605425940836e-01 1.014705457859248661e+01 -1.870691146394442006e+00 1.154023120519366952e+00 -4.944502981970225086e+00
0.000000000000000000e+00 -5.723723969873075745e-01 5.544175565657117666e+00 8.502317608844705887e+00 -2.081438609079542701e+00 6.528079981598584602e+00 6.453807406958583570e+00 1.782326441355627011e+00 2.005808368665284558e+00 1.247180682237680527e+00 -1.022834004169190258e+01
1.000000000000000000e+00 -6.915287898247912679e+00 -5.072526259080982314e+00 -6.427763920913135642e+00 -4.309449144977981483e+00 2.108148594337666992e+00 -8.330076539670036029e-01 8.850565055784866075e+00 -1.699724217126101333e+00 -1.301782493442879662e+00 -3.585502619350950049e+00
1.000000000000000000e+00 -6.616026158988445260e+00 -6.325748033186390451e+00 -6.140794822835683675e+00 -2.714740546273565869e+00 2.430837471084446033e+00 6.966572931618617015e-02 1.029083050228079976e+01 -2.039627784746925077e+00 -1.114837615820367445e+00 -2.882050540298690233e+00
0.000000000000000000e+00 -3.175672212902833635e-01 4.860624443573215991e+00 8.854124424912221514e+00 -2.344545510892381834e+00 5.737257927480559516e+00 5.394666160032216773e+00 2.447976070133456084e+00 7.906633982943034322e-01 2.045997730817846971e+00 -1.077147910701627431e+01
0.000000000000000000e+00 -2.827824218505521792e+00 8.551854846122477483e+00 6.563489302124823510e+00 -2.064348975570162725e+00 8.031994858918592328e+00 6.793458977070661930e+00 -3.419479486690844006e-01 2.327480482006940132e+00 1.881631459491942993e+00 -9.414530597415200930e+00
1.000000000000000000e+00 -8.839520450678252317e+00 -5.544089876185974042e+00 -4.220483186784870888e+00 -5.401855550296890129e+00 1.235178019910126102e+00 -3.200885624710921862e-01 8.568078569362747032e+00 -1.751858681442267640e+00 4.587720991751215172e-01 -2.840950632617184723e+00
0.000000000000000000e+00 -1.032141546451690761e+00 7.720020883354164809e+00 8.927351443210014281e+00 -3.260010733816558037e+00 7.121951619670282341e+00 5.735430859842137963e+00 1.074891893995317149e+00 2.592266713545545720e+00 1.858930971743482097e+00 -9.164005670739619802e+00
1.000000000000000000e+00 -6.205021661218360407e+00 -6.038416473306501331e+00 -6.120505671572391115e+00 -3.219546190678816977e+00 2.960442305993448375e+00 1.968974994371263665e-01 9.094689797918766416e+00 3.645568609412670469e-01 -5.664478660047056469e-02 -3.551086501306997878e+00
1.000000000000000000e+00 -5.637544675821233753e+00 -7.204775910568930186e+00 -5.891646742075899112e+00 -4.900852462918394714e+00 9.462858406827900914e-01 1.381666925270321311e+00 1.012763551379696914e+01 -7.338643973938572262e-01 7.893735834386891859e-02 -2.536257123947570413e+00
1.000000000000000000e+00 -5.949566791702449287e+00 -5.258512435182125522e+00 -6.042624758534312690e+00 -3.050382198569573156e+00 1.616642198364209637e+00 -1.690602749163040985e-01 9.681201282717012191e+00 -5.867827868422688109e-01 8.151089272079378723e-02 -4.226256648139085748e+00
0.000000000000000000e+00 -2.201919027835816056e+00 5.242892539505408678e+00 8.378430988787561873e+00 -5.104903747569455419e+00 6.623935737230185694e+00 5.953763889509501084e+00 1.711102094621253844e+00 -2.113003322231938874e-01 1.297251488855241330e+00 -8.541954076004659058e+00
1.000000000000000000e+00 -6.201698635829434814e+00 -5.291674870438373368e+00 -6.128981633072273283e+00 -3.251487049230850079e+00 3.068266694495969560e+00 -1.028088284875135150e+00 8.450964847212217634e+00 -1.386268902680385384e-01 8.885752027364705041e-01 -3.476513164280220280e+00
1.000000000000000000e+00 -5.731545145829961996e+00 -4.281071144023728792e+00 -4.608008680318298467e+00 -4.299916120086059834e+00 2.384217090767259073e+00 -1.197884859020143189e+00 8.798758247963842649e+00 -1.254305017126025934e+00 3.847692624027720387e-01 -3.365610625894296160e+00
0.000000000000000000e+00 -3.221351449376323117e+00 4.120614057825244814e+00 7.658244653626976373e+00 -2.257313040483903688e+00 7.070009703354184438e+00 5.273667809299562137e+00 3.435357216419686610e-01 3.128573988768346581e+00 1.235774992005438833e+00 -7.929050733652102778e+00
1.000000000000000000e+00 -6.296214019375908855e+00 -5.801204082473822687e+00 -8.075290949155684572e+00 -2.748847520057764005e+00 3.416007944746423330e+00 9.137377793765508738e-01 9.637379749841770149e+00 -1.108564586755703019e+00 5.915700467631423987e-01 -3.719900962439636416e+00
