0.000000000000000000e+00 -6.323966514987242604e+00 8.149109696321151119e+00 -7.107500919066019662e+00 3.686851863193699064e+00 -8.549706304418540626e+00 -4.919140354605384680e+00 9.434878914003718364e+00 -6.039758893836730813e+00 1.597217194886319191e+00 9.538055746818059788e+00
0.000000000000000000e+00 -6.230720923196462202e+00 7.112800883791952522e+00 -8.383642661079083069e+00 2.854947149837832931e+00 -9.333349493552921317e+00 -3.290894766617331157e+00 9.734494521618749729e+00 -4.775087208807775596e+00 1.633679102938879746e+00 7.305223388599897838e+00
0.000000000000000000e+00 -5.479733157877909377e+00 8.133247808480168928e+00 -6.736168575423747917e+00 3.434406909810036712e+00 -8.919062617170132157e+00 -2.643361627150877524e+00 9.906123890415683420e+00 -6.359313938514192799e+00 2.850892312107392801e+00 8.746134995389388322e+00
1.000000000000000000e+00 -8.083728344255375120e+00 -3.764093076427046825e+00 2.040388457956547441e+00 7.798867269463441332e+00 6.894235380511264388e+00 -8.293878783319804882e+00 6.098415962679410995e+00 2.981442904835553520e+00 2.121321247730107107e+00 -1.898299101798212041e-02
0.000000000000000000e+00 -4.772187055819134827e+00 1.010039818969807968e+01 -7.808856937925257924e+00 4.226054066515644081e+00 -8.634599824924837463e+00 -3.429191747569618087e+00 9.405282377620991952e+00 -7.116853400339219426e+00 1.764464542130239622e+00 7.691556561558646976e+00
1.000000000000000000e+00 -6.933378669266232919e+00 -1.487529400848488059e+00 3.209132379251889766e+00 6.705406321105246370e+00 5.861850967086610353e+00 -8.575250600658851141e+00 6.053649260820995082e+00 1.722350021007066800e+00 2.776809953658702312e+00 5.485114914078628168e-01
1.000000000000000000e+00 -6.057418334345353372e+00 -1.738575157876838917e+00 2.362559341253088530e+00 6.655841780533471308e+00 6.741106510297732335e+00 -7.571743052708535870e+00 5.308304393247102126e+00 3.367655754294746728e+00 1.869810152394389746e+00 4.287595185810890719e-01
0.000000000000000000e+00 -4.608971432811395985e+00 8.511628660605202512e+00 -8.478282025752740481e+00 3.241598234382331079e+00 -8.134262174295601611e+00 -3.603321252102725580e+00 8.004581302050633340e+00 -4.969426729231511963e+00 4.059517692960833202e+00 8.955797303694422951e+00
1.000000000000000000e+00 -6.293017022346871769e+00 -3.808454665489936275e+00 2.483558479825414889e+00 5.909231120683357652e+00 7.167181490422422918e+00 -8.650233223312691067e+00 4.950727157202200246e+00 5.465101477931043616e-01 2.630872987760383364e+00 1.385101337516719378e+00
0.000000000000000000e+00 -5.521597305341241935e+00 8.011451010356681834e+00 -8.510396367027922793e+00 2.169389914503438987e+00 -7.939956475221116250e+00 -3.704751152618689591e+00 7.643736632122268837e+00 -6.025667193808781796e+00 2.126732833034547632e+00 8.775539051390888190e+00
0.000000000000000000e+00 -5.988044074863010380e+00 8.988382597947341068e+00 -6.094727847994452219e+00 3.323295349033156931e+00 -1.031321736911346321e+01 -3.915827069165984220e+00 8.827930068463018642e+00 -4.340915503862209590e+00 1.746569056638721307e+00 9.975790943784467402e+00
1.000000000000000000e+00 -6.222474797628096077e+00 -2.353750544036074199e+00 2.221474715292993007e+00 7.139235235860125428e+00 6.998541005169179208e+00 -8.997453711431520063e+00 5.329026750624223041e+00 8.276339953163025509e-01 2.440958359545962519e+00 4.286849726487659828e-02
0.000000000000000000e+00 -5.388588316135223266e+00 9.597068517716436986e+00 -6.873692932340899731e+00 3.753837311503556595e+00 -8.374015942865069562e+00 -3.633236206524407930e+00 1.019445716176489114e+01 -5.741349506750733411e+00 2.064600908472257412e+00 7.383762124995771003e+00
1.000000000000000000e+00 -5.483279670289426200e+00 -2.542887765848618198e+00 1.810805720342655523e+00 6.664925435798375375e+00 6.363989923529633330e+00 -7.718967123513018613e+00 5.947584017641819543e+00 2.436983301781074474e+00 2.287381093937040255e+00 -1.582966398114308837e-01
1.000000000000000000e+00 -6.460208071997989521e+00 -1.523053686398904816e+00 2.409839859617377122e+00 4.888960270498207805e+00 4.715999126063627145e+00 -7.372105021767604072e+00 6.270172864217387954e+00 1.772233733460916394e+00 2.171474434158815470e+00 -3.839658804768931732e-01
0.000000000000000000e+00 -5.847646049136972835e+00 9.848018395341973985e+00 -7.834361707052618584e+00 3.415303990161041803e+00 -8.813628923201166643e+00 -4.011738847563479204e+00 8.423813999614901959e+00 -5.579079401237165392e+00 2.016078223288053639e+00 8.021269723615144898e+00
0.000000000000000000e+00 -5.584897992505533537e+00 8.912128153357391724e+00 -8.715576811768450227e+00 3.792899463410039917e+00 -8.859517498568967753e+00 -4.874121756403727801e+00 9.635568132007204412e+00 -6.024066225626995674e+00 2.274114328866022383e+00 6.879191371004057309e+00
0.000000000000000000e+00 -4.111711624443201707e+00 9.292733388169430953e+00 -6.767204021673526526e+00 2.776008414808162517e+00 -6.563522247915306806e+00 -5.156984842080681197e+00 9.935404900997209410e+00 -6.409634674002720800e+00 1.017331339454387695e+00 8.438153980926951903e+00
0.000000000000000000e+00 -4.754006346779741321e+00 9.015657305312487324e+00 -7.631264161517086642e+00 3.054346155882622149e+00 -9.946687709269378175e+00 -4.116862240136980766e+00 9.528793660614160999e+00 -4.922156592642268791e+00 1.125166183229701966e+00 7.456658808038668873e+00
1.000000000000000000e+00 -6.192788274398395743e+00 -2.822663856388514692e+00 2.266570755872907572e+00 6.600011206789887730e+00 6.121032303623790582e+00 -9.303378271862685622e+00 4.307030957430733054e+00 1.829438272764937201e+00 2.355026289264062545e+00 1.572480814634295232e+00
0.000000000000000000e+00 -3.178411522374140485e+00 7.010109841204372749e+00 -5.232218277686074615e+00 4.055114941503228820e+00 -9.353069793325483161e+00 -3.470384453254913737e+00 1.023255999755046552e+01 -5.754733807190140382e+00 3.021406004373651477e+00 7.431419025613936746e+00
1.000000000000000000e+00 -7.286700708750834643e+00 -3.216145155985812298e+00 1.036438612257741143e+00 5.462159909118550871e+00 7.276781224067423892e+00 -6.876465990858773303e+00 5.160775285669582324e+00 2.086858058530769000e+00 3.183417603398068785e+00 -5.491368493148347518e-01
0.000000000000000000e+00 -4.308469613194322534e+00 8.994157890852251924e+00 -5.411196377606644070e+00 2.844715014119904239e+00 -8.220855378397484259e+00 -3.573154903070645982e+00 9.043445549500745528e+00 -4.530226994171751009e+00 1.585267632407326932e+00 7.110471460767045393e+00
1.000000000000000000e+00 -6.738484218698684636e+00 -3.695628525708990253e+00 1.753605176310392144e+00 7.449066911914339784e+00 5.264315602607833711e+00 -5.546906620334890903e+00 5.992373127371215524e+00 2.253697172809516758e+00 2.270378086731013489e+00 8.941527768951836874e-01
0.000000000000000000e+00 -6.569792757530393601e+00 7.450863964545939133e+00 -8.813761605661053267e+00 2.515450427555027790e+00 -8.911073881091340354e+00 -2.896283749147546605e+00 8.589912131850670818e+00 -4.878673380177683150e+00 2.153667821664738913e+00 9.254658608145721388e+00
0.000000000000000000e+00 -6.619966989427839898e+00 7.891573675766029972e+00 -7.409579355129738865e+00 3.404111597112546850e+00 -9.190894881073919720e+00 -3.876465749697404206e+00 9.442763578342304953e+00 -5.520682359719884857e+00 1.572131469987738450e+00 7.902247143910279270e+00
0.000000000000000000e+00 -6.647641464974554104e+00 8.282094188294482962e+00 -8.621763265790605146e+00 3.560401406027398963e+00 -6.748422103759982527e+00 -3.936949641555076429e+00 8.072297070500237481e+00 -5.034429679240173705e+00 2.565394468597430588e+00 9.017411689734403879e+00
0.000000000000000000e+00 -5.830721698781117013e+00 9.108067567388197006e+00 -9.478371314056252217e+00 2.742184148820522083e+00 -9.891245891236717824e+00 -2.813957035620919811e+00 8.652520719042225750e+00 -5.568043357029257123e+00 1.784948586964428596e+00 7.766640433084392114e+00
1.000000000000000000e+00 -5.630014769968090249e+00 -2.368778309201306609e+00 7.083677481519854435e-01 8.408522126289964760e+00 6.148414970961140646e+00 -8.458526586802559422e+00 5.321854338267429263e+00 2.523592926909276279e+00 2.284594707647323197e+00 9.789579473280897171e-01
1.000000000000000000e+00 -6.359201495278391292e+00 -3.963158310640146897e+00 2.767664338206290875e+00 6.474723159684763196e+00 6.669642343647701921e+00 -7.934349771739152679e+00 6.145094131285032013e+00 7.819080476321776940e-01 3.237382645153705329e+00 6.353732160370495485e-02
0.000000000000000000e+00 -5.491899523522262072e+00 7.802959545161519905e+00 -7.923662529386728437e+00 3.666799359650273704e+00 -8.553338768736971076e+00 -3.969309024573343336e+00 7.413134113984154894e+00 -3.992872798308922277e+00 3.031717021363923514e+00 7.888825950956813493e+00
0.000000000000000000e+00 -6.996767450988659931e+00 7.487088742477778780e+00 -7.597499406012433454e+00 3.651768720068971685e+00 -8.899373689461773651e+00 -1.927975926831028586e+00 9.106817141281574379e+00 -5.394839773867469823e+00 1.714887773150519656e+00 7.347338005140253259e+00
1.000000000000000000e+00 -7.825828486046951582e+00 -1.829577001961971039e+00 1.949288951895064459e+00 6.589541485490575390e+00 6.572661257376564592e+00 -8.073717115494439156e+00 5.504440596920135320e+00 -3.618212106600118272e-01 2.286327930252646912e+00 -1.083850672983592278e-01
0.000000000000000000e+00 -5.186834727434222359e+00 8.147636967291299825e+00 -6.957265002312073676e+00 3.878494476581249906e+00 -9.155246132024979389e+00 -4.094287081723678057e+00 9.711495094972168118e+00 -6.058233836183172905e+00 1.764086505460636056e+00 8.276126845814127719e+00
0.000000000000000000e+00 -5.637649058063724183e+00 9.698159681644325403e+00 -6.724372881742841201e+00 3.121866455537074980e+00 -6.704131600816723768e+00 -1.602995850656205867e+00 7.989479775043134779e+00 -6.025784476767877429e+00 3.082915064355617574e+00 6.995918671193489757e+00
1.000000000000000000e+00 -7.554173283339908451e+00 -3.422182673446454437e+00 1.384625143207274256e+00 6.873435488997797549e+00 5.686442860160836332e+00 -9.040696975541905545e+00 6.534157175895192182e+00 2.861190286761280621e+00 3.406599215302857253e+00 8.941803829687262617e-01
1.000000000000000000e+00 -5.636485837904819718e+00 -1.869395499278368789e+00 2.306460248688273484e+00 6.226666550682966594e+00 6.051590869246763482e+00 -6.047790195339935337e+00 5.356705638891470223e+00 2.088452656505044303e+00 3.311784029674009311e+00 7.494036304101858725e-02
1.000000000000000000e+00 -7.750379287120869876e+00 -2.980182560394482039e+00 1.587829951315788968e+00 5.738073680205959093e+00 5.427595065006918240e+00 -8.509831355866808167e+00 5.794543839993972156e+00 2.405071770128500042e+00 2.505286204850415643e+00 6.013359030670557548e-01
1.000000000000000000e+00 -6.576795108696131820e+00 -2.694878319437179925e+00 2.358464062596746125e+00 7.932561537613994851e+00 6.377816852208113119e+00 -7.452253755466693441e+00 4.972615183214994516e+00 1.707213036315705201e+00 2.272943261099818368e+00 1.025255169696016377e+00
1.000000000000000000e+00 -8.274723583588679432e+00 -2.900337129230471156e+00 4.320483463497937215e+00 6.287605653163950592e+00 5.453979226912801792e+00 -7.138550609437927186e+00 5.741114236255297598e+00 2.081422659227917027e+00 3.406541674242177908e+00 2.101771151190705567e-01
1.000000000000000000e+00 -7.632469149901796257e+00 -3.177793427462103359e+00 3.889892684325436889e+00 7.308446422277510734e+00 5.889106179743067493e+00 -7.530290876933545263e+00 5.546578002926302098e+00 2.571470306764480185e+00 4.060043922645467873e+00 9.445628547293667410e-01
0.000000000000000000e+00 -4.241446702652623912e+00 9.146026882693670146e+00 -7.199946143601501980e+00 3.970588972863268395e+00 -9.500376741953886039e+00 -3.651826130208644550e+00 7.223490322172414935e+00 -7.260309282300041467e+00 2.148189686982580504e+00 8.076165283701534747e+00
0.000000000000000000e+00 -6.461785468905630658e+00 8.175880773782861155e+00 -7.852624970204445276e+00 4.090391012261884285e+00 -8.820102204421363723e+00 -3.949314550058664164e+00 9.638793961128774512e+00 -5.891497110698177053e+00 1.766552684751733437e+00 7.644138567236842263e+00
1.000000000000000000e+00 -8.343936253021883687e+00 -2.187630553156293178e+00 2.804434250071843771e+00 5.349070717771949646e+00 5.886335214982016950e+00 -7.101489584589019799e+00 5.784121519857286842e+00 2.162129206789054514e+00 1.954300402783566426e+00 3.957810663143818131e-01
0.000000000000000000e+00 -4.705746462238589167e+00 7.359230367591748312e+00 -7.339350888739337719e+00 4.491092502852870538e+00 -9.225968712195403043e+00 -2.988035880343940853e+00 7.223546897682686208e+00 -5.890941692220120984e+00 2.686096300839460493e+00 7.823618564577735413e+00
1.000000000000000000e+00 -6.870698820980095434e+00 -1.394833974531787257e+00 2.395499907625898039e+00 6.628053560079074202e+00 6.575042965881604751e+00 -7.584032987857356467e+00 4.797993737921112611e+00 1.561826870626496833e+00 2.196407116129425852e+00 1.894219159506487227e+00
1.000000000000000000e+00 -5.553408532590327518e+00 -2.410652039714846762e+00 2.483538627549663591e+00 7.484647261801400830e+00 5.589169769723327796e+00 -5.799751851142692871e+00 6.269785994838869669e+00 -2.688010704741123913e-01 2.450194633152456891e+00 -3.968306891170977346e-01
1.000000000000000000e+00 -7.215742918812326323e+00 -3.308465821200841983e+00 1.061492202519475736e+00 5.615145983102320493e+00 6.728155674324945323e+00 -8.528133640866469634e+00 4.676143208260590711e+00 2.408620149958640155e+00 1.887296639066264881e+00 2.904668204244555407e-01
1.000000000000000000e+00 -7.667401726823421804e+00 -3.182044124842228427e+00 1.285223586993025302e+00 7.478129236833312987e+00 5.612112521176047863e+00 -8.017533266412028681e+00 3.337760575071648361e+00 2.126820863874330225e+00 1.778677707725158985e+00 1.162349866099624762e+00
1.000000000000000000e+00 -6.801960779953311942e+00 -1.877154360688584323e+00 3.495861973010303991e+00 7.251896131954790548e+00 5.419716474635476011e+00 -5.900804450080133989e+00 6.349289341063576231e+00 2.703319688174423696e+00 2.566626878809353141e+00 1.490105874659961582e-01
1.000000000000000000e+00 -5.569665242136825789e+00 -2.418747955574330533e+00 2.788198264840634266e+00 5.923876055751849279e+00 5.394570445821418758e+00 -8.055905886843534702e+00 5.654475475066053747e+00 1.254439222029435808e+00 3.110719924932883629e+00 5.556517205715678642e-01
1.000000000000000000e+00 -6.021774362596992169e+00 -2.072189071177785724e+00 1.359307468041215383e+00 6.814716120335194027e+00 6.477222890947998302e+00 -6.831095074763006814e+00 5.391176114618891013e+00 1.822601382726983799e+00 1.477498926239947385e+00 2.680428289551202714e-01
0.000000000000000000e+00 -5.157297815402308139e+00 8.869070990783495034e+00 -6.267077168805839094e+00 4.199220016487786644e+00 -7.843148962151710535e+00 -4.446442699591030667e+00 9.559557447001836294e+00 -4.408276130896432221e+00 6.978747071015052317e-01 7.745183570854726085e+00
0.000000000000000000e+00 -6.190902602540692357e+00 8.181042382558910475e+00 -8.062924609905184781e+00 2.195900294607634695e+00 -9.470223194471053318e+00 -3.674234130970575052e+00 8.890022322989334924e+00 -5.827635528508813501e+00 2.859323379566469203e+00 6.297832566609995020e+00
1.000000000000000000e+00 -7.217098426481982187e+00 -1.661460395874652995e+00 2.462662231407490854e+00 6.322756571262676317e+00 6.920994807036233709e+00 -6.919798802383926528e+00 6.437564096650782552e+00 2.956680623495818061e+00 3.051931154375851385e+00 5.194995467059263516e-01
1.000000000000000000e+00 -7.132211521003926080e+00 -2.722165048266147913e+00 3.237625438715763249e+00 6.557018845549970720e+00 4.608027768992971396e+00 -8.277205307350506303e+00 5.900260374492425797e+00 2.284639408363567270e+00 3.661165750008309239e+00 -5.929918116375076931e-02
0.000000000000000000e+00 -5.446958497465621107e+00 8.976192719310015278e+00 -5.993616388981076959e+00 2.677860938390438150e+00 -9.431180326622998322e+00 -3.786052015771026014e+00 9.838127595042847062e+00 -6.970565824059570481e+00 1.961807303261722035e+00 6.484863063217488843e+00
0.000000000000000000e+00 -4.499779631143900893e+00 7.485341016100085731e+00 -7.472529921908104278e+00 2.069328544808665349e+00 -9.387879653562132276e+00 -4.554476325263716596e+00 8.294445724115476537e+00 -5.216342722858809289e+00 3.746553821317364363e+00 8.470361394273812294e+00
0.000000000000000000e+00 -5.374496193685480705e+00 8.429372406663819817e+00 -7.987387863180858361e+00 4.375610760336185123e+00 -9.013246038380444247e+00 -2.791492073385775541e+00 1.053731546384687334e+01 -6.436110774650925848e+00 3.046649784480072398e+00 7.686068330793682790e+00
0.000000000000000000e+00 -7.439400926352330856e+00 7.074304472681501643e+00 -8.141995576165983906e+00 2.666148082368633876e+00 -8.327728628065759864e+00 -3.519672887483830781e+00 9.263741007789025872e+00 -7.674431998352893025e+00 1.792056700815958248e+00 6.801122416759032063e+00
0.000000000000000000e+00 -5.632160645695705625e+00 9.229046557250320859e+00 -6.355688580777188790e+00 3.818395540980578762e+00 -9.224097372992686061e+00 -2.295532470729253482e+00 7.859344050258711079e+00 -7.512386286566604454e+00 2.736728211251252763e+00 8.663953986845008615e+00
1.000000000000000000e+00 -8.679368306747363704e+00 -3.074271686311732754e+00 -1.045080743360036202e-01 5.444324597387763198e+00 7.084273356609601890e+00 -7.853268535153212326e+00 5.907624880728644889e+00 -4.472697510408212285e-01 2.828847685031475212e+00 1.231171055372052070e+00
1.000000000000000000e+00 -5.541918829730894558e+00 -2.711268508319362613e+00 2.427646027440424348e+00 6.461176896857620200e+00 6.404853771171688415e+00 -7.635758009906258970e+00 5.563760601529413208e+00 6.961495036647217249e-01 2.038397949784756857e+00 -3.280050609190747757e-01
0.000000000000000000e+00 -5.408603277464788306e+00 8.593231457007734164e+00 -8.568885609786555335e+00 3.550014805690394848e+00 -9.827711836629424269e+00 -2.966916989038531849e+00 1.098237383846540993e+01 -5.674669366269090354e+00 1.254432295529483765e+00 8.093106349436631319e+00
0.000000000000000000e+00 -6.512597905483799465e+00 8.493925288755212577e+00 -9.000641827935961459e+00 4.305150267214041371e+00 -9.523149215286714764e+00 -2.964861687733679751e+00 8.397324568225789321e+00 -7.679656214512635692e+00 2.173552549691118774e+00 6.970731685768438268e+00
1.000000000000000000e+00 -5.679121957789633690e+00 -3.162798666015304683e+00 2.940350137603475744e+00 7.025960851189609002e+00 5.094662526872415498e+00 -9.371476612670029738e+00 4.887866016950303205e+00 1.809109004794234865e+00 3.676979660395998106e+00 -5.444495436012475320e-02
1.000000000000000000e+00 -6.914744050473567327e+00 -3.214173669255918409e+00 9.602254250814299397e-01 6.164845091573270430e+00 6.780437053546859438e+00 -7.811648618338720595e+00 4.687983305221460562e+00 1.591037478129504690e+00 2.561632774561733328e+00 -7.689337293878844015e-01
0.000000000000000000e+00 -8.131261608012858133e+00 8.706484480152997918e+00 -8.651751138507947303e+00 1.829012400512773917e+00 -9.228758171991879422e+00 -4.823577235916389760e+00 9.807281924047241972e+00 -5.136870527134039577e+00 2.281383440033130761e+00 7.542111999013659585e+00
1.000000000000000000e+00 -6.504619620307814820e+00 -2.721040741701791443e+00 2.319203552287332659e+00 7.009516129157757902e+00 5.700852760963149635e+00 -8.002252885735483545e+00 5.179912451257680850e+00 1.901404184986547286e+00 1.898532384497895187e+00 7.284422370907039923e-01
1.000000000000000000e+00 -6.928556688102520233e+00 -3.142711054560375139e+00 1.063794990267066698e+00 6.696821935872333320e+00 7.195475202278696081e+00 -8.609297289399755471e+00 4.173003017335647158e+00 2.071502945341379576e+00 3.147938166358215106e+00 -2.201985474459051684e-01
1.000000000000000000e+00 -6.575411751032905094e+00 -3.305369495380141132e+00 2.001396278765582348e+00 7.133296260694594437e+00 5.642717708278251365e+00 -6.707313939160647998e+00 5.508458839329787970e+00 7.734177220256975849e-01 3.213599136692645075e+00 3.621091807071754598e-01
0.000000000000000000e+00 -5.641488966357197654e+00 1.020000274159223075e+01 -7.765256306769568795e+00 4.735607213566370710e+00 -9.578708759601752831e+00 -4.619410369536293359e+00 8.825002776521372994e+00 -5.539591734857903127e+00 1.664655580717751437e+00 9.445303524634123704e+00
1.000000000000000000e+00 -8.091059671169492873e+00 -8.744139664042656079e-01 1.414915562235631974e+00 6.931194084212306095e+00 6.896986957994911904e+00 -7.285104015627011265e+00 6.060939144881202445e+00 4.607854077071174004e-01 2.169150857653689091e+00 -1.804103795763632445e-01
0.000000000000000000e+00 -5.245828203090574959e+00 8.408995419944373495e+00 -8.081631747080342265e+00 3.220085272507452245e+00 -7.588671709696390266e+00 -3.971649358558399179e+00 9.326305275896514146e+00 -5.652149665193043404e+00 1.696466832494300636e+00 6.691258668047542102e+00
0.000000000000000000e+00 -4.757259826605346298e+00 8.735970840380195668e+00 -6.810663273401316609e+00 3.392392316245147033e+00 -8.885243001185086698e+00 -4.377391188566389424e+00 9.591636399614916542e+00 -7.460233690683120145e+00 2.129320647524531651e+00 8.341768531620498806e+00
0.000000000000000000e+00 -6.196444721247386767e+00 8.686045832680626688e+00 -6.780269482169530626e+00 3.945645524840022844e+00 -7.840640543490513537e+00 -1.485405043400389591e+00 8.644754962867230219e+00 -4.957380708342328468e+00 2.110319837493048301e+00 8.563469820768109031e+00
0.000000000000000000e+00 -6.162149880586777151e+00 9.347830144812260045e+00 -8.544595772868241568e+00 4.258451725966239110e+00 -1.028523425567793481e+01 -4.092226089253018451e+00 9.985605135369734597e+00 -5.865056320940584378e+00 2.296649744878038746e+00 8.230829719799702460e+00
1.000000000000000000e+00 -7.504299352607532114e+00 -3.320901193873522672e+00 1.632468009913595530e+00 5.010994652289868512e+00 5.342851876768404118e+00 -7.344691848972130899e+00 5.630787449332111727e+00 3.713812498771789095e-01 1.700927278574798862e+00 7.454833637558186954e-01
0.000000000000000000e+00 -3.264437753335829751e+00 1.010212460325827877e+01 -6.205316659437322357e+00 3.294675549117971336e+00 -8.480184796448266837e+00 -3.930636414815972479e+00 9.044162460377467738e+00 -5.089894334801838838e+00 2.317125758374031008e+00 7.970167578342461923e+00
0.000000000000000000e+00 -4.132115050856901561e+00 9.259142864622313951e+00 -6.014306744827040418e+00 3.475182000921825498e+00 -8.491835946500335908e+00 -3.599857679440336966e+00 1.027873738031631135e+01 -6.680763789594143631e+00 1.250461431644565469e+00 9.284931276008526524e+00
0.000000000000000000e+00 -5.571687357755119585e+00 6.276450391218514113e+00 -5.445235354119642324e+00 4.066277027929647403e+00 -8.002831752334817139e+00 -3.655741274431360210e+00 8.920362551150178732e+00 -4.994022161188817144e+00 2.765626716256129214e+00 7.305865950706381895e+00
1.000000000000000000e+00 -6.716206393822739429e+00 -2.864915394110143065e+00 1.307409064431396484e+00 7.063527624564720497e+00 5.981910645274099991e+00 -9.428407496108260233e+00 5.029096637352065358e+00 2.098529860344541031e+00 3.222910791383955420e+00 -1.765739282378048891e+00
0.000000000000000000e+00 -6.375417438037677798e+00 7.742734279622252025e+00 -6.420477961023061120e+00 4.229484098942366543e+00 -6.786708257221373941e+00 -4.361341767973526018e+00 8.742326204066023010e+00 -5.215676533844963103e+00 1.685620344906699319e+00 7.469943370023457874e+00
1.000000000000000000e+00 -7.486044902023221148e+00 -2.108294552184488690e+00 2.757788168706711396e+00 7.374457456629175844e+00 5.419357919276041713e+00 -9.321983488672023199e+00 4.583977378361744570e+00 1.859094736079929922e+00 1.974601988126398311e+00 1.025655274176799026e+00
0.000000000000000000e+00 -6.782948280617470793e+00 9.614966589622955695e+00 -9.084452608617146652e+00 5.642323698766314344e+00 -7.283272360114577459e+00 -3.767177188087767803e+00 9.947541236717178492e+00 -5.458947759316997050e+00 1.308492366029265330e+00 6.841058559142350504e+00
1.000000000000000000e+00 -6.999626161851821848e+00 -2.242432727624410482e+00 2.540588971780615601e+00 6.092467764592695012e+00 5.168108385933220639e+00 -7.892238719342785203e+00 5.895628459384436582e+00 1.992723954078683413e-01 2.858709819611119141e+00 -2.678019229166350712e-01
1.000000000000000000e+00 -6.043137704663812393e+00 -2.243176938158292888e+00 1.436120202183944983e+00 7.137667590381301608e+00 4.671259620492950404e+00 -7.326125106986028257e+00 4.781616556466474321e+00 1.279338998427430374e+00 1.886184871224561022e+00 5.984996014737367087e-01
0.000000000000000000e+00 -6.298043703043918917e+00 7.333360544033835637e+00 -9.080499004550073749e+00 1.725854781642964353e+00 -8.675880474877709858e+00 -5.733593036543650712e+00 9.196070960135624972e+00 -5.927826737489341191e+00 3.365243094144960700e+00 8.953467863923636472e+00
1.000000000000000000e+00 -6.459801879350666631e+00 -2.864096323452337778e+00 1.496642692414587916e+00 7.253336471245422246e+00 4.190898694593384377e+00 -7.145637579249215499e+00 6.210129979778729492e+00 -3.695765528424199697e-01 2.747213479734668340e+00 1.593678113066440361e+00
1.000000000000000000e+00 -7.788803980590181197e+00 -3.853465792900751197e+00 2.903946477432295836e+00 4.878246170463445885e+00 6.293613910858436356e+00 -9.735523020906626357e+00 4.532801866405415048e+00 1.011632776974249914e+00 2.476773200058275837e+00 3.201715126891480079e-01
0.000000000000000000e+00 -5.197849932232576187e+00 9.136813996243303038e+00 -6.348763206440150242e+00 2.159351905670511940e+00 -9.522708220890937270e+00 -5.290120195509990353e+00 7.962444326069284095e+00 -5.715648544985079127e+00 2.180214891475505734e+00 8.102103266779680624e+00
1.000000000000000000e+00 -5.579435556648746797e+00 -3.392707881924472701e+00 1.654621588786628017e+00 4.497193032953713754e+00 5.439817833106376455e+00 -7.877220865272866135e+00 5.644066226571060163e+00 1.395804631546989860e+00 3.036586008331067621e+00 -6.625530006729489774e-01
0.000000000000000000e+00 -4.946613066790693125e+00 7.642322677102246331e+00 -5.707484347752740383e+00 2.317347699206601774e+00 -8.693231230379307561e+00 -3.522418547793338739e+00 7.962956697793762473e+00 -5.807325444358209410e+00 2.721301143629480723e+00 8.941351597970422560e+00
0.000000000000000000e+00 -6.430955341615091747e+00 8.821759854764986031e+00 -8.535549691858347998e+00 4.437519733309817305e+00 -8.539921981334984480e+00 -3.276641081301331138e+00 6.875110308042144958e+00 -4.827304275711157722e+00 2.690676448582938640e+00 7.326066944237370038e+00
0.000000000000000000e+00 -6.075502507800093710e+00 6.958438921442299474e+00 -7.636748204614028701e+00 3.957236095690991107e+00 -8.539964781164913532e+00 -5.524780105478251713e+00 9.272092727010633695e+00 -4.342111051034232894e+00 2.246341174158286602e+00 8.420097886727766934e+00
1.000000000000000000e+00 -6.728618435884767379e+00 -4.572791289896072087e+00 1.405159987052669424e+00 6.300896887241193234e+00 4.985849624814116865e+00 -5.192607225375985180e+00 5.372244000788056084e+00 2.496290981516691154e+00 3.547950388160393764e+00 5.010970248267024307e-02
1.000000000000000000e+00 -6.585213528516560721e+00 -2.629684104360279662e+00 4.165790040342656653e+00 8.720599780226876874e+00 4.373679854892192687e+00 -7.714966892483760219e+00 6.220836923292383247e+00 9.744136549275244086e-01 3.962062567953298142e+00 -6.312574055293829201e-02
1.000000000000000000e+00 -5.549314461264874154e+00 -2.378139997358625912e+00 2.645996081371572828e+00 7.728879435312368429e+00 6.433562768045519853e+00 -6.779228447036194538e+00 4.664728648308472003e+00 1.936295207840891708e+00 2.148348190626927501e+00 -1.008973452018723904e+00
1.000000000000000000e+00 -7.727673668426108478e+00 -1.278840438047175398e+00 2.273306235840953260e+00 6.657540082709880735e+00 7.491495473239882408e+00 -8.688830530293181198e+00 5.823654818585228377e+00 1.830032082366758628e+00 2.261952808933020531e+00 1.029721195243934684e+00
1.000000000000000000e+00 -6.751291950250473128e+00 -3.234406729042895279e+00 1.695390098050724825e+00 6.725803933740835738e+00 5.840359219808427760e+00 -8.610386585230580536e+00 4.665971510001759803e+00 2.137691986956096635e+00 3.493647965264614186e+00 5.722935895044214405e-01
