1.000000000000000000e+00 -1.595363853322371073e+00 -9.291973923469873498e+00 -4.704548726540866532e+00 9.895066323598644686e+00 -4.851020806659545492e+00 1.067717312558650811e+01 -7.225365867138346054e+00 -2.167570499595049771e+00 9.248867045404557174e+00 6.221612271268767813e+00
1.000000000000000000e+00 -2.927361461259461173e+00 -9.545424615360088794e+00 -6.086318958752235275e+00 8.490837123855698110e+00 -5.438010761801636228e+00 7.292320244866941081e+00 -7.885043610930372537e+00 -3.582853453856648773e+00 8.421608157756896418e+00 4.960199587493622886e+00
1.000000000000000000e+00 8.253664073879740659e-02 -1.097968210677634460e+01 -4.550751083515844897e+00 7.828773757471381600e+00 -3.975070539683475790e+00 8.303815948911385192e+00 -5.545590655372977906e+00 -1.422246165159414044e+00 8.959130548562489693e+00 4.674238421143524391e+00
1.000000000000000000e+00 3.860805904295955271e-01 -9.445227802469686296e+00 -5.729553787842915469e+00 8.873738466360551413e+00 -4.197932750228565268e+00 7.924143477188021478e+00 -7.778879830599376710e+00 -1.517728196766350290e+00 8.086720634557476473e+00 6.851347721675204561e+00
0.000000000000000000e+00 -1.044812959989563339e+01 1.597519166746915742e+00 7.947356517723828340e+00 2.566884288485729471e+00 2.367126732300872227e+00 -4.508158002693317457e+00 -4.007785301022889435e+00 -7.071778601276846210e+00 -3.948666436274592684e+00 5.296665230813871972e+00
1.000000000000000000e+00 -4.572494278033603088e-01 -8.540907273859657423e+00 -7.448882134008082190e+00 9.036258477918980958e+00 -4.639905426958978119e+00 9.942139111835988530e+00 -8.011541283415331449e+00 -1.759040993050016821e+00 8.281296046727856464e+00 5.251501233889250386e+00
1.000000000000000000e+00 -1.184079864577203822e-01 -1.095565744400163055e+01 -6.802443878613217976e+00 8.600917780115180378e+00 -3.697750973859426527e+00 1.015208891321923979e+01 -7.718340787494653021e+00 -3.150237017899253367e+00 9.680098446509292742e+00 5.820292209285348406e+00
0.000000000000000000e+00 -7.201293871097545818e+00 3.722549286536653845e+00 7.019726223507052332e+00 3.505289672303594450e+00 4.412597868022707814e+00 -4.721973453854810820e+00 -2.150213228946357358e+00 -8.295083109884132000e+00 -2.882344885118368616e+00 6.790599486231581494e+00
0.000000000000000000e+00 -8.423914794017907326e+00 2.634322475654472751e+00 5.396426639248525170e+00 3.892384355312483279e+00 2.596097437453956935e+00 -3.846812715500433910e+00 -2.184245878428492826e+00 -9.608347913910829874e+00 -2.863055167962637260e+00 6.947850803202467063e+00
0.000000000000000000e+00 -8.383336237761531251e+00 6.597831500923022396e+00 4.616160511513979436e+00 3.192646968528157103e+00 2.710289101177174143e+00 -5.564057967354600009e+00 -2.169404921633883099e+00 -6.687241555667172932e+00 -2.221645726479846150e+00 8.599123949235682574e+00
1.000000000000000000e+00 -5.602108732940437319e-01 -9.129966410631549678e+00 -6.593020305236277245e+00 8.629458919803868255e+00 -3.293180645636416770e+00 9.815761100541404716e+00 -7.240054234978987147e+00 -1.850625826647139371e+00 7.944914184623523390e+00 4.951119220208917149e+00
0.000000000000000000e+00 -8.825378262096743143e+00 2.864203293175131115e+00 5.303388963393415700e+00 1.936074580711515836e+00 2.273111266125732222e+00 -3.258748138148943596e+00 -2.018388578670460731e+00 -7.590162034642409239e+00 -2.090362496366894973e+00 6.341047737889820901e+00
1.000000000000000000e+00 -3.624062518814478717e-01 -1.182559257638180839e+01 -7.402490303715872244e+00 8.096490108871638114e+00 -4.963399642879989138e+00 8.711935321985869507e+00 -7.612968968409935755e+00 -2.914482201995855171e+00 8.354878038688111630e+00 6.421974420435988762e+00
0.000000000000000000e+00 -8.988108278414932428e+00 2.226809974735442843e+00 4.729772434232816458e+00 3.343280391223417247e+00 2.873089842008883288e+00 -5.980570336372466045e+00 -1.686319640128794095e+00 -8.420877057531956922e+00 -2.600155797619392306e+00 6.367926201027792388e+00
0.000000000000000000e+00 -7.477318805903841792e+00 4.018772724166787214e+00 4.838234402263120515e+00 1.872529037768877691e+00 2.361693686984327911e+00 -4.150216478454018088e+00 -2.099784078349037575e+00 -6.637894540316980674e+00 -2.117478907998792792e+00 6.434443364068728854e+00
1.000000000000000000e+00 -1.130235884719506867e+00 -8.244036410530561909e+00 -6.096997844523010635e+00 8.202876764512462060e+00 -3.676125311430046949e+00 8.980443549588665419e+00 -7.038700533628960976e+00 -2.142241458664459142e+00 8.135684812372872443e+00 5.122648930385439670e+00
1.000000000000000000e+00 -6.416374051305548942e-01 -1.007294292959823245e+01 -6.074754165150370255e+00 8.941037397581217405e+00 -2.641649467313670563e+00 9.876082992905077518e+00 -9.299282093192918097e+00 -1.086905006695346287e+00 9.721536836577318041e+00 6.340479250739875283e+00
0.000000000000000000e+00 -9.384016479654265552e+00 2.158853188658225619e+00 5.141609592755968627e+00 3.626011626829187318e+00 2.592700302835107884e+00 -4.387657906732455260e+00 -3.581272985325278491e+00 -6.732591591132114139e+00 -2.340158466053326336e+00 6.386094393975360717e+00
0.000000000000000000e+00 -9.862785644958634634e+00 1.005687033672119757e+00 5.721044271760796995e+00 1.665277467532429556e+00 3.034256937413368771e+00 -6.305642409029423412e+00 -3.101500411522651213e+00 -7.203235115685494350e+00 -1.873667737937638300e+00 6.610503339962810365e+00
0.000000000000000000e+00 -9.564781606740806907e+00 1.887598700117335770e+00 5.436992449030843666e+00 1.458907997584714566e+00 2.242635267170252522e+00 -4.027564717343435241e+00 -1.446718613328859426e+00 -8.535954447836841652e+00 -4.824539286626692736e+00 7.050795056409647543e+00
0.000000000000000000e+00 -7.732297879390149120e+00 2.554981871372226099e+00 5.695233286760815083e+00 2.478348815788466997e+00 3.661465325812510940e+00 -6.966919974831665030e+00 -1.513531523751259655e+00 -7.386257140465019688e+00 -9.164536241474969813e-01 6.939235950349628368e+00
1.000000000000000000e+00 3.910729294407919721e-01 -1.052537388650272909e+01 -6.478372359563159932e+00 9.628725810645924810e+00 -4.204426689990990340e+00 9.267893478036917543e+00 -6.400907717057162216e+00 -2.013266734614097775e+00 8.767813891028810147e+00 5.665464073645637200e+00
0.000000000000000000e+00 -7.601097260215274432e+00 3.257002267741193169e+00 5.400765226648131190e+00 2.635457380975954944e+00 2.415135087375400946e+00 -5.215517030551170663e+00 -1.593699970284645717e+00 -6.880252389067734065e+00 -2.867228886918068653e+00 7.104126256119094762e+00
1.000000000000000000e+00 1.526969672161773151e+00 -1.102440949907260404e+01 -5.481017141055707143e+00 9.610038767407273141e+00 -3.390539794092459758e+00 8.785879753581127716e+00 -6.850103262495425227e+00 -1.206908092324156634e+00 8.206936728489660382e+00 6.056783915031588528e+00
0.000000000000000000e+00 -1.054012470920372024e+01 1.609959996524032322e+00 5.638003624996255070e+00 3.174007179170377224e+00 2.162954508654311603e+00 -5.676735348109965607e+00 -2.123945684038415660e+00 -7.840718715517801307e+00 -3.016151739088681616e+00 6.760629617554395843e+00
1.000000000000000000e+00 1.689373505305921119e-01 -9.862184085660095079e+00 -4.878649862172190765e+00 9.836135873744179747e+00 -4.567658959489756754e+00 7.892741175137628851e+00 -6.792012154228062037e+00 -2.674018321449409985e+00 7.773799019189383763e+00 6.230879399050876621e+00
0.000000000000000000e+00 -8.468043084827421296e+00 3.224875971940863728e+00 5.787752616480234202e+00 3.467418059940024833e+00 2.534901519504802359e+00 -6.271855663604167574e+00 -1.984874412422258594e+00 -8.299864296576755507e+00 -2.901017912020806833e+00 5.505221000496495876e+00
0.000000000000000000e+00 -7.380438964979828320e+00 2.794228215720992559e+00 6.403592532352459621e+00 1.202397419308025572e+00 3.149144041522628612e+00 -3.059184603775048750e+00 -2.934781940721280957e+00 -7.531192026965119801e+00 -4.100788459927251495e+00 7.029380495095516324e+00
0.000000000000000000e+00 -1.029741550052651533e+01 5.676851800094364187e+00 4.551452481182796106e+00 2.868470006731921096e+00 5.068147846452193406e+00 -4.791575133757414839e+00 -1.978573849372846638e+00 -8.891246874145970480e+00 -9.380233938193363041e-01 6.936089510132108060e+00
1.000000000000000000e+00 -1.245299296638522346e+00 -9.890071832584844458e+00 -4.350303945215693524e+00 9.020515759390868027e+00 -4.423644494115936965e+00 8.828672572052829182e+00 -5.773837913478601536e+00 -7.603386618093161964e-01 8.403218451699469682e+00 5.663271436832861383e+00
0.000000000000000000e+00 -7.922826016731162824e+00 3.565488589628051486e+00 6.347650430628282159e+00 1.909416455437954685e+00 3.776357244784995792e+00 -3.256327899079613175e+00 -2.518506854760730107e+00 -7.355414878546102209e+00 -1.133084875805849823e+00 6.488169129162740134e+00
0.000000000000000000e+00 -7.976877648077622673e+00 3.058627650847278279e+00 4.947489598449321235e+00 1.624546323496802946e+00 2.189685791700210160e+00 -4.589108017608068302e+00 -1.996618497150406624e+00 -8.223745744891463261e+00 -2.166010012934744378e+00 5.586605288312374462e+00
1.000000000000000000e+00 -1.558676584454423253e+00 -8.903913524109983157e+00 -6.434658580387005777e+00 1.018693293259788746e+01 -3.306384795347559802e+00 9.100948400384508474e+00 -7.130611000573117586e+00 -8.248940900242827112e-01 7.785540429191758705e+00 5.693232201282590665e+00
1.000000000000000000e+00 8.429627206241763204e-01 -1.127233721817893297e+01 -4.084474717192849269e+00 8.268706561991647774e+00 -3.978911798595679450e+00 9.830685365401272691e+00 -6.759592648048394992e+00 -8.977769988767319020e-01 7.323659388360444389e+00 5.526718320207216095e+00
1.000000000000000000e+00 -1.249452305119743922e+00 -9.298043994451845151e+00 -5.186852312517960861e+00 8.662629540822194940e+00 -4.212608985084669300e+00 8.433196730547448894e+00 -6.359808778986520750e+00 -1.549508049509981333e+00 7.791269868668295295e+00 4.440124082778464043e+00
1.000000000000000000e+00 -7.274074939663404127e-01 -1.066167102986055326e+01 -6.419618886118701795e+00 7.880988739556318734e+00 -4.039615218313635125e+00 8.917236388113852996e+00 -6.914041524949326778e+00 -1.477456887398132634e+00 9.830923076783617987e+00 4.570284378843324724e+00
1.000000000000000000e+00 -9.597115677742258377e-01 -9.176586196062197942e+00 -5.305655260903662906e+00 8.044577931617379107e+00 -4.744388344160888948e+00 9.204844368181367642e+00 -8.912533990335981926e+00 -2.119258040523564368e+00 9.277172186852613578e+00 5.843511332750956022e+00
1.000000000000000000e+00 -4.253406776108116794e-01 -8.730269356542843084e+00 -4.991154458840325603e+00 9.505881967716190317e+00 -3.829240288673069426e+00 7.897629353281735654e+00 -7.655472778011574775e+00 -7.670359359007596911e-01 1.007790969275531090e+01 5.328103329751823658e+00
0.000000000000000000e+00 -8.732489305898946341e+00 4.792274904059427243e+00 4.204144129134594898e+00 3.072716234243424882e+00 2.440649587711968493e+00 -5.377169125820649320e+00 -2.512605182208099031e+00 -9.303718754136726332e+00 -2.380431801249158763e+00 5.412918086498965664e+00
1.000000000000000000e+00 -6.165380599676183460e-01 -9.801545816518032694e+00 -6.117773665527590055e+00 8.223685424175631198e+00 -2.804104669705141717e+00 8.771177647688082502e+00 -6.123239726854087017e+00 -1.354164744966854128e+00 8.517193396810213812e+00 3.494620373752674425e+00
0.000000000000000000e+00 -7.485151247636721017e+00 2.128853562846097169e+00 6.364872128863250822e+00 1.664854932133438714e+00 3.782371350128265419e+00 -4.987346989886125570e+00 -3.362935467186677130e+00 -7.127114924496412485e+00 -2.668161328806819999e+00 6.590553956906402888e+00
0.000000000000000000e+00 -9.599764332542656931e+00 2.603429646686297616e+00 4.341777861831678464e+00 2.535263084241027975e+00 1.683043019847614730e+00 -4.781113410103602135e+00 -5.060353388984744072e-01 -8.098441466789804366e+00 -1.634558400862340832e+00 6.886982871933443384e+00
0.000000000000000000e+00 -7.592093358723575491e+00 2.621989818312199905e+00 5.171398264020840685e+00 2.134024877311630597e+00 2.495867688480255087e+00 -3.477008405157558713e+00 -3.115433523481478506e+00 -8.090949586709456298e+00 -4.387288566953601254e+00 6.942619472658588364e+00
0.000000000000000000e+00 -6.570289220051845902e+00 1.902773752497986193e+00 6.608943667332044747e+00 3.611664745463763815e+00 3.602972221049853374e+00 -4.844037889069700675e+00 -1.530098204217348101e+00 -7.440350987481100908e+00 -2.886178166826137037e+00 6.924222503958399777e+00
1.000000000000000000e+00 -1.430109085340237840e+00 -7.147706054440952528e+00 -5.236044699366243727e+00 9.507597694122756238e+00 -4.328443441792508395e+00 9.305604228836520164e+00 -7.011636644441654020e+00 -3.082848072661445116e+00 9.449930966109375774e+00 5.197607860351279641e+00
1.000000000000000000e+00 -2.193772052203679657e+00 -1.076659894753017177e+01 -6.097635255938584464e+00 9.009277628963584306e+00 -4.215362261787252152e+00 8.767422884832848595e+00 -9.218549195847048239e+00 -3.032948681516744571e+00 7.574015071231902319e+00 5.060296270065533619e+00
1.000000000000000000e+00 -1.501126062268291594e+00 -9.962381755959510699e+00 -5.183788678082529522e+00 1.050055091788996364e+01 -2.729974058236321000e+00 1.043757208316241325e+01 -8.624824053925580714e+00 -2.123991950879990487e+00 7.765708377225440273e+00 5.046428458858883914e+00
1.000000000000000000e+00 3.653893949321946888e-01 -9.852138194583567099e+00 -6.201407074018931986e+00 7.983812026624793390e+00 -3.155009958941183523e+00 8.810807360044195846e+00 -7.481217322934724301e+00 -7.607698081547007440e-01 8.461185669993621872e+00 5.579601112456715306e+00
0.000000000000000000e+00 -8.033735762171028583e+00 2.391799670249181275e+00 7.609457223376939083e+00 2.333544745627581740e+00 2.374411863857479155e+00 -5.278899940978102556e+00 -2.066867763542262981e+00 -6.532306761491518010e+00 -2.669925540920585760e+00 6.879805451718016940e+00
0.000000000000000000e+00 -9.040060966394435127e+00 2.661900138535838067e+00 4.691252900442716367e+00 3.271338644687978636e+00 1.665645263050521185e+00 -8.432440146130696590e+00 -3.085538979776408119e+00 -8.998954968018113121e+00 -3.041389742150994557e+00 7.291954476286329090e+00
1.000000000000000000e+00 4.367692757712922091e-01 -1.048298473157041322e+01 -6.690090916347037009e+00 8.841004028169114903e+00 -2.974016876511479168e+00 8.819855994330689342e+00 -6.901957556284218143e+00 -2.438168156448692336e+00 7.651149472943690633e+00 4.478546316954545858e+00
1.000000000000000000e+00 -1.586322480065650353e+00 -9.910689648668832064e+00 -7.140385699809698394e+00 9.123216024833281423e+00 -3.719211736720702266e+00 9.383447430133088574e+00 -7.169198665605050813e+00 -2.386414099357109908e+00 8.504261123116105381e+00 6.248457212762817292e+00
0.000000000000000000e+00 -7.408716311315235004e+00 3.222879145352243846e+00 5.578583699704636523e+00 2.635547080000915532e+00 2.260639754505997967e+00 -5.140418333670747408e+00 -2.596207173539916813e+00 -8.286980255031826559e+00 -1.331180323531213627e+00 6.864456424054340644e+00
1.000000000000000000e+00 -1.725068220201645186e+00 -9.182196238313153458e+00 -6.000220107811498060e+00 8.877670718591982535e+00 -3.837648852519228271e+00 9.230687770992233254e+00 -7.633976149002902112e+00 -3.446750972936647450e+00 8.782699240809483499e+00 2.756784487276776385e+00
0.000000000000000000e+00 -7.715666755666463317e+00 2.263882832363397490e+00 6.709967658273363611e+00 2.641771408394679721e+00 3.106262298889327145e+00 -4.105146435528863158e+00 -1.860824429105533584e+00 -8.076896971019914773e+00 -2.187506691131125613e+00 7.140386405539452142e+00
0.000000000000000000e+00 -7.117259026677427158e+00 3.044548420411540057e+00 5.546769572573440499e+00 1.880292499486258651e+00 1.861370853477645859e+00 -3.011981675906565403e+00 -1.338029674647554401e+00 -7.595384381589805223e+00 -1.309904565785156239e+00 6.940262754080339214e+00
0.000000000000000000e+00 -8.875139449148884196e+00 2.561394617956501474e+00 5.028281684378242744e+00 4.047275368086440395e+00 2.471355885900826443e+00 -4.321462807312847154e+00 -2.905853874408513615e+00 -6.980430237498579160e+00 -2.985960111865145983e+00 7.385346196150072373e+00
1.000000000000000000e+00 -7.473082396268839744e-01 -7.609881147842546767e+00 -5.653169324425589615e+00 8.789330775993821732e+00 -5.241360345198461168e+00 9.652626646256996068e+00 -6.799951496497309122e+00 -1.625904756765329084e+00 8.446904411458886486e+00 5.135521029088081946e+00
0.000000000000000000e+00 -7.396330667597331932e+00 2.376983433796608924e+00 6.808276973745672755e+00 2.790266760996734430e+00 2.565033552330556965e+00 -4.720289948533029190e+00 -2.038686904739768657e+00 -8.066468511083625614e+00 -3.257020558125839127e+00 8.609558472946849506e+00
0.000000000000000000e+00 -9.438603614285783650e+00 3.063287325608025746e+00 7.612805924560884563e+00 3.260909287783800181e+00 2.516337197548851101e+00 -5.831348395305491650e+00 -1.554773714707222254e+00 -7.104588107640995354e+00 -2.714822062203040787e+00 5.156064311635731201e+00
0.000000000000000000e+00 -9.427872298963018594e+00 2.325554530910334261e+00 4.580303595099417535e+00 2.083879905639045127e+00 2.347855856780147299e+00 -5.036383498768683964e+00 -3.137601616846613872e+00 -6.842249711588663352e+00 -1.409804790059616675e+00 6.029663273547433811e+00
1.000000000000000000e+00 -3.605853525616687927e-01 -1.011797421013969434e+01 -5.526653948272762129e+00 8.601321568426920194e+00 -3.186235320648819869e+00 9.813514550407406389e+00 -6.866979302902333160e+00 -2.320432551634056040e+00 8.762438857246824142e+00 5.894759387425278163e+00
0.000000000000000000e+00 -8.660200037902749060e+00 3.055638350876368925e+00 3.418564477010832992e+00 3.180450659723787155e+00 1.910411650420199337e+00 -6.047117818044670301e+00 -2.155347888303758452e+00 -8.031756830911948697e+00 -2.345182890417254473e+00 7.080908119646020182e+00
1.000000000000000000e+00 -2.104610932332188211e-01 -9.316004381623898212e+00 -5.629117385570094001e+00 9.957773831887063665e+00 -4.648314352711228281e+00 8.205345030992965860e+00 -6.471596907040961355e+00 -2.266283888577871330e+00 7.457980073942590771e+00 5.187780218393515774e+00
0.000000000000000000e+00 -8.067130089933272075e+00 2.187567495760660563e+00 4.722940327154043771e+00 3.889538364946102611e+00 2.250013628894518725e+00 -5.953792131468674143e+00 -1.924061423535959214e+00 -8.993186189170019773e+00 -2.538736802165145079e+00 6.745308061257541787e+00
1.000000000000000000e+00 -1.258761100088686247e+00 -9.059678541413575203e+00 -5.656640307063306672e+00 7.345096228808687400e+00 -3.316024425877024839e+00 9.148009347897605892e+00 -6.544400688993981419e+00 -9.584004593968441510e-01 8.457984548013838477e+00 4.786268890784773689e+00
1.000000000000000000e+00 -8.050438023798620613e-01 -9.849380873850229534e+00 -5.854373511232751071e+00 9.935479374427158561e+00 -4.316714841513531908e+00 8.155343767204684013e+00 -7.570176222918877151e+00 -2.464183184637286583e+00 1.022012025482925424e+01 5.598860912306283133e+00
1.000000000000000000e+00 1.985318048945774905e+00 -8.879045461905283432e+00 -6.527729541103271416e+00 9.182035563389677080e+00 -2.889055430041750583e+00 9.381785252306766409e+00 -7.585476894341739218e+00 -2.986841535054626018e+00 8.281984715233820182e+00 5.236227067881963571e+00
0.000000000000000000e+00 -9.299357209587235218e+00 2.666775269503224521e+00 5.990132563432972290e+00 2.911352889639876818e+00 1.749531806421212199e+00 -2.880637878302318544e+00 -1.172512877716636481e+00 -8.442846727166346099e+00 -2.097333321894688574e+00 7.207581306152341938e+00
1.000000000000000000e+00 1.369227030000215839e+00 -1.194888056578291824e+01 -6.093277152573697286e+00 8.795861639148984779e+00 -3.880089518999015219e+00 9.679385619749254488e+00 -7.289619099880734865e+00 -1.063254027785049072e+00 8.884955999695893780e+00 5.222933800624327105e+00
1.000000000000000000e+00 -9.564133107698987724e-01 -9.306418350276679519e+00 -5.942339437192574181e+00 9.099854073116389941e+00 -3.122811137108071122e+00 8.553561661717814957e+00 -6.226658234761561772e+00 -2.019047219125512882e+00 8.566132235355619073e+00 4.573595936378257676e+00
0.000000000000000000e+00 -7.844015252541010952e+00 3.234913061612126661e+00 4.384719548407605139e+00 2.285582576564967550e+00 2.916036797980921857e+00 -4.782911823357036241e+00 -2.578324850844644356e+00 -9.051258002284701121e+00 -2.710482025659166627e+00 8.129038683918563990e+00
1.000000000000000000e+00 -1.592620740899969856e-01 -9.518238191148762795e+00 -5.505047551098488867e+00 7.378489250397941568e+00 -6.557732124007646490e+00 9.150669898916936162e+00 -7.143796049903899714e+00 -1.094467009346103969e+00 8.308927325540137687e+00 5.095545330196465272e+00
0.000000000000000000e+00 -8.909277591871932245e+00 2.632513740068337160e+00 3.579133164470992501e+00 1.889299145475463515e+00 1.276683424817109280e+00 -4.547191195023098764e+00 -3.469238450846333421e+00 -8.888875721261396023e+00 -1.749379632711819177e+00 8.496029366853314002e+00
1.000000000000000000e+00 -1.372453731008712596e+00 -8.723624283675700752e+00 -5.287108993696765680e+00 8.897557925941805834e+00 -3.184029870062603074e+00 1.046889122944794437e+01 -6.836053325361922006e+00 -2.679529543762072752e+00 9.386585450234870009e+00 6.324846206728410358e+00
1.000000000000000000e+00 -5.771895708529268809e-01 -7.431172155770488175e+00 -6.772065817692030976e+00 8.710765314829734152e+00 -6.461054007344770866e+00 9.623235702950719173e+00 -6.228565430625062405e+00 -1.740713306077231515e+00 8.919774469160461905e+00 6.333597192148868515e+00
0.000000000000000000e+00 -8.181155335044236310e+00 2.514007252344172105e+00 6.755481051206419174e+00 2.724163168271640512e+00 2.340122938868127278e+00 -4.362429142407361127e+00 -1.707952628221950375e+00 -7.440091146647287879e+00 -3.658745008411516064e+00 7.213582898410143329e+00
1.000000000000000000e+00 4.158605376500191797e-01 -1.079580318977157205e+01 -5.206134579556458419e+00 8.498439006803462092e+00 -4.402396436419218517e+00 8.731240999822958315e+00 -5.573510585350332391e+00 -1.331023116663933692e+00 8.764886141046945411e+00 4.950525491337852024e+00
0.000000000000000000e+00 -9.943753792587813223e+00 3.361825508600800205e+00 4.282451503383091662e+00 3.270718026713427484e+00 4.742941227340915056e+00 -6.128336610115087346e+00 -2.192990639339175374e+00 -7.185194840079253353e+00 -2.410657265715451025e+00 7.456050079678526288e+00
1.000000000000000000e+00 -9.742382413441832423e-01 -1.040102358527870585e+01 -6.764859273294862696e+00 8.200898119165767497e+00 -4.968768612320302758e+00 9.699724633733902479e+00 -7.519413274761224564e+00 -1.647891383289017408e+00 6.275768764611383332e+00 5.323465942972060105e+00
0.000000000000000000e+00 -1.015606617276955781e+01 2.515573169845183976e+00 7.003943129729269579e+00 3.460455972280330528e+00 2.416759608949736293e+00 -4.938621486985245390e+00 -9.963051450219702065e-01 -9.377665703077870063e+00 -2.734183942935670686e+00 6.824795848164391998e+00
0.000000000000000000e+00 -7.782180134046458697e+00 2.343822512641518863e+00 4.983286003580765566e+00 3.718617182714962777e+00 2.166456226869791113e+00 -4.622993274418931264e+00 -1.342013752219130662e+00 -8.029591316639812959e+00 -2.446855067687989216e+00 5.994788384164312589e+00
0.000000000000000000e+00 -8.045346034943957392e+00 3.233976328987013371e+00 7.029964522578950437e+00 2.582354407154350273e+00 2.313959585814048037e+00 -4.631535253806680075e+00 -4.361871088505878014e+00 -8.399904328251929897e+00 -2.547300812170904649e+00 6.434706823279852550e+00
1.000000000000000000e+00 -1.554422526510148561e+00 -8.920474658857266093e+00 -4.948318096610898387e+00 9.722857839661759982e+00 -2.301447460328676975e+00 9.582907292609954553e+00 -6.757858724521915050e+00 -1.980124171668343092e+00 7.437189783598651793e+00 5.739507682586171278e+00
0.000000000000000000e+00 -8.436134767333872020e+00 3.277220538419510110e+00 6.230021997622296581e+00 2.664417565041567570e+00 2.445743753814158872e+00 -5.209770149356706348e+00 -3.078307201416116801e+00 -7.190693471556761196e+00 -1.829855592745125881e+00 7.202068803505525807e+00
0.000000000000000000e+00 -9.946134377283947003e+00 2.101407156970161338e+00 5.067992175470879879e+00 3.136887926300706120e+00 1.624574687590765842e+00 -6.191781771055351768e+00 -2.847612593330210551e+00 -7.500297222175067446e+00 -3.582123784675367961e+00 6.337751036642142566e+00
0.000000000000000000e+00 -7.867947205804563637e+00 2.762578643634761466e+00 5.701967394741482842e+00 1.408171432666465606e+00 1.366215599411445325e+00 -3.427987003571827174e+00 -2.354301528538782051e+00 -7.422393362864997179e+00 -3.259876390700581439e+00 6.032806704261641784e+00
0.000000000000000000e+00 -8.910174989321870243e+00 3.945061006468282727e+00 5.793284999315674533e+00 2.895698411461521626e+00 2.182977487379450743e+00 -5.091902249313556617e+00 -4.087329592375750664e+00 -7.030206734596070817e+00 -2.383329401899918043e+00 6.994246738192741120e+00
0.000000000000000000e+00 -7.241010004120093768e+00 2.670087901875746184e+00 5.061575903480322047e+00 2.617675767089002292e+00 3.449038146012309181e+00 -5.200201965073572019e+00 -1.883298617257123109e+00 -7.151418090555492491e+00 -1.845591698439100092e+00 7.166892057397911131e+00
1.000000000000000000e+00 -6.894995454967268733e-01 -9.857697717189614295e+00 -7.203599084909907191e+00 8.766199467154535796e+00 -5.117037785256814075e+00 1.017719390785005018e+01 -7.706361553169239542e+00 -5.377687196439246975e-01 8.678731251086890808e+00 2.610805600644087399e+00
0.000000000000000000e+00 -8.268024862422356236e+00 3.151974931205519415e+00 5.405059501249429132e+00 1.426810929194864963e+00 3.073168527330276234e+00 -5.508515135389607131e+00 -1.850359636718536871e+00 -6.366176474146870490e+00 -2.117168287739302546e+00 6.349613918931080292e+00
0.000000000000000000e+00 -9.217954111739784295e+00 3.433058049286660030e+00 5.351621580287608815e+00 2.549973093208699915e+00 2.201784151831824854e+00 -4.306412226161085322e+00 -1.473016576559979862e+00 -6.643175195464904981e+00 -2.180566942900801219e+00 7.446541948297541680e+00
1.000000000000000000e+00 -9.655656071962220866e-01 -9.537798015678788488e+00 -6.181246360190876921e+00 8.648488430118421277e+00 -3.147179917129129034e+00 9.733553026110195461e+00 -7.644481730472088010e+00 -2.979179745047217942e+00 8.877156549777682315e+00 5.659464684899960574e+00
1.000000000000000000e+00 1.715962098723887497e+00 -1.119990416992407134e+01 -4.867415679897797887e+00 9.374755151338677095e+00 -3.984906359571049439e+00 9.892983567002994860e+00 -7.906564679597831713e+00 -2.906838307358920126e+00 9.571470497317445592e+00 4.299447029320075941e+00
1.000000000000000000e+00 1.880184775085813609e-02 -1.003477952772881565e+01 -5.158167370890295089e+00 8.880334320380994129e+00 -5.518547283224997102e+00 8.947680742623504102e+00 -7.148575624655189920e+00 -1.370314646645757861e+00 8.828483999383408332e+00 3.850117724115685647e+00
1.000000000000000000e+00 1.502867598538281335e+00 -8.676873484469959763e+00 -5.983558445191367703e+00 9.462360674978443242e+00 -3.767093473141460702e+00 7.270019957839997993e+00 -7.009816201704517802e+00 -1.907075474105542456e+00 8.584749411263294050e+00 4.885066223669894292e+00
0.000000000000000000e+00 -8.149860639372723981e+00 2.839113790667194159e+00 6.951177102924000373e+00 3.329276749921012524e+00 2.351185032597072677e+00 -4.010921512552878099e+00 -1.914813025457657192e+00 -8.270095727490115678e+00 -3.451340732930868516e+00 8.147223066578723305e+00
1.000000000000000000e+00 -5.174720355282115269e-01 -1.032185368102804723e+01 -4.975862544591451275e+00 8.863008723411265777e+00 -3.935654817387566062e+00 9.853286682838501065e+00 -7.906893281422272324e+00 -6.219019423202696295e-01 7.023575374027276830e+00 5.755145194307132783e+00
1.000000000000000000e+00 1.342152702558022881e+00 -8.929435064096693964e+00 -3.568834595208435267e+00 9.857145405307491615e+00 -3.810254328830954051e+00 7.839598240206500535e+00 -6.338375100315933430e+00 -7.890350880893883811e-01 7.478448881498130696e+00 5.523349518192530283e+00
1.000000000000000000e+00 8.863381468858473333e-01 -9.091839990618117540e+00 -6.051612874474920467e+00 8.211579557280348496e+00 -4.110831262030384181e+00 8.671588262327396990e+00 -5.575655272070608071e+00 -2.686396043347725637e+00 9.251066449078500398e+00 3.890584958856787345e+00
