1.000000000000000000e+00 9.000577967889493713e-01 -5.871407239628768870e+00 -6.243237075695742710e+00 7.029842135253788982e+00 -3.509723879505732391e+00 -4.290165671168251649e+00 -5.163138384534273762e+00 7.794245023186926247e+00 9.885134471788054711e+00 -1.018988934501931887e+01
0.000000000000000000e+00 9.160318380610576128e+00 -9.468192579714237667e+00 -1.019077151426336414e+01 8.168865874331796562e-01 8.960274428433450566e+00 -2.309241012157791317e+00 1.076093236653754115e+00 7.185525771574756249e+00 -6.767666615599648772e+00 6.695536072155604757e+00
1.000000000000000000e+00 2.145950857214220520e+00 -5.884615769210165048e+00 -7.480265810127657566e+00 5.801552634656792051e+00 -3.363181041791933445e+00 -5.437979414963568736e+00 -5.914325379550756878e+00 5.071310823915411881e+00 7.795938640043812207e+00 -9.633196878299163046e+00
0.000000000000000000e+00 9.840297657729525582e+00 -7.575731827142574204e+00 -9.191735000351583196e+00 8.899599918949829824e-01 8.731730294476300003e+00 -7.131071975431801935e-01 2.941982205871853218e+00 7.202768272843890429e+00 -6.894080195817127610e+00 7.639433166373006401e+00
1.000000000000000000e+00 1.080153025975112646e+00 -5.714501741052973038e+00 -7.476435636819763531e+00 7.759581579409967844e+00 -3.156341000856810020e+00 -4.878808535276556668e+00 -6.108444524685233468e+00 5.563357647675600148e+00 8.737269222436946592e+00 -8.816025141545223320e+00
0.000000000000000000e+00 9.211484512278243386e+00 -7.574878156398111351e+00 -8.028584064907649420e+00 1.565200108144582325e+00 8.934182234743900608e+00 6.433300240462724862e-01 3.170855074964806342e+00 8.765861488271168511e+00 -7.296994943820564572e+00 6.915230825030163508e+00
1.000000000000000000e+00 1.578108224187385611e+00 -5.872983010743245913e+00 -8.291752151452067565e+00 8.943329309017151729e+00 -2.822137268527255216e+00 -4.517516612067671744e+00 -5.481966138915831621e+00 6.523018165053860784e+00 9.421753795681020449e+00 -9.433445822406627101e+00
0.000000000000000000e+00 8.993131633024088245e+00 -9.174120265525470330e+00 -8.172982885107641593e+00 1.626385983941337043e+00 8.595316938251013283e+00 -7.555708183600429173e-01 3.994204690847284134e+00 8.009898904685078591e+00 -8.215341346692316193e+00 5.697462831901432878e+00
0.000000000000000000e+00 1.147493671191524811e+01 -9.977233942020900415e+00 -7.192090400072451928e+00 -1.906803800485672440e-01 8.485390247055295987e+00 -9.952802314627416935e-01 3.348547033483269875e+00 7.321701440355122159e+00 -7.470703001228307549e+00 7.236208515985310008e+00
0.000000000000000000e+00 1.004897861932892944e+01 -8.921615429635430417e+00 -6.264328568057543123e+00 5.041726666122599010e-01 1.039215819854564415e+01 -5.347615616629005642e-01 2.109674915321929856e+00 9.389476380953048817e+00 -6.780218223038369629e+00 7.447600091309675818e+00
1.000000000000000000e+00 3.062425970306938083e+00 -5.914922285590870743e+00 -5.605975396237295350e+00 6.778998366465319059e+00 -3.582870489024019278e+00 -5.232201467673293749e+00 -5.631469847130905926e+00 7.436688825208868536e+00 7.890118902047534633e+00 -9.629895855068005162e+00
1.000000000000000000e+00 6.677831958150204361e-01 -6.691803733943013199e+00 -8.412859765589466576e+00 6.858365997051846463e+00 -2.785551404378940887e+00 -4.844649934260239377e+00 -6.642995913396115171e+00 7.107286309274623015e+00 9.959925322318815333e+00 -9.610667786124274414e+00
0.000000000000000000e+00 9.315595898675571362e+00 -9.672129300582584577e+00 -8.954867684524792537e+00 -2.848863890646975428e-01 9.491173770288112266e+00 -1.001612199394018354e+00 2.464691280247701677e+00 9.941663349324041832e+00 -6.097892252532224333e+00 7.545068976709219832e+00
0.000000000000000000e+00 8.929250535677866196e+00 -8.351605099306535607e+00 -6.411221714558607232e+00 1.052621565428094152e+00 7.969802707094327587e+00 -1.295189594178127734e+00 2.996797516348101542e+00 1.004382349969064059e+01 -5.980716100641511268e+00 6.350768716271868897e+00
0.000000000000000000e+00 9.847102126831154933e+00 -7.871390433694154254e+00 -7.542979828950062249e+00 1.151007663963895311e+00 8.829474270741052067e+00 9.188200262857333378e-01 2.561889048980307670e+00 7.632418273200981318e+00 -8.440268069772264070e+00 7.051424458963317043e+00
0.000000000000000000e+00 1.031243384637567750e+01 -7.720836950624686779e+00 -8.074241515018352189e+00 4.495115754131672192e-01 8.029221936893790712e+00 -6.992900661983134647e-01 3.682519620492633816e+00 8.479592684623726839e+00 -5.865561852873895532e+00 6.460034375894699643e+00
0.000000000000000000e+00 1.109693284009195047e+01 -7.779777683107659492e+00 -7.786852896857551443e+00 1.204204512238636005e+00 8.992720969327034908e+00 -1.570540511469720846e+00 2.618042344453824999e+00 1.034204933013813488e+01 -6.080765894377020864e+00 8.865807715213314566e+00
0.000000000000000000e+00 1.019636357515403802e+01 -8.892871808941249512e+00 -9.079162479859718360e+00 3.375170888757573762e-01 8.612816891779136341e+00 -9.222423888695283622e-01 5.341969943746260441e+00 8.892094748060353382e+00 -6.679173282049080562e+00 6.730894455694298451e+00
0.000000000000000000e+00 9.901445278196776556e+00 -8.694399260106013827e+00 -6.876778182491688263e+00 -5.192912835030396579e-01 8.795354447842846923e+00 -8.831523960342603230e-01 4.355570150590262202e+00 8.973716329277973358e+00 -8.358406769721590024e+00 7.862093964026628967e+00
0.000000000000000000e+00 9.276057584894415342e+00 -8.950455800015697960e+00 -7.785483562698678917e+00 1.361331029237027312e+00 8.502561552421056490e+00 2.476507056797159212e-01 3.401749675116552574e+00 7.491146644556344825e+00 -6.564837444455492665e+00 7.189552897600531622e+00
1.000000000000000000e+00 2.262680574140484069e+00 -4.486785727013141489e+00 -7.970072044739066719e+00 6.054215325524256563e+00 -3.038955820045365908e+00 -5.119727684131118117e+00 -6.346810750202035223e+00 6.709510044533772088e+00 1.113863775918533960e+01 -9.355561380329126209e+00
0.000000000000000000e+00 7.773144538771828316e+00 -8.842771699702971944e+00 -7.272139541287770292e+00 -7.698373149808956928e-01 8.300426100947200680e+00 -2.108311663395053159e+00 2.832754989087775233e+00 9.076540768486367483e+00 -6.949511256243352975e+00 7.299368972654458609e+00
1.000000000000000000e+00 1.566757666122903014e+00 -5.955882245984065015e+00 -6.651558645892795774e+00 6.531870006256963457e+00 -5.732865676456153636e+00 -4.192141853579800070e+00 -6.145317318899250481e+00 6.531300483488341690e+00 8.643231299773544762e+00 -1.015496303054458771e+01
1.000000000000000000e+00 3.389874003784922873e+00 -5.555446787371359996e+00 -7.834342691981881934e+00 5.210247906307509780e+00 -2.659732524324749825e+00 -4.724055612117186165e+00 -5.611840731327838228e+00 7.444349065383407016e+00 9.771604720535322031e+00 -9.649338140892835369e+00
0.000000000000000000e+00 8.909927951943279467e+00 -9.554063151234858609e+00 -8.517854441885667427e+00 1.980792873385895714e+00 8.291229970372585356e+00 -1.037419735237444351e+00 3.386016696183097086e+00 7.770504543955738086e+00 -6.649392217419917372e+00 7.904957115506984877e+00
1.000000000000000000e+00 8.235786437934835558e-01 -5.577958832954008628e+00 -5.253477139701925758e+00 7.695131286219820232e+00 -3.009411359389475127e+00 -5.740837364072834070e+00 -6.721348005337336673e+00 7.647903889511443509e+00 9.613807626072471635e+00 -9.673288709145696274e+00
0.000000000000000000e+00 1.020074520239070814e+01 -8.019504692416429492e+00 -7.597898048922953507e+00 2.855445131007200432e-01 8.800775164523408023e+00 -8.194741692213767248e-01 2.268632600105753738e+00 8.171984435368271349e+00 -7.159910387115288266e+00 6.519069032955234988e+00
0.000000000000000000e+00 9.763391025225230280e+00 -9.134147839998069784e+00 -8.829782355680551476e+00 5.637486242663103386e-01 9.574106461870515616e+00 -2.899356105509636183e-01 4.251630330279287939e+00 8.643775131850263804e+00 -6.430352696142663582e+00 8.123300148457946790e+00
1.000000000000000000e+00 1.454236283448188338e+00 -6.464604878584712111e+00 -7.314091315959579731e+00 7.026392211615075212e+00 -4.023094144289392382e+00 -3.280710239164901676e+00 -5.557132911780698237e+00 7.280984258893447247e+00 8.300753903486905116e+00 -7.900105086605897498e+00
0.000000000000000000e+00 8.874632199172413749e+00 -8.862463687820127944e+00 -7.152186532974430300e+00 4.905348542574758941e-01 8.831921685640041986e+00 -1.763328483011996184e+00 2.890603038436105887e+00 8.956459125043728875e+00 -7.482587686548773043e+00 6.891359886591125417e+00
1.000000000000000000e+00 1.332995801714437434e+00 -4.697490273711122377e+00 -7.352347883368420156e+00 6.980948457373020055e+00 -3.637661371632527452e+00 -4.731140442296684512e+00 -4.839667749842107014e+00 6.725013923992089637e+00 9.141723784611587078e+00 -8.719977163362885975e+00
1.000000000000000000e+00 2.171932041814568226e-01 -5.919495986341143379e+00 -7.454413319553813366e+00 6.758752121196257789e+00 -3.033893301975596035e+00 -4.914831512237286759e+00 -6.262752838430047042e+00 7.668851090081410860e+00 9.085984639569581134e+00 -9.498479315020514235e+00
1.000000000000000000e+00 3.053481339002754424e+00 -4.940362235016069192e+00 -6.823870894072035398e+00 6.164523538562925786e+00 -2.466188578442030988e+00 -5.479537418428874318e+00 -6.559049406510077063e+00 6.850822366770646710e+00 9.640347700697672551e+00 -9.097659436804603317e+00
1.000000000000000000e+00 1.360236744916160756e+00 -5.148886643690422815e+00 -8.272465982209297408e+00 7.720844241175274902e+00 -3.188567366106648926e+00 -5.210540588091584269e+00 -5.379694495566927692e+00 7.119261076883621087e+00 1.059851448957251918e+01 -9.331524975924931908e+00
0.000000000000000000e+00 9.875406648023856704e+00 -8.172912422114729125e+00 -7.391586588170222960e+00 5.476155975539509502e-02 9.427518013342949033e+00 -2.002821756894407113e+00 4.686375605085793872e+00 9.486091061182719386e+00 -6.390880421008142243e+00 8.375667439819283189e+00
0.000000000000000000e+00 9.307551913850735659e+00 -9.404793804422432402e+00 -7.000847017084531387e+00 1.476163668421285102e+00 8.813309105237680185e+00 -8.055470345604203164e-01 4.124460807737158063e+00 7.974866501351842274e+00 -6.589464149671754534e+00 6.941103595191214559e+00
0.000000000000000000e+00 9.800673311459116022e+00 -9.468277395995082557e+00 -7.757071864564115238e+00 4.137267261049884515e-01 8.506539422671362871e+00 -1.277102206161731868e+00 4.557521243485256335e+00 9.856478867374555364e+00 -7.056652223512579702e+00 7.071634458338919238e+00
0.000000000000000000e+00 1.045706224057393463e+01 -7.831230427075314360e+00 -8.429155200169237361e+00 3.585075773742563143e-03 8.954037799848265422e+00 -3.020143904680273605e-01 2.469022151292887379e+00 8.720014598149647966e+00 -6.077371874217149639e+00 8.363353778483110901e+00
1.000000000000000000e+00 2.418375956850211672e-01 -4.813042140534935953e+00 -7.241981864489470233e+00 6.141760503691483741e+00 -5.541635020937736300e+00 -6.259563792584831532e+00 -6.079599523043834886e+00 7.224993361365741329e+00 8.701872449670336351e+00 -1.010638764951645818e+01
1.000000000000000000e+00 6.281390603765222291e-01 -5.154458967145157722e+00 -6.543770595449047711e+00 7.813234004094649521e+00 -2.265016089684204204e+00 -4.166656669638769905e+00 -5.224665115908996960e+00 6.978302588558133124e+00 8.990970938635658882e+00 -9.997844463638365653e+00
1.000000000000000000e+00 2.699847734560215429e+00 -5.800143305900148150e+00 -7.786229587126763718e+00 6.946914214311829205e+00 -3.518346205243531255e+00 -4.044674962271304075e+00 -6.213059971971545359e+00 7.266629132682539627e+00 7.840335173994787965e+00 -9.518810694741663525e+00
1.000000000000000000e+00 1.894739517181114996e+00 -6.397716457262323075e+00 -7.563823435105494042e+00 6.577105089721086095e+00 -4.004877869204644725e+00 -5.435064828658539682e+00 -5.493495056228863582e+00 6.386483039086010116e+00 8.716008527769977476e+00 -9.293489019266822027e+00
0.000000000000000000e+00 9.613581929431003203e+00 -8.364041079599228823e+00 -5.832656084987476675e+00 9.670900044829289222e-03 9.875439937496409470e+00 -1.764459596105243389e-01 1.997443550617046482e+00 9.943835508469245354e+00 -6.646174869903460625e+00 6.107308139553595083e+00
0.000000000000000000e+00 8.390457540504574041e+00 -8.895210874971949622e+00 -7.423049741700269877e+00 -2.531378499115297664e-01 8.964698146427833692e+00 -2.289173177999338282e+00 2.079769565729790770e+00 1.110696599421055097e+01 -6.104875868279389550e+00 8.777813575648270472e+00
0.000000000000000000e+00 1.030708545850874813e+01 -9.158344717188741768e+00 -7.036602579396379120e+00 -4.676394780253123606e-01 8.117833852999005728e+00 -4.939346184481671065e-01 3.326471688030612661e+00 8.228008045453563568e+00 -5.908748579450452176e+00 7.465663043952906364e+00
1.000000000000000000e+00 1.180018250017816017e+00 -6.450615276228218953e+00 -7.761362082727350398e+00 6.626754989538652829e+00 -4.141122626965151987e+00 -5.003243311588407849e+00 -6.105599598555466301e+00 7.534593083663946977e+00 9.815951724189307726e+00 -8.706679612096939636e+00
1.000000000000000000e+00 1.512253168205171638e+00 -5.557382618756369297e+00 -9.312153722082195273e+00 6.760535666046146197e+00 -4.652978581745355946e+00 -4.628837254082583286e+00 -6.000603257295096249e+00 8.076108072113973080e+00 8.449832780006151012e+00 -9.757919763119533130e+00
1.000000000000000000e+00 1.845393020861282096e+00 -5.927225007446416782e+00 -7.844235453432767180e+00 7.038443763273870779e+00 -3.267055833240737783e+00 -4.983568849915908316e+00 -5.513010535776268206e+00 6.985978029375443654e+00 1.016932059879145278e+01 -9.372621262590685731e+00
1.000000000000000000e+00 2.505592124390927822e+00 -5.946905411103254657e+00 -6.037914501387971811e+00 6.677643714525729912e+00 -3.048202272980450545e+00 -5.341918626972030459e+00 -6.990089468912981552e+00 6.476158271412746359e+00 8.703628767598342364e+00 -1.057875128357484584e+01
1.000000000000000000e+00 4.162469679596564331e-01 -4.980943073563645740e+00 -8.662354750439142492e+00 5.328884006567628617e+00 -4.184509713908632023e+00 -3.989001507343644448e+00 -7.434121527390656681e+00 6.979049032892007176e+00 8.339016198877494901e+00 -8.644892845924486480e+00
1.000000000000000000e+00 1.068558274338228475e+00 -4.416113371262595066e+00 -6.603763065389202325e+00 6.485309228402557302e+00 -4.611191779306517802e+00 -4.555852743759165158e+00 -6.829515491219878776e+00 7.163093258517653439e+00 1.133487605976206858e+01 -9.608959219161729237e+00
1.000000000000000000e+00 1.566906142411305991e+00 -4.973458483013216913e+00 -8.112772044517617687e+00 6.551693003081208388e+00 -2.272050837678129653e+00 -4.329809952234271897e+00 -4.500115725119170129e+00 7.255487443582764762e+00 1.096266594231151892e+01 -9.569262101860628533e+00
1.000000000000000000e+00 2.635569703697782984e+00 -5.145298212391526960e+00 -9.555574131448818065e+00 5.959739798206648231e+00 -3.646735128149957816e+00 -4.196349368389237000e+00 -6.845772511098273228e+00 5.499336469740767619e+00 9.775684603497985847e+00 -9.027105873606744879e+00
1.000000000000000000e+00 2.755270708241992494e-01 -6.176838350681382650e+00 -7.926031882773123982e+00 6.594551685470361413e+00 -4.521555292665580872e+00 -5.773771178412260063e+00 -4.609456709688301679e+00 7.541268142917171069e+00 9.472535081689390069e+00 -1.006297974072263735e+01
1.000000000000000000e+00 5.408409675011324191e-01 -4.810593873362034145e+00 -7.522831697240170534e+00 4.382675022100757545e+00 -5.360254764739129207e+00 -6.268719052671425374e+00 -4.858766394088332774e+00 6.266110834294093657e+00 1.019757143217342588e+01 -8.077152589389037018e+00
1.000000000000000000e+00 8.622457726987974302e-01 -6.633413510637835131e+00 -7.279437981927626922e+00 6.969444204787553332e+00 -2.844229540749801277e+00 -3.616307584253472207e+00 -5.278973511636698035e+00 7.384265447079156885e+00 1.029062000632319496e+01 -1.021560503054138103e+01
0.000000000000000000e+00 9.640199073514303052e+00 -8.059492082015344394e+00 -7.272301850257026246e+00 1.399943633363810669e+00 7.233107309065747614e+00 7.663208785550252866e-01 1.773555637968114107e+00 8.850919375748835805e+00 -5.860081345769113881e+00 6.942565320439451071e+00
0.000000000000000000e+00 9.128939161189434159e+00 -8.005001872525161488e+00 -7.966069966725905616e+00 6.035763899335991889e-01 7.338252635020496406e+00 -1.695217059757440303e+00 4.054589547337951849e+00 1.094472850071866077e+01 -6.336200366087245683e+00 7.031450229480427971e+00
1.000000000000000000e+00 9.197040567433834024e-01 -5.647831095026061732e+00 -8.250481633729657815e+00 7.692794351243315454e+00 -5.445295023962661851e+00 -4.572011700318304506e+00 -5.773316522390164351e+00 5.938643489136778975e+00 7.865855640401877125e+00 -9.326539078884593437e+00
1.000000000000000000e+00 7.384081534773969668e-01 -6.084247073589508226e+00 -7.402111895871756886e+00 6.073670131994628463e+00 -4.858988166179287305e+00 -5.908385080440829995e+00 -6.123788068375584537e+00 7.814027739808193651e+00 8.581654871267433649e+00 -9.729682860886837759e+00
0.000000000000000000e+00 9.437227666937234360e+00 -8.964307794885060687e+00 -6.110284556358168473e+00 1.316863604558746959e+00 8.819759438963211906e+00 -1.559368027516417232e+00 1.863671177229294429e+00 7.970231927111116832e+00 -6.429765016634829244e+00 6.348885129051013543e+00
0.000000000000000000e+00 1.014780434494641703e+01 -8.727147347891373030e+00 -6.465383747859139163e+00 1.309099615565097352e+00 8.296627042468925239e+00 -3.560504800317542129e-01 3.257982940478986400e+00 7.361329240838324850e+00 -7.452792354027383048e+00 7.985788433867401892e+00
1.000000000000000000e+00 1.260865153961023610e+00 -6.341643172996521471e+00 -6.612767131375121288e+00 5.929802682516159607e+00 -3.543879692216123534e+00 -4.352053863699890890e+00 -5.612030266892591435e+00 6.832802659735531137e+00 9.580139424074863186e+00 -9.372775306131876150e+00
0.000000000000000000e+00 1.029271490708319092e+01 -8.557891139297248984e+00 -7.655687462448042879e+00 -8.916536371896541802e-01 9.328454662090523541e+00 -9.688578703761415722e-01 1.915113127243017743e+00 7.618238147197776478e+00 -6.971397857593136571e+00 7.519152095239904909e+00
0.000000000000000000e+00 1.112269885494444921e+01 -8.429689781938222382e+00 -7.485850498135894426e+00 3.497835793403729077e-01 9.508010979448934918e+00 -6.008018123558933610e-01 1.131858275961566740e+00 8.327129110242099230e+00 -6.466847129453961784e+00 7.140136475579529574e+00
0.000000000000000000e+00 1.081655948733322070e+01 -9.070867670430056151e+00 -7.750576358877081518e+00 2.288277552794449332e-01 9.218600976654775181e+00 -8.327591598762549285e-01 2.607241857267901697e+00 8.880398277970508403e+00 -6.316150766881916567e+00 7.579627895280968808e+00
1.000000000000000000e+00 -6.728710220587934554e-01 -4.658743618852644097e+00 -6.836799587066090034e+00 8.499393860256615696e+00 -3.147985389928181998e+00 -5.526393961622485307e+00 -6.040250661104700214e+00 7.323382361420592623e+00 9.889506018654087072e+00 -8.015541930372947377e+00
1.000000000000000000e+00 1.680800734675795383e+00 -6.405771426179355466e+00 -8.102387712676955900e+00 5.922827505664219672e+00 -4.818500199670171291e+00 -3.895900260388257763e+00 -7.451884936317787478e+00 6.925905879603347692e+00 9.847180933686280113e+00 -8.795348347293682423e+00
0.000000000000000000e+00 9.683108526143261230e+00 -9.435824227326225611e+00 -7.465418536950254591e+00 -4.102844826182514559e-01 8.651930245295728739e+00 -7.476436733490264830e-01 4.320552546841943453e+00 8.028644023877795632e+00 -6.465139824014845438e+00 7.377956914560501289e+00
0.000000000000000000e+00 1.047287887739099688e+01 -8.389279915892966955e+00 -7.762455708127736109e+00 4.299625314821901578e-01 8.182470843081040002e+00 -1.134274357212587070e+00 4.417843945545517848e+00 8.318802376170630453e+00 -6.630030181260501365e+00 6.004218330912567403e+00
0.000000000000000000e+00 1.065099105928102574e+01 -8.136351707490270257e+00 -6.674952897056940060e+00 5.497433180615124426e-01 9.969583980634697085e+00 -1.699897094664744923e+00 3.462266864568942282e+00 9.445963725156277135e+00 -7.039402508749532217e+00 7.665088151548177464e+00
1.000000000000000000e+00 2.519203223336019093e+00 -4.376088688500209933e+00 -8.911549655452315477e+00 7.198479788174823035e+00 -3.493779285487945696e+00 -4.942692818031457769e+00 -6.782080489472027018e+00 6.517539213288229938e+00 1.146822228251372167e+01 -1.039563627294038639e+01
0.000000000000000000e+00 1.109566754765428520e+01 -7.741931072429588667e+00 -8.849281071702693069e+00 -1.914736730725730141e-03 7.472562550339800325e+00 -1.086378936674293083e+00 2.056675478158433990e+00 7.388572990362917814e+00 -5.910909925798806697e+00 8.929471148851314766e+00
0.000000000000000000e+00 9.354369574998495196e+00 -8.814668674149341854e+00 -9.787274259590681424e+00 9.830881042915273760e-01 8.053612205130766810e+00 -1.920533936061931346e+00 3.602456332672050010e+00 9.896256854425008243e+00 -5.996186692890518977e+00 6.941530223074670047e+00
0.000000000000000000e+00 1.090246605670826519e+01 -9.083539878809837376e+00 -8.862235729159657183e+00 4.996542855600066835e-01 8.978436787440783107e+00 3.285154762639219683e-02 3.476677798056059920e+00 1.197705824188462387e+01 -6.674520023685490244e+00 6.650466251493948100e+00
0.000000000000000000e+00 1.016920065973280529e+01 -1.030326421188843611e+01 -7.380610193501553340e+00 -6.197764348616519037e-03 8.459009383467849474e+00 -1.770037632936834582e+00 2.449692517767244837e+00 8.868221249462546751e+00 -6.348454091575098879e+00 8.870203253925181386e+00
1.000000000000000000e+00 8.750324723818948547e-01 -6.519712242427955218e+00 -8.465505382410055901e+00 6.596739703636646190e+00 -3.977577342492710777e+00 -5.328141119053911190e+00 -7.351735600285405958e+00 7.058641895157863111e+00 1.148029158065581612e+01 -8.550396766175660801e+00
0.000000000000000000e+00 9.520524703750176343e+00 -9.141427296880895170e+00 -6.101816736468962610e+00 4.172983026248099359e-01 1.004033060649201126e+01 -7.625244219697915327e-01 2.354703104298840444e+00 7.477059021871704125e+00 -6.294948440227739361e+00 7.488221559233979363e+00
1.000000000000000000e+00 2.144022228962092491e+00 -5.733879416466476364e+00 -1.044389621063742446e+01 6.605867150622524164e+00 -1.841701875023681323e+00 -4.435572582411121623e+00 -6.175998089404107105e+00 7.703835464042303016e+00 9.967406354492247544e+00 -9.595613844679869331e+00
1.000000000000000000e+00 1.787417497276099887e+00 -7.028326639713782242e+00 -6.933429986109095111e+00 9.677095220536671150e+00 -3.542219576916616042e+00 -5.161750054741568228e+00 -5.854306320128528363e+00 8.724585176004318043e+00 8.608060681868394681e+00 -9.663981168237018693e+00
0.000000000000000000e+00 1.125263120629199598e+01 -8.909388319657441713e+00 -7.826275346508340114e+00 -4.109900064249205620e-01 8.488720768770503966e+00 -2.209951857522801433e+00 3.098140547622530772e+00 9.202705530815997292e+00 -7.235901459979640293e+00 7.678106833742206483e+00
1.000000000000000000e+00 3.118949050051034177e-02 -5.043279850479742699e+00 -7.198727268457475681e+00 7.567115024607039331e+00 -2.319942194187902373e+00 -5.543029344577094619e+00 -5.265296864990117953e+00 6.966211933324819583e+00 1.016455430332597309e+01 -9.671661371419649100e+00
0.000000000000000000e+00 9.266644992683382043e+00 -8.667904340512100347e+00 -7.072866304509515700e+00 -3.269544118620985040e-01 8.324416506756653789e+00 -7.947585112953263753e-01 3.726892184394567487e+00 7.850381986540835300e+00 -5.754693139746448693e+00 8.277544843692721699e+00
1.000000000000000000e+00 1.250054136428520479e+00 -5.566260971738612895e+00 -8.668922761738691918e+00 6.363844592923973309e+00 -3.536355393516235512e+00 -4.928723682389231975e+00 -6.227427544422101668e+00 8.048061325494643370e+00 8.009297170574583902e+00 -8.822474080235402027e+00
0.000000000000000000e+00 8.329645507226073775e+00 -8.371525747036839604e+00 -9.010163697849680631e+00 1.017598951186471368e-01 8.573678301784092071e+00 -2.351363947825354739e+00 2.693574140152154683e+00 8.605953576809888261e+00 -5.596379066032792338e+00 6.870801491879653611e+00
0.000000000000000000e+00 9.896315460988933665e+00 -8.328419495962089414e+00 -8.760441341765051959e+00 -2.357690402519302397e-02 8.922563467772681278e+00 -1.057491778322106946e+00 2.940192247784823465e+00 8.586857233932617461e+00 -7.132618956312073877e+00 6.178091187812591478e+00
0.000000000000000000e+00 9.036437885754889265e+00 -8.366858696846218635e+00 -6.969761128860370469e+00 -9.703926326889180665e-01 8.714602581001114956e+00 -2.519116411357650076e+00 3.231220836521867312e+00 1.054694574107594818e+01 -6.429308555323316909e+00 8.499803122231520902e+00
1.000000000000000000e+00 1.430716855654513342e+00 -5.528101565744609758e+00 -7.054212931514442175e+00 5.947659049128091624e+00 -2.072239543244864812e+00 -4.569458158739058362e+00 -5.362922125326186062e+00 7.322474615003928378e+00 9.850631355904662101e+00 -9.308547123252282063e+00
1.000000000000000000e+00 1.247593620567639672e+00 -5.292460960906790746e+00 -6.857108579074012944e+00 6.167976160587332224e+00 -4.379410704058210868e+00 -5.344071279393298290e+00 -6.937327547888313184e+00 6.834354906089866510e+00 1.077642666532389626e+01 -9.621459554397569391e+00
0.000000000000000000e+00 9.337446608705963769e+00 -9.487689878762756379e+00 -7.815188869930047133e+00 -6.626469113816424450e-01 8.735661833284753541e+00 -8.246370298920930875e-01 2.156594760936229704e+00 1.051985731924884426e+01 -6.639411441692684157e+00 7.081705448172186834e+00
0.000000000000000000e+00 1.051121934638236866e+01 -8.260820962750374363e+00 -6.513539300074371319e+00 1.034945990436427099e+00 9.907804311916246220e+00 -1.547330676434716334e+00 3.963382573778043927e+00 7.677866232595274454e+00 -5.776190575410720562e+00 8.275722810773320504e+00
1.000000000000000000e+00 -1.990088551602671174e-01 -5.310437917526705576e+00 -7.392308794271191807e+00 6.538454081407881979e+00 -3.785377356454908249e+00 -4.228186849969291394e+00 -5.852116162798208343e+00 6.016800384978560956e+00 1.003179857623829818e+01 -1.040616000311284495e+01
1.000000000000000000e+00 1.256668728271248536e+00 -5.596110898043456849e+00 -6.295930225937398816e+00 6.957211412875142997e+00 -3.446265733393433450e+00 -5.105187894000891013e+00 -6.685672929733617487e+00 6.929120959149375203e+00 9.025745210452052802e+00 -8.664736494094636754e+00
1.000000000000000000e+00 9.723708445316160409e-01 -5.387933389876173429e+00 -8.077735862816513901e+00 4.633946206193998663e+00 -2.617290886635855074e+00 -5.153030206147685810e+00 -5.514356839212082306e+00 6.552229999319187037e+00 9.760598081658372394e+00 -8.855769970922802159e+00
0.000000000000000000e+00 9.587263134175627144e+00 -8.333641901608661584e+00 -9.289468406151986102e+00 -3.060579976049018214e-01 8.675596697061962459e+00 -1.594121322787858563e+00 2.705024065746072459e+00 9.472733459533561273e+00 -7.282199219775742804e+00 7.261829919654375409e+00
1.000000000000000000e+00 1.306657344214036565e+00 -5.957645366788060670e+00 -5.184255165367774865e+00 7.769555754124765734e+00 -3.945871061254200285e+00 -5.699422014433371153e+00 -6.439815191063830824e+00 7.298613890154271644e+00 7.855734719221642237e+00 -9.340919709167263107e+00
0.000000000000000000e+00 9.180622151686485211e+00 -8.468215865550869026e+00 -7.472007786058519230e+00 4.895337464331868671e-01 8.552849289560739976e+00 -6.104277392431485261e-01 2.594151049345111204e+00 9.867739810808854983e+00 -5.969052216779420661e+00 6.841903995240203429e+00
1.000000000000000000e+00 2.323267028471952322e+00 -6.355010650567379571e+00 -9.009635676512774083e+00 6.226554983198900217e+00 -4.570281744890971609e+00 -6.187078832992143340e+00 -5.678495401229629813e+00 7.307232875712630360e+00 8.037113966610039739e+00 -9.177219360436696505e+00
1.000000000000000000e+00 1.384547454922629539e+00 -5.141982620722346908e+00 -7.498735554363801903e+00 6.995233025966409279e+00 -4.339786233608306176e+00 -6.754981574381238474e+00 -5.310641972995387761e+00 6.962098849464650741e+00 9.856394756028262094e+00 -8.600716623203357614e+00
1.000000000000000000e+00 1.537626258934204460e+00 -5.777007631540398869e+00 -6.789655691135901172e+00 6.934496273271316902e+00 -4.366082261488150706e+00 -4.353265682168091288e+00 -6.928714310423514711e+00 5.679105467384050421e+00 1.045016278795964837e+01 -9.250052869466413696e+00
