1.000000000000000000e+00 -5.443569337779438300e+00 6.110930628441005652e+00 -6.548173135955457802e+00 -3.470098389554187701e+00 -2.909905331654643490e+00 6.025216431606922995e+00 4.742252364815390919e+00 -2.359076611356264452e-02 -6.555937838047811717e+00 -1.556548482760892860e+00
0.000000000000000000e+00 4.040792075629808799e+00 -5.474693219826663793e+00 7.147139505526737935e+00 -5.000024694394108238e+00 -8.129284131049544726e+00 -2.703584009660608523e+00 2.904260489146052837e+00 -5.836412972570309776e+00 -9.026241171541739661e+00 -2.102424678074295450e+00
0.000000000000000000e+00 4.038346392517470740e+00 -4.733889533047669573e+00 6.234785792145073557e+00 -7.603342641933219070e+00 -6.518215374616948665e+00 -4.260710877114163075e+00 3.681165036732545470e+00 -4.979036840800473485e+00 -7.755274085193120115e+00 -2.143228848818419241e+00
1.000000000000000000e+00 -7.728329149113064567e+00 5.340117010351607796e+00 -5.092804059913778048e+00 -2.055705333160642301e+00 -1.887185082284532633e+00 5.066659236498799679e+00 5.387265024285139425e+00 6.423527005100326814e-02 -6.556022258373118028e+00 -1.156436579582972080e+00
0.000000000000000000e+00 3.502895857845413463e+00 -6.203378986097639824e+00 7.896369782950178440e+00 -5.624980581324930284e+00 -6.012130799307332296e+00 -3.162579213689378221e+00 1.445909304685789820e+00 -5.528804575666288912e+00 -6.549331785712997345e+00 2.061459889453411964e-01
1.000000000000000000e+00 -6.444355482735591778e+00 4.679878926142675866e+00 -7.695436040558145230e+00 -1.313558827298868970e+00 -1.328518863476930267e+00 6.129908873195978991e+00 6.737971022007108957e+00 -1.735600923692524278e+00 -7.706811464999799632e+00 -1.779018419922193672e+00
0.000000000000000000e+00 2.114459930289230183e+00 -5.069156009189907053e+00 6.833740407734936184e+00 -7.337928033009450957e+00 -6.004624389832949660e+00 -4.162690027723604302e+00 1.472973993770146706e+00 -3.951508967565425134e+00 -8.265660402800767415e+00 -2.285675003601797428e+00
0.000000000000000000e+00 3.581265560604927511e+00 -3.696833255931655238e+00 8.369488486669190763e+00 -6.642667067267539416e+00 -6.544163742348436230e+00 -4.752455324861692532e+00 2.261394705612925993e+00 -4.121190071137521116e+00 -8.639323341998881745e+00 -1.803491550958387535e+00
1.000000000000000000e+00 -8.571173490114095017e+00 5.083788931468771644e+00 -4.218888524565413078e+00 -3.076774518887035459e+00 -2.882206633104372528e+00 6.542177698936297858e+00 5.658627414691689061e+00 -5.461366121065368562e-01 -6.549952260504001700e+00 -1.416920524440273388e+00
0.000000000000000000e+00 4.779732507476776249e+00 -5.604894747266872201e+00 7.062653888274831537e+00 -7.074531781059385516e+00 -6.150662743654411457e+00 -3.661797625932526667e+00 1.371442691463356844e+00 -4.610374407326363055e+00 -8.200326695148000056e+00 -7.876743402964270224e-02
0.000000000000000000e+00 5.059208773398375492e+00 -5.116564423998220867e+00 6.837639957490109666e+00 -5.629289494922582904e+00 -5.929347508764852392e+00 -2.135171414846035010e+00 6.086064531307626702e-01 -3.138331947399085387e+00 -8.333272308701673126e+00 -2.430352657792883564e-01
1.000000000000000000e+00 -9.245771248975268364e+00 5.513807593140152896e+00 -7.515010938919190586e+00 -2.938544150497414797e+00 -2.409541113542098767e+00 5.398642518291246972e+00 4.465796481604253465e+00 -6.580818253886796532e-01 -7.427318204356590847e+00 -1.123653116164845311e+00
1.000000000000000000e+00 -8.184886297612640860e+00 5.894179450618285188e+00 -7.300370283727209753e+00 -2.868050147694615859e+00 -2.218514845595816354e+00 4.711042922024448742e+00 5.556611390480786561e+00 5.817601920544079874e-01 -6.601107075757004061e+00 -2.384382949769690008e+00
1.000000000000000000e+00 -7.660490732789119406e+00 5.236956394731918429e+00 -7.560658336700464943e+00 -1.904524202131236965e+00 -3.316382042907942918e+00 5.344437769217954326e+00 5.061425940712029892e+00 -8.928232020850688233e-01 -5.395582250116103040e+00 -1.181459944897411463e+00
0.000000000000000000e+00 3.927874945475530399e+00 -4.730746762328347899e+00 6.816099314216113036e+00 -5.937886061277345640e+00 -5.914080047051541555e+00 -5.390542448747172699e+00 3.144815838509121608e+00 -5.795793988783808359e+00 -7.109029024541225539e+00 4.918561823861442583e-01
1.000000000000000000e+00 -9.775490272202500108e+00 5.993569590027148841e+00 -6.385557501657665114e+00 -3.813291290470225636e+00 -1.213800900525776605e+00 5.101972417281458227e+00 5.442948464267707287e+00 -4.032074422381702328e-01 -8.098830625559854113e+00 -1.055247469065950572e+00
1.000000000000000000e+00 -6.794957579728451158e+00 5.648952301062587722e+00 -7.650349560671942051e+00 -2.026181200038876362e+00 -3.132888364346493759e+00 5.752411653038203454e+00 7.129648300461955301e+00 -3.051070169716831315e-01 -7.231996452350332838e+00 -3.028334044113915269e+00
0.000000000000000000e+00 4.350478346281993147e+00 -4.662990368149888987e+00 6.035135430648010058e+00 -6.251276746568286136e+00 -6.680263391762877312e+00 -3.065349061848007484e+00 2.337752064362871973e+00 -5.137352837918961690e+00 -6.781734762749488610e+00 -5.251645968912551643e-01
1.000000000000000000e+00 -7.507488576043365391e+00 4.894808786855602278e+00 -8.545342188368632463e+00 -1.480508167993611623e+00 -2.499822949568990094e+00 5.471131053079103523e+00 5.847156405946687840e+00 1.149857718782459015e+00 -7.851348203182522134e+00 -2.509222856063754392e+00
1.000000000000000000e+00 -6.529035830630714798e+00 4.902672908032433163e+00 -6.288009271696064495e+00 -2.607056219403113495e+00 -2.444808205968828752e+00 5.126926348527163668e+00 6.628967248777769328e+00 3.845847255596583913e-01 -7.212958704798918319e+00 -1.109448063483400304e+00
1.000000000000000000e+00 -8.559934221656266828e+00 6.109257195515819916e+00 -5.503344153960426866e+00 -3.268798303684066653e+00 -1.867417042322275789e+00 6.184064011383092030e+00 5.222659771818772612e+00 7.666720673336948622e-01 -6.821237606290694977e+00 -2.970735174002092194e+00
1.000000000000000000e+00 -6.669616874077195057e+00 3.114280113540740302e+00 -5.657558940472885212e+00 -2.314860197757593774e+00 -2.400629885620281900e+00 6.357641701067746176e+00 6.032829973089543607e+00 -2.344958703661323973e+00 -7.825061429559800885e+00 -1.386667622550470602e+00
1.000000000000000000e+00 -8.532624218662801852e+00 4.282210702439446237e+00 -5.880008321020214979e+00 -5.211496212928445892e-01 -4.155483902524727213e+00 5.745642813248316827e+00 6.346980569489957702e+00 -2.710410190267773523e-01 -6.242544782819111404e+00 -1.107470314943167500e+00
1.000000000000000000e+00 -7.536961541776804552e+00 5.646506088383119959e+00 -7.096825523517363621e+00 -3.627914194236044665e+00 -1.658640796228989522e+00 4.762325433795135510e+00 5.287592397478507067e+00 -1.060128831153475115e+00 -6.917053627712536290e+00 -2.125052144661381259e+00
1.000000000000000000e+00 -9.081298713360608232e+00 4.500508726836558004e+00 -6.341751089923627127e+00 -3.141588555832195429e+00 -1.107801401220603221e+00 4.922899607318703907e+00 6.106813755897387175e+00 -1.000420530661217056e+00 -7.397610595049743942e+00 -2.084200318276921760e+00
1.000000000000000000e+00 -8.326106043597718553e+00 4.787847483872229581e+00 -7.225050934770573363e+00 -2.606139297253419862e+00 -3.231558625189427492e+00 5.569835629987781367e+00 6.116257087427462658e+00 -1.023147592247108939e-01 -8.557244178629375142e+00 -1.138783892425169419e+00
0.000000000000000000e+00 5.392773986227271443e+00 -6.180896148720706584e+00 6.632643909086679557e+00 -6.688936407462866995e+00 -7.142857781183576726e+00 -4.858620313143937608e+00 1.385629390262814731e+00 -4.221938476588436018e+00 -7.724697593959439779e+00 -2.478685430647471044e+00
1.000000000000000000e+00 -6.226524634413532766e+00 6.121262246356018899e+00 -5.719048440051355264e+00 -3.208326426849653412e+00 -1.891107074966184687e+00 5.499325531302875270e+00 5.578154563019134038e+00 -9.470751859105673853e-01 -7.711422030243254788e+00 -2.100456582808619466e+00
1.000000000000000000e+00 -7.801182330698671841e+00 6.053034360016407156e+00 -7.268154147422551503e+00 -7.880432279059907952e-01 -3.700722349656544896e+00 6.953955204045978888e+00 5.495050743435311524e+00 -9.767241034976351655e-01 -6.258566336489799653e+00 -1.080934028273442982e+00
0.000000000000000000e+00 4.341448817875736665e+00 -6.341956140606940018e+00 6.933058850328380984e+00 -5.115937887080799662e+00 -5.751982636447281472e+00 -3.052671981331806172e+00 2.102782807091452266e+00 -4.706667897232111208e+00 -8.210427803651729306e+00 -1.691285988679501529e+00
1.000000000000000000e+00 -7.629690154726826989e+00 5.329583201722889463e+00 -7.912563304590817914e+00 -3.012234162908064228e+00 -3.145243349970137103e+00 5.805763806882099587e+00 5.363534632746778108e+00 3.091264190840578019e-01 -7.318011430342240331e+00 -1.195817266641542531e+00
0.000000000000000000e+00 5.022675131701105578e+00 -5.287508747240925899e+00 6.368963318744137680e+00 -5.255142738069561226e+00 -7.732468588949111599e+00 -4.257271599808469809e+00 1.768990538054463268e+00 -3.772514310134012838e+00 -7.764001151472869289e+00 -5.648399591829772470e-01
0.000000000000000000e+00 4.999981022469294878e+00 -5.191459414968012887e+00 7.134683044165082144e+00 -5.201447241022573387e+00 -6.926567856796048694e+00 -4.432721721334393905e+00 2.403185614702731510e+00 -4.694779881738427640e+00 -7.042365822510139317e+00 -9.155186238551321631e-01
0.000000000000000000e+00 5.137517482683751524e+00 -5.881304932732714263e+00 8.512062661191409418e+00 -5.338522970370838117e+00 -7.189989814759976561e+00 -3.912139013619944983e+00 2.562102443147505682e+00 -5.158662493406763083e+00 -8.391011414005253854e+00 -8.670256869710086800e-01
0.000000000000000000e+00 4.067953561395980522e+00 -4.214947307959496570e+00 7.567576367698853446e+00 -6.838798041443577169e+00 -5.820387853637715381e+00 -4.847312332503323162e+00 2.253916031940797371e+00 -3.967335533394564351e+00 -6.778146087797317421e+00 -1.814303764161636190e+00
1.000000000000000000e+00 -7.929348503249471491e+00 5.067791260505901008e+00 -6.799205334569628612e+00 -3.195188728639961173e+00 -2.548086071046726353e+00 6.588774965187087496e+00 5.829919475296423848e+00 1.760788269331310385e-01 -7.537749480556731996e+00 -3.016088621793612923e+00
0.000000000000000000e+00 4.216555874837967011e+00 -4.418458323134224486e+00 7.636513997195073955e+00 -5.903607302336736140e+00 -6.862251435843566227e+00 -3.233037674719349219e+00 1.126085782692812121e+00 -2.477441675925334597e+00 -8.351296299220642538e+00 -2.269768229865888554e+00
1.000000000000000000e+00 -7.133088965161637596e+00 6.029027334755117984e+00 -7.781205599104099591e+00 -1.863844873146866199e+00 -2.016214437377869650e+00 5.948360025536343798e+00 3.961689333770811228e+00 -3.525691937911153984e-01 -8.713330367559112943e+00 -1.409737000652759864e+00
0.000000000000000000e+00 3.385070226074502919e+00 -5.640020852026037979e+00 6.018676288739960079e+00 -5.735942166319358826e+00 -5.860450013411888648e+00 -5.505505207927868128e+00 2.163442493907333564e+00 -5.006233996840614431e+00 -8.610160042485883736e+00 -2.093627959791702686e+00
1.000000000000000000e+00 -7.583877207855168834e+00 3.972762920491911931e+00 -5.276131683581496645e+00 -3.806103283718101693e+00 -3.685996432910276788e+00 5.031267925727392232e+00 5.401109580285564427e+00 -8.874424890586880554e-01 -7.975115880225236431e+00 -2.160425108932662042e+00
1.000000000000000000e+00 -7.337307321997376341e+00 4.172447206650137019e+00 -6.852294851495244643e+00 -1.869302849832034763e+00 -2.358782788979770118e+00 5.729593191472694080e+00 5.879522025505805161e+00 7.261030798745975456e-01 -7.780112895867973499e+00 -1.062231799394407039e+00
1.000000000000000000e+00 -7.704128207723991650e+00 4.304870658218705515e+00 -6.530495042631039304e+00 -1.579378418639265647e+00 -1.734255585060830995e+00 6.100742347087023454e+00 5.379813090782747942e+00 -1.490340328321678065e+00 -7.244653464271251231e+00 -1.868401842417990011e+00
1.000000000000000000e+00 -6.608997678807676301e+00 5.997762380216581590e+00 -8.054059509198900457e+00 -2.256937131982925226e+00 -3.510433180414554322e+00 5.411964736280962640e+00 5.144536054246680479e+00 1.016275449070928705e+00 -7.563634103527552277e+00 -9.677893006076403459e-01
1.000000000000000000e+00 -8.416608581849285287e+00 4.778606520004021974e+00 -6.980908887115033323e+00 -3.179917786304160110e+00 -8.841873371601391973e-01 4.716391935685073200e+00 4.679413625661504206e+00 -1.499482419789481547e-01 -7.819123229736963943e+00 -2.124080047319009790e+00
1.000000000000000000e+00 -6.072257932155558535e+00 5.638522031504527021e+00 -5.638608992412176946e+00 -3.620805306456277073e+00 -1.874681002408047137e+00 6.379129552587319729e+00 5.683688224855976578e+00 2.950804333749610375e-01 -6.385919549818024343e+00 -1.126405547619388159e+00
0.000000000000000000e+00 4.312782792717184677e+00 -3.751332020021531655e+00 7.180031408797510117e+00 -5.951313997094296759e+00 -5.863925015469463098e+00 -4.898669002682709994e+00 1.975195240996703072e+00 -3.538027189112484372e+00 -7.740848075676440843e+00 -3.622872945120962918e-01
0.000000000000000000e+00 3.444091331530879874e+00 -4.856515099973268690e+00 6.676380967602799643e+00 -6.909142921821998407e+00 -6.528526274015607811e+00 -2.195567981673224089e+00 2.219261274806459294e+00 -4.127948280568708661e+00 -8.278627808483006945e+00 -1.658145864973780359e+00
1.000000000000000000e+00 -8.853337268376780145e+00 6.772720946836633615e+00 -5.959019572795869024e+00 -2.299408207135830384e+00 -2.706243806138414421e+00 4.397589604057184687e+00 6.500575222536154385e+00 -2.354994973941414993e-01 -5.602347371217720529e+00 -1.533120976188654394e+00
0.000000000000000000e+00 5.567014819691088690e+00 -4.791210173431775132e+00 6.785117532226656145e+00 -6.027478540853153710e+00 -5.223184487917829522e+00 -3.813578639316163699e+00 1.507076261656182803e+00 -2.761187384354760965e+00 -8.607142084144964400e+00 -1.112211503113063493e+00
0.000000000000000000e+00 3.727172147775440258e+00 -4.155315244522876483e+00 5.866376588861155206e+00 -7.205524909740139705e+00 -6.178712051222108315e+00 -3.357517943566637797e+00 1.007007857210934221e+00 -4.893438722235155858e+00 -8.306584623376231491e+00 -7.327397074558572587e-01
0.000000000000000000e+00 5.256381571576214995e+00 -3.611874886849021138e+00 7.926053758032289842e+00 -5.552962379780122859e+00 -7.797162778073852607e+00 -4.445112362237181536e+00 2.981673517460062151e+00 -4.554520692837610518e+00 -6.027271429145640624e+00 -1.661353569924304274e+00
0.000000000000000000e+00 4.820775645828453193e+00 -4.233748639993678786e+00 7.620589814995140543e+00 -5.816600351154603388e+00 -7.249604665872928067e+00 -5.292647669077119588e+00 9.422372197101993585e-01 -4.823558378896619203e+00 -7.223231831689613358e+00 -1.540038407929077646e+00
0.000000000000000000e+00 6.058789244420069942e+00 -2.454122226946974461e+00 6.583438152420621137e+00 -6.239346327503721312e+00 -6.318725329699818261e+00 -3.510292104151725212e+00 2.302525625076039084e+00 -3.949751831709967576e+00 -7.317439797658752632e+00 -4.014429740438741900e-01
1.000000000000000000e+00 -7.273894305318089337e+00 6.037747880853482130e+00 -6.553539935217891355e+00 -1.849783333132485996e+00 -1.404514387379390383e+00 5.821754897478929713e+00 4.746326668454821096e+00 -3.634511149007856878e-01 -7.465214982089547924e+00 -1.594518549773169980e+00
1.000000000000000000e+00 -8.000119730869290180e+00 5.118987399018332773e+00 -8.024811270248196848e+00 -2.187247249872244836e+00 -1.352758109191363634e+00 6.316168219849061849e+00 5.319346078428022651e+00 6.111380703447006901e-01 -8.042363744477796672e+00 -1.137565023036529066e+00
1.000000000000000000e+00 -7.900109733179995430e+00 4.753672496983353035e+00 -7.518230558936615182e+00 -1.865425673839054221e+00 -2.394839957113669371e+00 6.632876590220301516e+00 4.674062734597128177e+00 -6.191007244395498876e-01 -7.978213251312809007e+00 -2.535979610642238313e-01
1.000000000000000000e+00 -7.689309008676846524e+00 3.360304387521234393e+00 -7.352821597680243570e+00 -1.130720339546744224e+00 -1.183896453482404798e+00 5.242384751068355442e+00 5.915398176848776224e+00 -2.099634874326508083e+00 -6.030054318052448181e+00 -1.596450145254116215e+00
1.000000000000000000e+00 -8.108146514382704950e+00 6.155162388671947760e+00 -6.156659329475364650e+00 -3.193928954240089269e+00 -2.097505314405882171e+00 4.777823048460767552e+00 5.608746399181790743e+00 7.163656162785039250e-01 -6.931093709854763141e+00 -1.880988625254598201e+00
1.000000000000000000e+00 -7.771928112473628580e+00 5.565285518163102019e+00 -7.914237818552964043e+00 -1.982529190640084149e+00 -2.450917007860369257e+00 5.719026501334959711e+00 5.731888695888379459e+00 3.373359113741271065e-01 -8.632400245475990275e+00 -2.719969894831697488e+00
0.000000000000000000e+00 3.297277507898466631e+00 -4.963697858956606090e+00 7.771563787839674831e+00 -6.861784317979505055e+00 -6.593713441618133331e+00 -4.666811053512745389e+00 2.303211752005194679e+00 -4.253106204046964045e+00 -7.850166796062046259e+00 -1.590124563351968501e+00
1.000000000000000000e+00 -6.255670655232290933e+00 6.226016050694510362e+00 -8.045341560072436948e+00 -1.856605462923381467e+00 -1.885032874152552385e+00 5.700421455142999250e+00 4.023042400011062725e+00 -1.668505465169657087e-01 -5.904481503033968792e+00 -2.629953177272862153e+00
0.000000000000000000e+00 6.213184768151355897e+00 -6.683480486728564429e+00 9.231880521796940187e+00 -6.376696191879505982e+00 -6.131040354380493440e+00 -4.376143322639896915e+00 2.004736400101139626e+00 -4.702891460591652972e+00 -6.987769715081842747e+00 -1.301518336930221453e+00
1.000000000000000000e+00 -7.302500364593043969e+00 3.472793386899735602e+00 -7.729359775485836082e+00 -1.560516803338163339e+00 -3.009780138819381001e+00 5.568442965145457002e+00 5.128257995081620280e+00 -1.102553416613408110e+00 -7.007328558355365722e+00 -1.304441442797259931e+00
0.000000000000000000e+00 5.139648995161475220e+00 -4.000647728394445934e+00 7.448087523101014185e+00 -6.042021835099559368e+00 -5.754441828001975345e+00 -4.454506587529572847e+00 1.533187954360754279e+00 -3.347905177736159033e+00 -8.040820482216128440e+00 -8.751782052016138236e-01
0.000000000000000000e+00 5.556791968399712012e+00 -3.262033615868388026e+00 7.400872453277633767e+00 -5.913331330584947310e+00 -5.354383408076738959e+00 -4.108288057213046685e+00 1.150609715272948197e+00 -5.418038388943607231e+00 -8.151993041144960372e+00 -1.311290083782531424e+00
1.000000000000000000e+00 -7.783564785202702119e+00 4.366106640084573165e+00 -9.627987858997402171e+00 -3.268161789396449635e+00 -3.284942202891144358e+00 3.808652174351317754e+00 5.493882457290290233e+00 -1.842526130279515728e+00 -7.491754327436156657e+00 -1.033624992968130041e+00
0.000000000000000000e+00 3.134599395118585541e+00 -5.396165154233563577e+00 7.694831027784164945e+00 -5.496800860314398740e+00 -6.343829818317952451e+00 -4.997071267768250280e+00 8.779108988906748623e-01 -3.664188712581723184e+00 -8.599889232750562940e+00 -7.984106168898597033e-02
0.000000000000000000e+00 3.621391178271119671e+00 -5.085030469007459253e+00 7.727913006611210278e+00 -4.838304465134238619e+00 -7.135701974314100582e+00 -3.676748721508761975e+00 3.096446502846447402e+00 -5.206270921888937586e+00 -7.767378743922488837e+00 -1.340747334091860976e+00
0.000000000000000000e+00 6.046690332996153217e+00 -6.018492151887040897e+00 7.273029067858529650e+00 -6.754663282715815065e+00 -6.424082750726487490e+00 -5.085846505591524291e+00 6.884086560351795336e-01 -5.024139602118141923e+00 -6.470364681602225332e+00 -1.178541282913614596e+00
1.000000000000000000e+00 -8.084218793176225049e+00 3.367541609095537680e+00 -6.874637700101070337e+00 -2.914869576887036295e+00 -1.097653842850882411e+00 5.326106865931577339e+00 4.754552675677284235e+00 -2.418006074918581105e-01 -6.221681405522497599e+00 -1.217937341312043564e+00
1.000000000000000000e+00 -7.434974132572360617e+00 5.830516057713312605e+00 -7.876845991176364414e+00 -2.251542581902898466e+00 -1.965125971238797620e+00 7.023342331964599339e+00 5.362762956427290284e+00 -5.575126187287642310e-01 -7.981053432944348991e+00 -3.775834681008704674e+00
0.000000000000000000e+00 5.809122484270520026e+00 -4.029549552468594698e+00 6.536630480386310005e+00 -5.922019144368674048e+00 -6.666525136025731157e+00 -2.952404538763200748e+00 9.264229240542318777e-01 -6.106658034516184941e+00 -7.568929152017194184e+00 -2.178425503421111742e+00
0.000000000000000000e+00 4.211713469149481526e+00 -4.235238217574223363e+00 4.994961087247995479e+00 -5.926871729482372508e+00 -6.904045318347256099e+00 -3.383518525161356649e+00 4.424583245077950977e-01 -5.113539110829850465e+00 -8.088842072345757472e+00 -6.454671616162154235e-01
1.000000000000000000e+00 -8.070009461752515989e+00 4.416351739501333640e+00 -7.024730915148801991e+00 -2.008657402738234676e+00 -2.460956177280983148e+00 4.745452712838057252e+00 4.906119159322621215e+00 2.650461365092439125e-01 -8.059118893937409212e+00 -3.072399572790988742e+00
1.000000000000000000e+00 -8.023422263788347664e+00 5.437884540760062002e+00 -7.557878862788837360e+00 -2.748004543796073396e+00 -1.934794995664051775e+00 6.930483790598620075e+00 5.674024818383652580e+00 -1.786358277682377205e+00 -6.853990784097620192e+00 -2.529204158058389496e+00
1.000000000000000000e+00 -7.628156042845476215e+00 5.766510742419360014e+00 -6.678607583986448937e+00 -3.886987201198928155e+00 -2.971746127668630333e+00 5.028804819315985775e+00 5.257026929555289385e+00 -1.115422402244053757e+00 -8.168377704830630748e+00 -2.232173165757413091e+00
1.000000000000000000e+00 -7.599416652058443411e+00 6.516847465082831192e+00 -7.633015681979484768e+00 -2.674554199624251893e+00 -2.687087293537010702e+00 5.518452484925968626e+00 6.603982314711553059e+00 4.842055611233403445e-02 -8.894969279855267530e+00 -4.787130552229046376e-01
0.000000000000000000e+00 3.792398992149870196e+00 -3.900056713364681737e+00 8.164846616175772454e+00 -6.391872587624953361e+00 -7.433957140155342813e+00 -5.791648470714630292e+00 1.428055928321347423e+00 -3.577702238943552437e+00 -7.038638362824203298e+00 -1.024276012424085058e+00
0.000000000000000000e+00 5.437519237093320079e+00 -5.824035610543916164e+00 8.307643592275477218e+00 -5.818576301115839122e+00 -6.673518595681807497e+00 -3.607215913401392360e+00 2.468932176821518443e+00 -4.540655063263419500e+00 -5.453969502972242367e+00 -3.419967959012171210e-01
1.000000000000000000e+00 -8.512637568296538504e+00 4.556268924430256995e+00 -6.056759210698507090e+00 -3.142425604957346241e+00 -1.627397389733603150e+00 7.119674141129912925e+00 7.198100782418828558e+00 -1.100558855285736382e+00 -7.982370200876487409e+00 -1.998170657533344441e+00
0.000000000000000000e+00 4.644166185681674719e+00 -3.479611621067144167e+00 6.913319887290342081e+00 -5.587076897737762060e+00 -7.627138272570755717e+00 -5.325192683148149975e+00 2.854151314055779487e+00 -4.941194699966263038e+00 -7.479678644755393790e+00 -2.652040160374607325e+00
0.000000000000000000e+00 3.026416297034028702e+00 -3.957038931225349998e+00 9.321856997520761468e+00 -6.181825266272133135e+00 -6.038455696332421851e+00 -3.168556420491358772e+00 7.171058901660998242e-01 -3.745692817550700049e+00 -7.395533050893581262e+00 -2.224685207183259905e+00
0.000000000000000000e+00 3.665004164974956069e+00 -4.360156802231216489e+00 6.954263857264561643e+00 -6.363971315939777718e+00 -7.171246867475805864e+00 -3.823916194728961937e+00 2.865213054336928522e+00 -4.548461159636086215e+00 -7.444059303841955355e+00 -4.175945719084293017e-01
0.000000000000000000e+00 3.749248981731218233e+00 -2.949354817739008539e+00 7.265825335404553442e+00 -5.877402056373857597e+00 -6.289187136853158222e+00 -4.089011105313722361e+00 1.624206865154113055e+00 -4.204669527726996314e+00 -7.096779476460826075e+00 -1.950651463642202987e+00
0.000000000000000000e+00 5.043213077537363809e+00 -4.172817409081200246e+00 9.435571157299444067e+00 -5.299360751750182175e+00 -7.002032888483750384e+00 -4.992823445653330694e+00 5.016400954278563695e-01 -4.347666761396714818e+00 -8.317714940308844618e+00 -1.182138104950347435e+00
0.000000000000000000e+00 4.521469359572580338e+00 -4.544787640285162134e+00 6.272534314613019468e+00 -5.767013567805774343e+00 -5.585575972629297503e+00 -4.907339693769220190e+00 1.492599034289367133e+00 -4.561909527758841065e+00 -7.530353219062598136e+00 -2.667243533586129089e+00
1.000000000000000000e+00 -7.659767443932940623e+00 4.250745412908558230e+00 -6.277413376332067863e+00 -1.819635429507658664e+00 -2.738118666356130770e+00 5.666930697044798571e+00 5.837254800410650368e+00 1.000299509143597887e-01 -6.132877392125487326e+00 -1.702517498652608152e+00
0.000000000000000000e+00 4.504900479435820060e+00 -5.235208828466597630e+00 8.348002448455762448e+00 -5.596449209668119984e+00 -8.653861873155845430e+00 -3.973196190544245887e+00 2.066232975851577613e+00 -4.842332494171952995e+00 -7.185572674702360274e+00 -3.157774303368922064e-01
0.000000000000000000e+00 4.601413997005091794e+00 -4.126211171098134400e+00 8.515292049645529104e+00 -5.163799525005202895e+00 -7.510023605963602300e+00 -6.391986539269773893e+00 8.341370939803318674e-01 -4.578738833577578049e+00 -7.274504689173520333e+00 -1.541996021803010208e+00
0.000000000000000000e+00 5.974833031219294099e+00 -5.236559696235310035e+00 7.369294313599067614e+00 -6.038420451943821377e+00 -6.016670631170753403e+00 -3.779906252616892282e+00 2.747352847904563689e+00 -3.964471642143697405e+00 -7.404431092012486282e+00 -1.285429596825101051e+00
0.000000000000000000e+00 4.586793098389662759e+00 -5.284173306216501942e+00 6.446908579795964656e+00 -5.869332119273128257e+00 -6.279617778747700996e+00 -3.668749275819052968e+00 2.270517010798289270e+00 -3.505650164225571075e+00 -7.543684624879673173e+00 -1.849893042404724630e+00
0.000000000000000000e+00 5.201761914389016361e+00 -4.624986893413562505e+00 6.944945414357037272e+00 -5.884685098133422443e+00 -7.701924997393930106e+00 -4.095155401258985250e+00 1.689141108270405756e+00 -3.838684194829088625e+00 -7.871621072021925514e+00 -1.004265856746252572e+00
0.000000000000000000e+00 4.385410158459751351e+00 -5.398721278402134338e+00 7.534761098975935489e+00 -7.142673193590320935e+00 -8.254224857605942489e+00 -4.114900356891368460e+00 2.867357310272764970e+00 -4.655767728533698246e+00 -7.964804237037497181e+00 -1.053679762178335144e+00
0.000000000000000000e+00 3.868595614200801780e+00 -5.370442171011379884e+00 6.063773655470096280e+00 -6.515062277930240953e+00 -5.219071762993138464e+00 -3.971722575371440023e+00 1.422067197429394803e+00 -3.738805800149626712e+00 -6.877351097309364114e+00 -1.364237483302202847e+00
1.000000000000000000e+00 -7.376705755953675059e+00 6.223353468803653143e+00 -5.874607848229789653e+00 -2.566769970641576748e+00 -2.283071896437456338e-01 5.512428846432843699e+00 3.913063874649338025e+00 -7.678172195522223742e-01 -7.073816183058529994e+00 -7.169313602263640561e-01
1.000000000000000000e+00 -7.657913213963715826e+00 6.449211967307691751e+00 -6.590003377958185915e+00 -2.175975724084449059e+00 -2.327242736335722206e+00 6.253815573279022821e+00 4.962696087033704018e+00 -1.232221186724977269e+00 -6.850461152819942612e+00 -2.628978758786046477e+00
0.000000000000000000e+00 5.276825027065482843e+00 -4.367473925408645208e+00 7.038315271484972158e+00 -5.701569326062409182e+00 -6.144326034754311827e+00 -3.125323455057196220e+00 1.232991898659370200e+00 -4.838553915604944855e+00 -7.095887776188935625e+00 -2.145159217571926735e+00
1.000000000000000000e+00 -8.323517476934652493e+00 6.124369105296130655e+00 -6.360251625995315905e+00 -2.352011607938826909e+00 -1.303902394328771752e+00 5.344915868941646053e+00 6.180115469902844438e+00 -8.903435851449713612e-01 -7.062220018708440961e+00 -1.262960176571052529e+00
1.000000000000000000e+00 -7.201133960734024342e+00 2.520546423521182078e+00 -6.159559759491579634e+00 -2.140471652780648881e+00 -1.037569895468884784e+00 5.700743509137501164e+00 7.222430758775779225e+00 -6.448937181594355250e-01 -7.907057423429026954e+00 -2.217603581069990337e+00
0.000000000000000000e+00 4.359262765333713929e+00 -7.566290725831472663e+00 8.848790087870996857e+00 -6.156466535796222495e+00 -5.968410854266910981e+00 -3.942130382149144463e+00 2.760364162163065238e+00 -6.159909262358500115e+00 -7.190793103999841840e+00 -1.697019370682907091e+00
