0.000000000000000000e+00 -6.773295857082112237e-01 1.774793633956348371e+00 1.960549510832247044e+00 -2.323154962442650184e+00 5.775448731933759960e-01 -4.211746259940398751e+00 -2.715395058025674047e+00 1.889834775815913082e+00 -1.986462252990644828e+00 3.314320355185426337e+00
0.000000000000000000e+00 -2.302939912724718319e+00 5.671963961563156742e-01 5.084947595916251561e-01 -4.089315906178026871e+00 1.550597427611686285e+00 -2.336964871364324736e+00 -1.757950886867070794e+00 2.775283367595443806e+00 -3.271904178810919328e-01 1.241657801682094941e+00
1.000000000000000000e+00 -3.851507559944569614e+00 -2.409540806954706849e+00 -3.060402665784798248e+00 4.372854173297975322e-01 6.422670303295029415e-01 -2.942020676134403878e+00 5.368385401947738389e-01 -5.810341601518416610e+00 3.020222703765880201e-01 9.119170530528086793e-01
0.000000000000000000e+00 -1.377668666594296987e+00 2.106231829815584877e+00 -1.247443504302245543e-01 -4.466648876110222766e+00 2.019445845052501909e+00 -3.529801719071866017e+00 -2.738269687614409253e+00 2.678961223314096252e+00 -1.117853328688442227e+00 2.119395873038559586e+00
0.000000000000000000e+00 -1.183665709927700593e+00 1.343466670391371576e+00 -2.419780968676340738e+00 -3.834007909722127128e+00 1.794242272798408422e+00 -3.980896848159982238e+00 -2.504352068816447563e+00 1.221858059846703037e+00 1.573730136829394055e-01 4.257320914204383300e+00
1.000000000000000000e+00 -1.793426513678997525e+00 -4.881208624500693816e+00 -3.967576025053540789e+00 -1.016062106352528804e-01 9.515575343879392745e-02 -2.224481595855896998e+00 1.331529837549126905e+00 -4.835957317201624583e+00 -1.727488762768100150e-01 -1.349163156033165611e+00
1.000000000000000000e+00 -3.828271246473824441e+00 -4.332102214761633263e+00 -3.449312080219414156e+00 -1.408356576014795136e+00 -2.078653734463657088e+00 -5.106798517375537472e+00 4.254410179700855998e-01 -5.705441928782682304e+00 1.084332446539405748e+00 -1.604859651004625576e+00
1.000000000000000000e+00 -3.246706071855634868e+00 -4.081718621599809360e+00 -3.517897151544393086e+00 -1.445394297678388451e-01 -1.458478892133958205e+00 -2.840600258973913661e+00 -5.503496202465866238e-01 -3.779453236610367028e+00 -1.432699806560303046e-01 -5.549358491684009964e-01
1.000000000000000000e+00 -3.960642994380796367e+00 -3.578817549129411191e+00 -2.284632740762726044e+00 2.154227430676261879e+00 3.876625700301247202e-01 -4.694536076825338355e+00 1.925867554397336645e-01 -4.307804270725645424e+00 3.330451014179010016e-01 -1.544488798081506076e+00
1.000000000000000000e+00 -3.934076336749656289e+00 -1.838853547536487554e+00 -4.857669138567977996e+00 4.436399026541084645e-01 -7.242724992611893065e-01 -5.142248244641448807e+00 -7.036598771603824742e-02 -5.427565800718171296e+00 -1.886907450095785643e+00 -5.210704888165784698e-01
1.000000000000000000e+00 -2.411355320550440773e+00 -1.914591601218406103e+00 -3.603370298776519931e+00 -1.329984414525060554e+00 2.124086852620833188e+00 -2.611669037687350148e+00 7.384374268317238643e-01 -5.679511277411294579e+00 3.173554502087069240e-01 2.481371000906715807e-01
0.000000000000000000e+00 -1.761528142225526672e+00 3.263157717883923947e+00 6.659533130048350680e-02 -3.446888949699223659e+00 9.234207627244215288e-01 -5.037592341936923290e+00 -2.094347710321923905e+00 1.731855202232043922e+00 2.761767025836817102e-01 2.125647455184802581e+00
0.000000000000000000e+00 -2.683153547405983552e+00 1.024936383292808895e+00 -1.461367645660889503e+00 -4.179693179395108871e+00 -2.747925110718250075e-01 -3.382723752057871458e+00 -2.417464759683773057e+00 2.952105187613285331e+00 -3.144196733849983216e-01 2.417064369969292859e+00
1.000000000000000000e+00 -1.769165537702191093e+00 -3.615794705545897436e+00 -2.971444139784542138e+00 1.342062431562762725e-01 -8.831013935927362057e-01 -4.610983754218303865e+00 -3.126370085747470995e+00 -4.514547782794836372e+00 -2.064709601475560596e+00 -1.856129284117509215e-01
1.000000000000000000e+00 -3.788548032921130293e+00 -3.795991763590995216e+00 -2.299857406504820290e+00 -1.140810645172908089e+00 -1.294983697586755245e+00 -4.016631701682529254e+00 -7.649283158707276264e-01 -5.028595020355926870e+00 5.708498991682434687e-01 -5.460017024751040449e-01
1.000000000000000000e+00 -2.027450920545830648e+00 -4.242008371413764856e+00 -2.936336664254632467e+00 -9.178412674449731856e-01 -1.000484417948250826e+00 -4.718389095213924911e+00 -4.747504035589028559e-01 -5.259978253846561813e+00 -1.276983840857892627e+00 -1.727771673708967226e+00
0.000000000000000000e+00 -3.948298365952823907e+00 7.878155085171038019e-01 2.187249768837506103e+00 -3.379225482938414515e+00 1.458835061706452052e+00 -3.475654352099050381e+00 -3.202862742557222031e+00 2.692710400751215705e+00 -3.564358931999634938e-01 1.292942913074823119e+00
0.000000000000000000e+00 -2.006777695536741124e-01 8.355152838658337355e-01 1.030052054033366415e+00 -2.875280605660654132e+00 1.582568160959152426e+00 -3.455223909646221614e+00 -1.893367531057637221e+00 1.375220637363311127e+00 9.967113406362253514e-01 4.530601763128276005e+00
1.000000000000000000e+00 -2.175509599599547261e+00 -4.660010495420140231e+00 -3.263187472698791503e+00 -1.223730646782505982e-01 -9.160357984617839566e-01 -3.358617624954991943e+00 -2.430588676325611264e-01 -4.982319118993176588e+00 -1.062254340116096651e+00 -1.042932234379560841e+00
0.000000000000000000e+00 -1.213210001069533472e+00 1.056428241033312343e+00 -1.881618408976564183e-01 -3.682963234182595968e+00 1.068170367453527891e+00 -4.491859740693612935e+00 -3.854037378405319902e+00 4.813136495484149346e-01 6.254315031417185811e-01 3.188632018086878794e+00
0.000000000000000000e+00 -9.154387147310573125e-01 2.059852392238779473e+00 1.561232296620565507e-01 -3.087378830823172660e+00 2.478888018246589553e+00 -4.172127260194772091e+00 -5.057768280051696763e+00 1.872186722134667303e+00 1.085861009232894636e+00 2.594105853166898790e+00
0.000000000000000000e+00 9.237075787785498093e-02 2.437781593079575870e+00 -1.375983155582125583e+00 -4.071248216266857511e+00 1.678245838568982462e-01 -2.457324132751674384e+00 -2.895697889416064985e+00 8.589917122962396068e-01 6.566164437444593771e-01 2.258101739161142874e+00
0.000000000000000000e+00 -1.476266622473032308e+00 1.297841267153660327e+00 -6.331834093858359491e-01 -2.476637740196661497e+00 1.396273271586097930e+00 -4.330946800508425731e+00 -3.102061999713677132e+00 1.916296925210590807e+00 -6.705718676406913215e-01 3.610042502601969794e+00
0.000000000000000000e+00 -2.287134052237987270e+00 2.710003530067969901e+00 1.294635658771475240e-01 -2.522938125562655287e+00 5.359566870615785072e-01 -3.308095530822619423e+00 -4.659565046829767354e+00 1.507305121301872219e+00 -3.125732888238041407e-01 2.998398990497565197e+00
1.000000000000000000e+00 -3.770525149997096648e+00 -4.118757023218032387e+00 -4.300032828066782109e+00 -9.466455523308114905e-01 -2.772374753366046995e-01 -4.459831533299850825e+00 2.241183378010540017e-01 -4.738945397767056811e+00 -3.377935119437407430e-01 3.536916059065564610e-02
0.000000000000000000e+00 -1.794011896887608648e+00 5.760661335468343358e-01 -9.614691701773949717e-01 -5.367732911297187215e+00 3.844675547475534527e-01 -4.297409504968566551e+00 -3.005669993734408241e+00 1.731631817062764700e+00 3.642603864814846770e-01 3.361907171240103409e+00
0.000000000000000000e+00 -2.736538987749172591e+00 2.523078650784793986e+00 -5.957925172400910796e-01 -4.583074909045752321e+00 9.643775275868019525e-01 -4.090532331351356632e+00 -4.465128649272770645e+00 3.183023845122838758e+00 -2.595531778268214129e-01 1.005272613604655252e+00
0.000000000000000000e+00 -2.413710156196688938e+00 2.269287355874376466e-01 -3.982771714366742377e-01 -3.100809538187045966e+00 1.045262756288050321e+00 -4.485491451188566181e+00 -2.084301160320289004e+00 3.621289677584671907e+00 4.357515230934058126e-01 4.065948849403053345e+00
0.000000000000000000e+00 -2.333314502650655875e+00 2.451892554634321542e+00 -2.553224997826455955e-01 -3.439662360059423385e+00 -4.048793758605659932e-01 -4.274558136579744705e+00 -2.970894352391681092e+00 1.598480719235771286e+00 1.624846509487575030e+00 2.455816882989531713e+00
1.000000000000000000e+00 -3.661946175931372949e+00 -3.017961129351278693e+00 -1.062587703643202097e+00 -1.846180120506309752e+00 1.808664744669729318e-01 -3.430242162570226849e+00 5.857387406655500950e-01 -6.742756632517497017e+00 -3.009898226047074132e+00 -1.375313649581903608e+00
0.000000000000000000e+00 -2.181808961048690154e+00 1.533501711828815672e+00 -3.888444811115159272e-01 -4.036114098286434526e+00 1.784627023862099815e+00 -3.694777910482729855e+00 -2.653145990167631307e+00 2.052152839998494738e+00 -1.316561593520940709e-01 2.478509608066045811e+00
0.000000000000000000e+00 -1.094225177373105318e+00 2.059097860816450964e+00 -1.261328986242230332e+00 -4.380826821274607319e+00 -3.958467216861116800e-01 -3.870864620286531110e+00 -3.860839875371249619e+00 1.030320675365479222e+00 1.308078988465870784e+00 3.526235483090694345e+00
1.000000000000000000e+00 -3.478685506730830657e+00 -4.627221168207170443e+00 -2.967391308319564658e+00 -1.079676428776243924e+00 1.791645179220491269e-01 -4.867639597701424847e+00 9.032078326389686440e-02 -5.977223527929027114e+00 -7.273977389807917415e-02 -1.452382728821859814e+00
0.000000000000000000e+00 -8.526471662920308558e-01 1.108861144346212857e+00 1.026450309462827004e+00 -1.571085615707541461e+00 1.496690824567887823e-01 -3.498697711174339808e+00 -1.636705927445700315e+00 1.757327884553554931e+00 1.006128041615522273e+00 3.569307763814080658e+00
1.000000000000000000e+00 -3.615638592452105282e+00 -4.426779768168576545e+00 -2.106366137844520647e+00 -1.249320337218302601e+00 -1.181677337602677902e+00 -6.878274769816277612e+00 2.646411641385934543e-01 -6.387247135792929242e+00 -8.804138026577581488e-01 -1.240412717630865469e+00
1.000000000000000000e+00 -2.822827105012295945e+00 -2.383305724867391007e+00 -2.348780860677409876e+00 -1.467316461411338313e+00 -3.484471142340868077e-01 -5.093886221578047824e+00 -7.409630970490820312e-01 -3.926248536882685602e+00 -3.002015571750874523e-01 -1.524894549838030411e+00
0.000000000000000000e+00 -1.415933890886187374e+00 5.390889897971447020e-01 4.004163168014887031e-01 -2.522394135769120638e+00 2.932036711761879744e+00 -3.441737296224573139e+00 -2.968377477044664925e+00 2.365648477088439172e+00 -1.520228877637953557e+00 3.881986582749509473e+00
1.000000000000000000e+00 -3.209562082146925732e+00 -2.154089325999018367e+00 -3.283328132142808720e+00 -1.229925609569426648e-01 4.910107717300281338e-02 -3.757817035507693415e+00 4.325250555654238660e-01 -4.320534638429290197e+00 4.818871406656258793e-01 -1.511700621268104339e+00
1.000000000000000000e+00 -2.828807054127284726e+00 -3.811911430695625658e+00 -4.172159556447444295e+00 -1.960938469532312878e+00 1.274488714242711485e+00 -4.483167740748719154e+00 1.796809521831424616e+00 -4.213991596385910476e+00 1.027448783325935588e+00 -8.765175829543269126e-01
0.000000000000000000e+00 -1.523381383847322468e+00 8.895556740965825382e-01 -1.455363800826246390e+00 -4.353623073752600270e+00 9.420638666482528123e-02 -3.656912618556057204e+00 -4.572890706093484248e+00 1.652913633958107642e+00 -1.720081767513173432e+00 4.563977103505450827e+00
1.000000000000000000e+00 -1.851355401725081062e+00 -3.995609530597708847e+00 -2.154602157313586730e+00 -2.529959041675230669e+00 -1.650750110098668788e+00 -4.326658440951764106e+00 -7.143577836691357152e-01 -4.424113485029560700e+00 2.282549772488022821e-01 -1.269713609654962383e+00
1.000000000000000000e+00 -1.357888998387362989e+00 -3.224080225571628766e+00 -1.372272836344606839e+00 -1.145393639057676882e-01 -1.149491003998499572e+00 -3.930093365031395614e+00 3.779647916921916595e-01 -4.456130296704008842e+00 5.791277489469678352e-01 -2.357999693615320247e+00
0.000000000000000000e+00 -3.701634202114958860e+00 2.562396925396562164e+00 8.194317667126660432e-01 -4.705033260005063944e+00 5.105210871186742771e-01 -3.799768299894282997e+00 -5.087894409655029371e+00 1.731677763344284582e+00 -6.676802904814247430e-01 3.503429969860407667e+00
0.000000000000000000e+00 -2.586545763720818680e+00 1.634162376649574977e+00 5.570708835875762821e-01 -3.118848791807066867e+00 -2.278254800324091001e-01 -3.853740877454972402e+00 -2.948045112105882826e+00 2.889211162250335363e+00 5.860053512700234002e-01 2.717081376523851510e+00
1.000000000000000000e+00 -2.223660313889192608e+00 -4.717993149515254281e+00 -2.693500480717664569e+00 -8.823343738505631251e-01 5.863988566576942008e-01 -4.970381064994414899e+00 -2.059428994049261608e-04 -4.272000495705417400e+00 -8.300634579013197456e-01 -8.757450100612576005e-01
1.000000000000000000e+00 -2.137381133598765803e+00 -2.577520551937889870e+00 -3.160077658462709937e+00 -1.745134572879274426e-01 -7.571290202190401608e-01 -6.857085996113014836e+00 -3.094511631963934306e-01 -4.351279682682921646e+00 8.013270881034852966e-01 -1.395129833441309586e+00
1.000000000000000000e+00 -1.771889718991576990e+00 -3.227393362542373190e+00 -3.105470473844613277e+00 -1.021837187982353345e+00 -1.454678173364631455e+00 -3.994125685555430572e+00 -1.579532118011548469e-01 -5.727742771799280597e+00 -6.655590510586231745e-02 -1.458347817820610182e+00
0.000000000000000000e+00 -9.481771787614198255e-01 2.280704656581179268e+00 -3.635070958069588354e-01 -3.736360039376322995e+00 5.604446500232390660e-01 -2.718843418186257743e+00 -2.362944248596893893e+00 2.109515633572591309e+00 -9.711197893775977974e-01 3.763353338004238768e+00
1.000000000000000000e+00 -2.652363828687669844e+00 -3.341195011726560526e+00 -2.732771771698347507e+00 -1.499885955364195222e+00 -3.041020230354725684e-01 -3.782267342031676804e+00 4.258336536029579400e-01 -3.542770225481632451e+00 -1.701755210876815916e+00 -3.127068294328244402e+00
1.000000000000000000e+00 -3.228536234311996544e+00 -3.024851743731264531e+00 -2.877814435577434882e+00 -1.567699403589822627e+00 2.784996340668731696e-01 -3.843581183471248330e+00 -7.824130394248407505e-01 -6.502787282533065039e+00 -4.658426832211255419e-01 3.147703785971722734e-01
1.000000000000000000e+00 -2.182409016608705787e+00 -4.511126173214103474e+00 -3.131272654737276007e+00 -1.311623034007086464e+00 2.935903941984961407e-01 -3.970775026531219609e+00 1.430536545137086613e+00 -5.055541165971520812e+00 -1.283002501877569479e+00 -1.881022424111272295e+00
1.000000000000000000e+00 -3.290357941107664441e+00 -2.315853588708599808e+00 -2.328481148630332065e+00 -4.386814780340647091e-01 -2.644192022689538790e-01 -4.705023651581716315e+00 1.973147651042833073e-01 -1.894744106573369002e+00 1.425110949816045247e-01 2.585616806425690140e+00
1.000000000000000000e+00 -3.118306640869822122e+00 -3.619441922992670868e+00 -3.625043911743233593e+00 -7.879996888997221616e-01 3.171851378929544385e-01 -6.369010883470785700e+00 5.330724922351537387e-01 -4.213159167230418944e+00 3.774046422425991754e-01 -2.258721177363182786e+00
1.000000000000000000e+00 -2.758922490011339157e+00 -3.787142598714849928e+00 -2.207276415273313308e+00 -1.768895374795316000e+00 -8.987188770413433447e-01 -3.655137384328256189e+00 -1.555800367961948316e+00 -4.759583592427616416e+00 -1.253833995914223065e+00 -6.593844073919052917e-02
1.000000000000000000e+00 -2.572955863340821825e+00 -2.868285573647909814e+00 -1.705296617129539394e+00 -1.915323918814489712e+00 -5.982834683348262628e-01 -3.491067266840138572e+00 -6.230610000776659607e-02 -4.405571325684475070e+00 -7.705801997500301148e-01 -8.067003939036098137e-01
0.000000000000000000e+00 -1.746786601756166402e+00 1.372521298658343714e+00 -8.810957926846726407e-01 -3.406448940851321883e+00 1.019454589636060282e+00 -2.157683487129494093e+00 -2.463504524728123979e+00 2.206012698841043562e+00 -1.111870349302758854e+00 2.059597158963938579e+00
1.000000000000000000e+00 -6.299033778923619487e-01 -3.013953422546808536e+00 -1.597022931005880775e+00 -2.866506564731961859e+00 2.155778718165176855e+00 -2.314091642955365735e+00 1.038493640652666805e+00 -4.512329483918324335e+00 -6.745627006109027324e-01 -1.632332801098203223e+00
1.000000000000000000e+00 -1.206609402675299147e+00 -4.213334197463717068e+00 -1.970365046670793152e+00 -2.101226824599262688e-01 -1.769080811330938502e-02 -3.025695019128411101e+00 1.231869375672025813e+00 -4.902564491607732222e+00 -6.831953795968459531e-01 -1.641700858814836739e+00
1.000000000000000000e+00 -1.192709529609991215e+00 -4.139574700716836198e+00 -2.390423675118556357e+00 -4.089444168087948972e-01 1.257720895616354140e+00 -5.434282443857305189e+00 -3.532894162577436270e-01 -4.349754731828447518e+00 5.718588069722305711e-01 -1.090723916411518113e+00
0.000000000000000000e+00 -1.177513747334474781e+00 2.123676263319926871e+00 -1.750693611252145176e+00 -1.879327272487046896e+00 1.075284449285475397e+00 -3.695429049692893653e+00 -4.398080534521040086e+00 2.579474997773937517e+00 3.044559281641809889e-01 4.459007195275756175e+00
1.000000000000000000e+00 -3.121997474376829729e+00 -2.110248880268742688e+00 -2.179817493302411258e+00 5.249330836257302124e-01 4.697788106997481394e-01 -2.705876932356745534e+00 1.772909770053070266e+00 -4.371198025166583179e+00 -9.233722290179277037e-01 -1.316033993207230912e+00
1.000000000000000000e+00 -4.588864976480877544e+00 -4.232171454992472270e+00 -3.701830155610409623e+00 5.391591049418198445e-02 -9.623357795926265057e-01 -5.195882445796833338e+00 2.379393516779974682e+00 -3.331638943086748128e+00 -6.348806538931506260e-01 -1.017344910859369511e+00
0.000000000000000000e+00 -1.267574757767330418e+00 1.461185692119097990e+00 1.553850475337906767e-01 -4.364942507396622595e+00 7.679575473682536124e-01 -3.739861556142646037e+00 -3.510189468665140478e+00 1.100822368555880448e+00 -2.924830508268956575e-02 2.882893914607927766e+00
0.000000000000000000e+00 -1.971819808845833188e+00 3.324132470575406284e+00 2.437015412014179039e-02 -3.522278171091008936e+00 1.332456590544479402e+00 -4.061243037745020601e+00 -2.107504456699444972e+00 1.724048227193465399e+00 -4.941719276284061713e-01 2.386190208618746755e+00
1.000000000000000000e+00 -1.812149417748936786e+00 -4.392423144164737003e+00 -5.497877862564100937e+00 -2.850589425632438889e+00 7.210674574022847283e-01 -5.727551523957384205e+00 -1.160114073619004649e-01 -3.827909330794994958e+00 4.619603603807650449e-01 -8.218567132296692446e-01
1.000000000000000000e+00 -1.520746681986472781e+00 -3.278706646682961079e+00 -2.577385635308690137e+00 -2.351920560541573835e-01 9.174906516810801271e-01 -4.712155081805409651e+00 6.885546638656570018e-01 -5.508938129397704664e+00 -1.124180167446183765e+00 -2.203707270366629167e+00
1.000000000000000000e+00 -2.954701473448760218e+00 -4.458244061391083868e+00 -2.192902756891440763e+00 -4.331016469800138546e-01 -3.989607189843784041e-01 -4.601148467821563948e+00 7.722344166362040685e-01 -4.892245685472484951e+00 -1.641670471542526766e+00 8.690801256832270116e-01
1.000000000000000000e+00 -2.612098801237285883e+00 -4.177346778759813084e+00 -3.155932725458988841e+00 -1.585373537924591680e+00 5.844715259754762471e-01 -4.050413840533533261e+00 -1.251989646432886349e+00 -4.643857988046332430e+00 1.073399385680839924e+00 -9.018212686533876310e-01
0.000000000000000000e+00 5.509091742535412450e-01 2.125712361307533271e+00 -4.201272106156258013e-01 -6.335995279583088724e+00 1.839361752057016908e+00 -3.984913069961597554e+00 -1.096179175444177645e+00 2.378702078098699602e+00 -4.457003166699934349e-01 2.598755199858085785e+00
0.000000000000000000e+00 -1.472876911717619697e+00 2.610326645714863059e+00 -7.922957043987807202e-01 -2.517090027312442135e+00 7.187369939356462734e-01 -3.025844448342545068e+00 -4.089491644625111277e+00 3.668071691657813549e+00 2.208547599338348544e-01 2.214056971007573704e+00
0.000000000000000000e+00 2.614654338803696909e-01 4.293371159232078904e-01 -1.204969771859269345e+00 -4.163712221466667529e+00 5.542715273856859692e-01 -3.064190323956730744e+00 -3.284749979254134811e+00 7.942330538771025239e-01 -2.705529454772459985e+00 2.007473918749459685e+00
1.000000000000000000e+00 -4.822846397823671971e+00 -2.205512294758443126e+00 -2.017782587508876180e+00 -4.547222802907835981e-01 8.114145081148270711e-01 -5.300406210070273794e+00 7.666171879150768254e-01 -3.736416595902238846e+00 -5.900188140456238406e-01 -1.226883145123333074e-01
0.000000000000000000e+00 -1.863057366923166480e+00 6.621665366245669260e-01 -3.023481603459752254e-01 -4.642075965713583052e+00 5.787704106225284306e-01 -4.475664738471263782e+00 -3.572638274872323549e+00 6.457610941683580297e-01 -1.729437085608202640e+00 3.138651390950301323e+00
1.000000000000000000e+00 -2.662578670101980904e+00 -3.046286455287494199e+00 -2.856543165608733226e+00 -1.228048727454110089e+00 1.221469629679267088e+00 -5.264294340428683050e+00 7.485026428998539094e-01 -4.645473237049862369e+00 -9.328478136287279288e-01 -1.906972746786824269e+00
0.000000000000000000e+00 -2.501463158336510340e+00 1.076042493930314592e+00 9.816105491348809942e-01 -3.182902714319826298e+00 5.630986459424930368e-01 -5.071068035855894607e+00 -1.370284991404859154e+00 3.160041972532114940e-01 4.897962368517844167e-01 4.026875643848890185e+00
0.000000000000000000e+00 -2.282093995305232603e+00 2.387389935057057766e+00 1.276737434267719018e-02 -2.440322318805531410e+00 -5.855375335281243210e-03 -1.993000658024574268e+00 -2.770129702311475040e+00 2.447644274425326394e+00 1.150176628313319238e+00 3.627326536160962789e+00
0.000000000000000000e+00 -1.349318795030156171e+00 1.546848292613955067e+00 -1.930448395358459468e+00 -4.650571930037301627e+00 1.146859447364757312e+00 -4.604385475182535714e+00 -3.157605595065066773e+00 1.062179954881542043e+00 9.673773880978684403e-01 5.344464888552600712e+00
1.000000000000000000e+00 -4.288176320298501487e+00 -5.039932800199863117e+00 -3.528061829946588901e+00 -3.192121353517270332e+00 1.264994709763449243e-01 -4.584977385229554336e+00 -1.476964374900678445e+00 -5.092293505735181469e+00 1.242520187211430649e+00 2.954208274109126897e-01
1.000000000000000000e+00 -3.021314728461493626e+00 -5.139175955172627930e+00 -3.323990563756941796e+00 -1.347305044327848922e+00 4.590646996893817944e-01 -2.190591626702710570e+00 2.192437079145824197e-01 -4.830260698155631971e+00 -5.294128624849383513e-01 -1.012776183194242785e+00
0.000000000000000000e+00 -1.352164651097827797e+00 3.246361146796981956e+00 -3.141295109614751224e-01 -2.996482567754949145e+00 2.680891333509868968e+00 -4.734628694623252088e+00 -2.363285551285274178e+00 1.549167533891196102e+00 7.565531910543534799e-01 3.150687785173622579e+00
0.000000000000000000e+00 -1.853674294463344197e+00 2.426094868575790375e+00 -1.490402621289118157e+00 -1.695116800654921096e+00 2.696711015058117500e+00 -4.661684876516606124e+00 -2.922855075334401587e+00 1.683849439023769934e+00 7.329651197477315971e-01 2.514871221365113207e+00
1.000000000000000000e+00 -5.286265483842688795e+00 -4.491792935935483122e+00 -1.691418251303243858e+00 -1.280221883246866588e+00 -2.596694676413605629e-01 -4.708224349789788654e+00 5.202518293730186150e-01 -4.178942323534609926e+00 -8.584033154697459089e-01 -7.654938698817416176e-01
0.000000000000000000e+00 -2.309608881935005797e-01 1.026730652384691744e+00 6.421528553275129836e-01 -3.984720767911858363e+00 2.226902951735502345e+00 -4.646878761796548574e+00 -4.490453002289401141e+00 2.018936061048576036e+00 -8.607761071730854474e-02 1.649942847335140517e+00
0.000000000000000000e+00 -5.014158138655684382e-01 1.171229277754410658e+00 1.262299253453030623e+00 -2.082871388448396033e+00 9.461661020247074116e-01 -4.192699437142871410e+00 -3.088077954906647715e+00 1.707706231646354933e+00 1.769238954822317744e+00 4.337604326735736038e+00
0.000000000000000000e+00 -1.996858656987597680e+00 2.230199516489597578e+00 -7.384719773919116159e-01 -4.187107666819144924e+00 7.781745219399351932e-01 -4.368536549677533465e+00 -3.208659465378496556e+00 4.193913093732923869e+00 1.147984920397861819e+00 3.550031559370375511e+00
0.000000000000000000e+00 -1.655537189690415412e+00 2.302054394583541885e+00 -2.103114190613757373e+00 -3.182554250090412040e+00 1.773954375174912723e+00 -3.294996688549105546e+00 -2.007034167382051759e+00 1.815536915907635329e+00 -1.056866238444237993e+00 1.543825456654708272e+00
1.000000000000000000e+00 -2.251027400754558094e+00 -4.714865134014680770e+00 -3.955813747397660229e+00 -4.455191892857096048e-01 -2.234308546823776886e+00 -4.896997015544092946e+00 1.469147534821124035e+00 -5.153925692396138736e+00 -1.626188834152636764e-01 -2.145423702569026148e+00
0.000000000000000000e+00 -1.767276758754856791e+00 4.117075272703478728e-01 5.836251930821051426e-01 -4.176242503554475682e+00 -3.184203641291023512e-01 -3.203213715591755495e+00 -3.155198172506953114e+00 3.237019640086920003e+00 -1.476532247104408668e+00 1.307372517756434815e+00
0.000000000000000000e+00 -1.811302497462150551e+00 9.527355439111517832e-02 4.424621835794104729e-01 -3.440765568360983462e+00 2.995840176004195499e+00 -4.011257819215582998e+00 -3.031433079327213509e+00 1.926646156422673339e+00 1.267956665474173628e-01 1.787356960681518947e+00
0.000000000000000000e+00 -2.892919315860431162e+00 2.397569073147976404e+00 -3.276380548080636279e-01 -4.060609199298455430e+00 7.649472595294430910e-01 -3.392089357900831104e+00 -2.670761180378183663e+00 2.441719062160300879e+00 -6.252293114312189592e-01 2.770295528062319157e+00
1.000000000000000000e+00 -3.250323264618330654e+00 -4.324457520224635587e+00 -2.177100003948492457e+00 -1.561704610133812121e+00 -1.671447392140562593e+00 -3.305759670057338617e+00 -3.044279673560515431e-01 -4.098787481180768744e+00 5.721412375150712881e-01 -3.624865863471629646e-01
0.000000000000000000e+00 -1.764754820578447791e+00 2.311582562417620501e+00 -7.498329443085854917e-01 -3.798457222602352079e+00 1.474700904886003805e+00 -6.051238861756470300e+00 -3.030432069128547123e+00 1.847128169417328714e+00 -5.620213240094125151e-01 2.073663560774449799e+00
1.000000000000000000e+00 -4.014048017366686594e+00 -2.389985548731135001e+00 -2.520384802021009119e+00 -1.623046096014176598e+00 -9.922415352445235204e-02 -3.708817828782665416e+00 3.120608237538607943e-01 -5.506292481219539070e+00 1.678996320220225158e-01 -1.056162243463978800e+00
0.000000000000000000e+00 3.915702478847959966e-02 2.404306466271747489e+00 1.134247028759811649e-01 -3.680488991276264166e+00 2.384117869557575098e+00 -4.028888441344363081e+00 -2.411119494909209404e+00 1.937747854358476740e+00 7.223202276798081911e-01 3.144067455837885383e+00
0.000000000000000000e+00 -2.226630472575095609e+00 -8.901685598645427966e-01 -1.664024470289091617e+00 -3.227897701859459900e+00 7.616008385187600371e-01 -3.992509129294619541e+00 -1.603039821148293687e+00 1.708202463536437454e+00 -3.187581198924091530e-01 4.452037489194946573e+00
0.000000000000000000e+00 -1.784774077096213274e+00 2.187882020359499524e+00 -7.813006149760498564e-01 -3.283906458886318713e+00 1.763268434840500554e+00 -4.042839172408900339e+00 -2.056379034419434149e+00 2.297259957201227110e+00 1.599228358244527692e+00 2.257584372408605322e+00
1.000000000000000000e+00 -2.445571637585992164e+00 -3.618928395552621247e+00 -9.177459548807784806e-01 -1.816936128846179388e+00 6.487036292540644677e-02 -3.476764923446570066e+00 3.819111645813182410e-01 -5.422001067446667655e+00 2.099627513843667082e+00 -4.049117135944024781e-03
0.000000000000000000e+00 1.795294193210248412e-01 2.041278674899170475e+00 -6.060897976307313417e-01 -4.395910615817818723e+00 2.780168191107164066e-01 -3.556440304636227623e+00 -8.109210967398965408e-01 2.009519474636158876e+00 1.289551061166699153e+00 2.846241077830315991e+00
1.000000000000000000e+00 -3.336000777089084490e+00 -4.057983657189097926e+00 -4.790874904149338143e+00 -1.637638192895219724e+00 -1.032590423548054581e-01 -2.712212274757320518e+00 -7.476241529610894165e-01 -5.468420620691335721e+00 -3.502420842348270558e-01 -4.764129414095435444e-01
1.000000000000000000e+00 -3.648363788514737749e+00 -3.436221186595881161e+00 -3.175098566262225752e+00 -3.704451129823128075e-01 8.798244646278307046e-01 -4.793665442283190359e+00 5.820563263000523291e-01 -5.309027580621868303e+00 -1.764040460566600022e+00 -6.767718092172777533e-01
