1.000000000000000000e+00 -1.484082676066384332e+00 7.193591354002730753e-01 -4.764066548138345070e+00 -1.038511080445110979e+00 -2.288823434180024652e+00 -5.412067062802495165e+00 2.752784061693301254e+00 -1.481923255440338316e+00 -4.331149745278901619e+00 -3.289784120596824568e+00
1.000000000000000000e+00 -1.835883925521967219e+00 8.100903122483669172e-01 -3.227410558297063581e+00 -2.565254511103377544e-01 -2.256427995673602638e+00 -3.212953666955399967e+00 3.525432703548529556e+00 6.662258012847683819e-01 -2.295214170677777776e+00 -3.803823607360392600e+00
1.000000000000000000e+00 -2.738798821823083429e+00 1.329513928550329904e+00 -6.203218177080744411e+00 -1.205784045598861098e+00 -1.672077990313484142e+00 -3.140708405806168280e+00 3.569784434605918211e+00 -1.203111323552653822e+00 -1.541444626579650645e+00 -3.416363429779849081e+00
1.000000000000000000e+00 -4.888815424097913365e+00 2.801736517657358871e-01 -4.314069837103227556e+00 -3.630456089857132529e-01 -1.262436372924186978e+00 -3.869873311820366979e+00 3.027983175785323500e+00 -2.819642633668695830e-01 -2.760018268273645603e+00 -4.716662447455434837e+00
1.000000000000000000e+00 -2.504547686805507656e+00 2.324599439987063976e-01 -5.017251731972045548e+00 -2.083077734679327442e+00 -1.918717487068948513e+00 -5.309895788935969918e+00 1.994505169975277603e+00 -3.560918352764208539e-01 -2.997250198819458422e+00 -3.292783491786134498e+00
1.000000000000000000e+00 -1.912521791953692984e+00 -4.412810309179626689e-02 -2.447167954730367523e+00 -1.384695437597990297e+00 4.143177774405772951e-01 -2.841476958658298191e+00 6.034834948725537274e+00 -1.214842270244913536e+00 -2.074179926482059955e+00 -5.223194732701156084e+00
1.000000000000000000e+00 -3.980173946558399400e+00 1.504906372243114632e+00 -3.700323305666495255e+00 -6.658380284305193131e-01 -1.114188754771159751e+00 -4.568536004058920241e+00 3.028422601189631358e+00 1.369879481549496125e+00 -3.691143681694892376e+00 -3.626833634080058211e+00
1.000000000000000000e+00 -2.186561940734197407e+00 5.008492420693613223e-01 -3.239378604612702439e+00 -1.302237648622359245e+00 -9.673216378554887473e-01 -2.547833567756215167e+00 3.454979369199411288e+00 -1.268107190304439191e+00 -2.405255873801049216e+00 -3.496573242053016894e+00
0.000000000000000000e+00 -2.016454513762380607e+00 -2.032892764049897050e+00 2.568653322377291381e+00 3.577072169852129946e+00 -5.426372747293005894e+00 -1.222888497838549027e+00 1.913814529794008124e+00 -4.466944494793685827e+00 -4.149298605453903832e+00 1.434442435434998275e+00
1.000000000000000000e+00 -3.245059419410380563e+00 -5.716319733326511443e-01 -4.786830540358141484e+00 -1.405444632222660362e+00 -1.279204862197512282e+00 -4.330979126493458509e+00 3.563714319222195837e+00 6.641033514693759354e-01 -2.917425224089257085e+00 -3.110745138807444299e+00
0.000000000000000000e+00 3.813740946611965388e-01 -2.612722260917027306e+00 3.567780904722652302e+00 2.223864034271028522e+00 -4.523978874694257968e+00 -1.734800954862909972e+00 3.844838819341200420e+00 -4.652794944830256796e+00 -6.389821871029924161e+00 1.069609638404050989e-01
0.000000000000000000e+00 -9.445668294020947986e-01 -2.918084233827646923e+00 2.561109665344686093e+00 2.332381483911509790e+00 -4.198333392733497149e+00 -1.848485152513035246e-01 3.843469913101424940e+00 -5.461941774576132502e+00 -3.997448722809915811e+00 3.531023130157013856e-01
0.000000000000000000e+00 -2.698672022972702145e+00 -1.088306737745595942e+00 3.947513776194610635e+00 1.586059963965447794e+00 -2.473354445047800443e+00 -1.397092237900791956e+00 4.433579297849447265e+00 -4.540288640145426768e+00 -6.072868126002744837e+00 6.619365614885253102e-01
1.000000000000000000e+00 -5.168790690463641369e+00 2.092969780202213470e-01 -2.332182664885085632e+00 -1.348873052111170479e+00 -3.232814190001249699e+00 -3.721571117286534225e+00 2.102001903848867315e+00 -1.194973193704419900e+00 -2.513701549189220064e+00 -4.421989755992090210e+00
0.000000000000000000e+00 -7.648385772250863024e-01 -3.147471362702590092e+00 4.173910095323210889e+00 3.583375389285931245e+00 -4.500691566948936462e+00 -1.775738023178022429e+00 3.696109457933467457e+00 -4.468251864481715963e+00 -6.156909622047035846e+00 -2.375896836540232204e-01
1.000000000000000000e+00 -3.209058120241608858e+00 1.165972660890777668e+00 -3.396989261668998061e+00 -5.773194596341432172e-01 -1.457388501437046902e+00 -5.667426523045984155e+00 2.976851668050492616e+00 1.279781019126216557e-02 -1.997831528605328089e+00 -4.183444006854910135e+00
0.000000000000000000e+00 -8.100810391417279099e-01 -2.514879641520200160e+00 3.560041775123145236e+00 2.218410638750153208e+00 -5.123985053364355835e+00 -3.567903451462741238e+00 5.044193234766260581e+00 -3.053304605088469792e+00 -3.322811274203644416e+00 8.257903126167136509e-01
0.000000000000000000e+00 5.269600023332476901e-02 -4.712896143491089873e-01 4.201152672421253342e+00 2.483656475191742263e+00 -2.662818272777125461e+00 -1.787933648166083467e+00 2.350086801721369412e+00 -5.296379406160345304e+00 -5.467990911681607891e+00 2.430669923420125667e-02
1.000000000000000000e+00 -8.353449273324380364e-01 8.626938269769877099e-01 -2.909516649636872732e+00 -2.015652764348893733e+00 -2.426089723167474510e+00 -4.974370964838843889e+00 2.545554665574455200e+00 -8.216225157593581852e-01 -2.688854737316029642e+00 -3.368852761661049744e+00
1.000000000000000000e+00 -2.617135973860763354e+00 7.049153004609589601e-01 -1.749197198397185904e+00 -6.532792437156668131e-01 -2.769834215732385641e+00 -3.945237405117034246e+00 2.898621614272216096e+00 -3.298354499184332767e-01 -3.051145529600473694e+00 -4.614039960881748392e+00
0.000000000000000000e+00 -1.008085135133161225e+00 -1.519959364320510264e+00 1.900675278167887727e+00 1.363009996877432295e+00 -4.365939746997896442e+00 -2.167071337978051737e+00 4.102208867101962753e+00 -3.315043131532295462e+00 -5.149062271452068629e+00 1.897231225403489319e+00
1.000000000000000000e+00 -3.529221207434236618e+00 2.121447266160660039e+00 -2.294694946800321933e+00 -1.209003130107285440e+00 -2.057856033758486358e+00 -4.422852134643050270e+00 2.955320540577223376e+00 2.294836673372793734e-01 -3.092772287570552336e+00 -4.160112103422502372e+00
1.000000000000000000e+00 -3.302919556308379079e+00 -1.713604601153582152e+00 -2.092513956539702846e+00 -1.362644293709684540e+00 -3.875994027001412157e+00 -3.640415586439792683e+00 4.657946481260858640e+00 -5.415248169210986617e-01 -1.698881359239904576e+00 -4.830879543985041380e+00
0.000000000000000000e+00 -2.804366311899933795e+00 -2.329215447636168612e+00 1.963813314092640372e+00 2.823909209249259700e+00 -6.602737558908824411e+00 -2.027252975978445004e+00 3.527746822558159412e+00 -4.316864619210852183e+00 -6.164775032107983499e+00 1.512965365054971922e+00
0.000000000000000000e+00 -1.718672059619939185e+00 -3.172103699287065037e+00 9.399537324299944707e-01 2.153520920757121093e+00 -5.513999382431158836e+00 -2.140903439817936071e+00 3.605208418688017780e+00 -6.388557000254120766e+00 -3.723356262768466429e+00 1.626827762027217572e+00
0.000000000000000000e+00 -8.318743259999963335e-01 -2.973863370914460624e+00 4.204826418172376457e+00 2.639883422162717874e+00 -4.435402413407947719e+00 -4.334995355124424687e-01 4.209198242307991222e+00 -6.970342604831196276e+00 -4.293338571285730154e+00 1.488422788108527683e+00
0.000000000000000000e+00 -1.340456124369431734e+00 -2.236002683293380144e+00 1.710963460042961071e+00 3.346309818807724934e+00 -4.487555733011852510e+00 -1.416501400057889715e+00 5.675087023468079472e+00 -4.721708707481772294e+00 -4.180006512404776053e+00 9.216498104100402378e-01
1.000000000000000000e+00 -2.502978239631944213e+00 8.055201454031106767e-01 -4.526381350312801644e+00 -1.058569441263581545e+00 -3.036483492317874511e+00 -3.887605374355590726e+00 2.591095152904283605e+00 4.203828665951134802e-01 -1.527029120927520189e+00 -3.722283803292899318e+00
1.000000000000000000e+00 -3.340473320406876390e+00 1.695155770216155933e+00 -5.169166693072746455e+00 1.156243933651730504e+00 -3.869626170559402389e+00 -3.494814096166925843e+00 2.207544941591413679e+00 6.113556721938140370e-02 -1.853659927556647435e+00 -3.765223445100790656e+00
0.000000000000000000e+00 -1.513904259769942584e+00 -2.843624433457067724e+00 2.511273270744635244e+00 1.832164540513705253e+00 -5.892193204556720687e+00 -2.698932616940580509e+00 3.342241869202771110e+00 -5.480095818496406146e+00 -5.150991026457095501e+00 1.662728054540431266e+00
0.000000000000000000e+00 -2.136841746247315932e+00 -3.498438555453694754e+00 3.901921498695740897e+00 1.757540881774877661e+00 -3.187349013756300753e+00 -3.390961389253510649e-01 4.406905522805077524e+00 -5.175843522917578987e+00 -5.380002066123282134e+00 5.867853779766454281e-01
1.000000000000000000e+00 -2.457721877304321456e+00 1.764136337792415077e+00 -2.335962766709125837e+00 -2.087106871159244204e+00 -3.731867604119904591e+00 -4.627955875730051183e+00 3.509112850547155382e+00 5.522893752537765266e-01 -1.752846771252541735e+00 -4.229087595300598856e+00
1.000000000000000000e+00 -3.355114180516248545e+00 9.675419501147248802e-01 -6.601405046560483214e+00 -2.022772355209782713e+00 -1.514204433328179000e+00 -4.790733249358257950e+00 4.390942285352529950e+00 1.390553814885017725e-02 -2.520247819049411309e+00 -3.698891084073664626e+00
0.000000000000000000e+00 -2.342039895174643505e+00 -6.807096178757350291e-01 3.685436604289717533e+00 1.658846148897619166e+00 -4.356604034132462111e+00 -1.021890328416596994e+00 5.357582887735249599e+00 -5.289920727204244777e+00 -4.413266801994052635e+00 1.138891874973012808e+00
1.000000000000000000e+00 -4.512962877884941548e+00 9.173893931520475942e-01 -1.569189960172938880e+00 -2.983555509146450513e-01 -3.181528539731686145e+00 -4.842801280809506892e+00 4.315337924017074833e+00 -3.326352964117542665e-01 -3.548271365771594965e+00 -4.263212189210950243e+00
0.000000000000000000e+00 -1.649909135253456949e+00 -2.302032300334397874e-01 4.091100255561287646e+00 2.495733755791285535e+00 -4.161206479407469239e+00 -5.559278568471124338e-01 3.548350912103818366e+00 -3.751837363455442720e+00 -6.393357914442898249e+00 4.799404826044911254e-01
0.000000000000000000e+00 -1.240154970739626883e+00 -2.781973139733905143e+00 2.870835249196671324e+00 5.478157464550026390e-02 -6.647017906198041892e+00 -1.548540446048680019e+00 2.917510206101193049e+00 -4.565883035131887979e+00 -4.033566571457583017e+00 4.110252508026834839e-02
1.000000000000000000e+00 -4.812158348005513453e+00 1.537210570479234706e+00 -2.241357646388119740e+00 1.197562518869593529e+00 -3.122461306058810671e+00 -3.681694914019869369e+00 2.296940009360865176e+00 -2.460689047957244080e-01 -4.046007961230222882e+00 -1.767159023046927402e+00
1.000000000000000000e+00 -3.437342710193536544e+00 2.312424310630667890e+00 -2.751328875715675970e+00 -1.195914291383232353e+00 -2.700873837026914526e+00 -2.657252932547116142e+00 2.620460538418928564e+00 -4.100685952338428697e-01 -1.902222608212464028e+00 -3.134007881981661470e+00
0.000000000000000000e+00 -5.686655244498524109e-01 -2.440457285566012935e+00 2.554412209558926783e+00 2.837726346703228764e+00 -3.086048269237451791e+00 -1.517800842503894465e+00 3.632596453906521194e+00 -5.485464901531406312e+00 -4.570596948732582376e+00 8.694321240918300164e-01
0.000000000000000000e+00 -8.145201448285276369e-01 -2.361136774937363292e+00 1.934624220795507332e+00 3.887602876759197912e+00 -4.914742673872375178e+00 -1.793368428292894112e+00 3.535345177352366086e+00 -4.645591238569226178e+00 -4.350468874639046746e+00 1.269768930925698980e+00
1.000000000000000000e+00 -3.138959054205376464e+00 -4.269415798053821653e-02 -3.383594393571780934e+00 -1.468942474897577011e+00 -1.587600287868053073e+00 -4.214744417770980967e+00 3.787541465628883053e+00 -1.306356492885471399e+00 -4.074290036396982728e+00 -4.130922157548618578e+00
1.000000000000000000e+00 -4.516305293255223674e+00 -3.024488054429504968e-01 -3.275473664186853817e+00 -1.901033857266567040e+00 -3.200080194128164468e+00 -3.514666376377511448e+00 3.472120049233422545e+00 1.056794040788257227e+00 -2.998732434024453664e+00 -2.366364123341663905e+00
1.000000000000000000e+00 -2.995256998717965136e+00 1.914667053404681685e+00 -4.674526671864867033e+00 -1.294614418996919536e+00 -1.254465667125715056e+00 -3.281553543040977239e+00 2.788440026545140782e+00 6.917632287376289657e-01 -2.397879555605133994e+00 -4.200665247931781643e+00
1.000000000000000000e+00 -4.447540420808525852e+00 1.623510982281010651e-01 -3.217887413968316235e+00 -2.842335136535420581e+00 -3.162467638281336146e+00 -3.938162875284390907e+00 4.387436834951322417e+00 -3.872909680442792046e-01 -3.042638831765371421e+00 -3.147058833630081764e+00
0.000000000000000000e+00 -2.873507844190521077e+00 -2.689434472646568874e+00 5.842494343668281687e+00 3.308967905435704626e+00 -3.713981940140687499e+00 -5.122763924533482172e-01 4.173189286902462491e+00 -6.411155352398334450e+00 -5.702262628571984848e+00 1.145257346255425190e+00
1.000000000000000000e+00 -3.484263366632781356e+00 -7.938591533154966129e-01 -4.705078227459923212e+00 4.647699623951728753e-02 -6.457970695982355736e-01 -4.505155369859707548e+00 4.879716446432564858e+00 1.649669487757275510e+00 -2.134535978289022307e+00 -4.066558438218565996e+00
1.000000000000000000e+00 -2.780747119217918950e+00 8.404824224582020387e-01 -2.891134256273671710e+00 -1.014892104488001268e+00 -3.907535735182258385e+00 -5.296136427654982270e+00 2.494678107704120684e+00 1.581299358683864620e+00 -2.485513077762342427e+00 -3.078803809284560877e+00
0.000000000000000000e+00 -1.035181983374319215e+00 -2.036068250990334949e+00 3.121904398843184048e+00 3.114185133605599454e+00 -5.102611853418723697e+00 -1.513924642921055330e+00 3.198657638175179230e+00 -5.049791355482070365e+00 -4.841921092204522381e+00 3.428577804614321156e-01
1.000000000000000000e+00 -1.833277472150388165e+00 1.020955772766068970e+00 -3.553125954528723707e+00 1.166974911938460924e-01 -2.029827794165791399e+00 -6.000018911058283777e+00 4.580909555674081091e+00 9.756801242215887293e-02 -1.927264981219895201e+00 -3.948426614100048582e+00
0.000000000000000000e+00 -1.636684529114895259e+00 -6.218096654004205970e-01 4.642946058591648217e+00 3.547540757720916371e+00 -5.106451354141955612e+00 -9.098966076513064216e-01 4.207968831526117448e+00 -5.331639303610606895e+00 -5.265778844031666850e+00 -4.820474500575522292e-02
1.000000000000000000e+00 -3.798693009313195645e+00 1.909395899735520485e+00 -3.767986162514585402e+00 -1.724705643758641216e+00 -2.993567196780477335e+00 -4.435061600960430006e+00 2.452863099226212373e+00 2.076956342983404813e-01 -6.834545656876496178e-01 -3.546492731091804629e+00
0.000000000000000000e+00 -2.272484086338531384e+00 7.072070035473920768e-02 4.309171662707284689e+00 3.019187425837459582e+00 -5.675977067377132812e+00 -1.049385021410829122e+00 5.226561218219929472e+00 -4.297582364802744692e+00 -6.273117232442135816e+00 6.333920910040043983e-01
0.000000000000000000e+00 -1.259279118082844429e+00 -2.001062133274583488e+00 3.134745234671076464e+00 3.275777866878452294e+00 -3.745110616079740939e+00 -2.142506269690669374e+00 4.104323145658592686e+00 -4.007372007903420297e+00 -4.375638044378784564e+00 1.400161190575056613e-01
0.000000000000000000e+00 -2.280636004127524874e+00 -1.753674787106694000e+00 3.525044217741460706e+00 3.052204726006372493e+00 -4.553924376826718579e+00 -1.771926226775679902e+00 3.106437210999298593e+00 -4.852826852943711522e+00 -5.084333523904009944e+00 2.285854060521708142e+00
1.000000000000000000e+00 -3.554010297381805739e+00 1.137028755949857528e+00 -4.263474637343722229e+00 -4.578291980598808708e-01 -8.543580355590458808e-01 -3.491842076079070267e+00 3.357212095202212421e+00 -4.111952406025723428e-02 -2.272277970295931038e+00 -3.079220441060971147e+00
0.000000000000000000e+00 -1.436252105969861637e+00 -3.126502676297837624e+00 4.112812544889435706e+00 4.054563575703925338e+00 -5.179868695159915326e+00 -2.177721639274784238e+00 3.070155771490783003e+00 -5.747606797761246611e+00 -5.762437505969987050e+00 6.748553739700950960e-01
0.000000000000000000e+00 -6.737623434864117300e-01 -1.309052317493954787e+00 5.533268583391076412e+00 3.985879768243607124e+00 -4.927181121508080963e+00 -2.377100713740472049e+00 4.517533360518440233e+00 -4.749637062271963472e+00 -4.483067028688176414e+00 1.014266938027619025e+00
0.000000000000000000e+00 -6.482142986363730319e-01 -9.445735681885527590e-01 3.262457985001390171e+00 3.857360879148750143e+00 -4.587202653820218856e+00 -2.801250234137364625e-01 2.243654609605523653e+00 -4.065970215415654287e+00 -5.266516522491807351e+00 9.886340160277056199e-01
1.000000000000000000e+00 -1.579704402144000097e+00 5.466014928854567856e-02 -3.711288783113729117e+00 -1.563217744285916311e-03 -1.242409120556706492e+00 -3.787348372359647719e+00 1.088502721054495304e+00 1.025890960522208295e-01 -3.443813324163476963e+00 -4.811680755366497309e+00
1.000000000000000000e+00 -3.041534651603394757e+00 -6.136098684142803350e-01 -2.133918412717289215e+00 -3.424832896214745626e-01 -2.969749784516753532e+00 -4.516989230825677382e+00 2.481045720072138305e+00 9.201205915047470096e-01 -2.462316422344866140e+00 -4.667105274179597529e+00
1.000000000000000000e+00 -3.143812619432246880e+00 1.970800947074227816e+00 -3.086500093134861622e+00 -2.162875682122008314e+00 -1.975514133316952803e+00 -4.161981216858330335e+00 1.794233005924317448e+00 7.238736987461399375e-01 -1.066964876284114183e+00 -5.379784596071599978e+00
1.000000000000000000e+00 -3.073220666971177906e+00 1.112330847370823328e+00 -4.314322820530238189e+00 1.068607477157357266e-02 -3.439763682717325022e+00 -2.997923442257763860e+00 3.250999509396726772e+00 1.046240652712963071e+00 -3.917114878368488817e+00 -3.705315034266424057e+00
1.000000000000000000e+00 -3.206644588783969407e+00 1.173325764460728227e+00 -1.776404426517639967e+00 -2.252024606203401280e+00 -2.386030860317421620e+00 -5.080048829343070338e+00 3.411217583064507064e+00 -8.106916463128597261e-01 -3.264582205902297751e+00 -3.194394702702284761e+00
1.000000000000000000e+00 -2.702115683873483665e+00 4.775501545412641491e-01 -3.506935793949572222e+00 -1.860129946460568506e+00 -1.445489254310437843e+00 -3.358061119316845922e+00 3.583507850618371293e+00 7.419295815756450363e-01 -2.637614568311184016e+00 -6.375136529373707006e+00
1.000000000000000000e+00 -4.464739412935456286e+00 7.495224997112224230e-01 -2.669859203808789161e+00 -1.602821897843909049e-02 -2.413097326127377595e+00 -2.783878190902013383e+00 2.256384908457727434e+00 1.271712991425181793e-01 -2.715406385604151041e-01 -6.185750507781900609e+00
0.000000000000000000e+00 -1.976054746362678305e+00 -1.851410511726419017e+00 2.264785991143301036e+00 2.399205713054771483e+00 -6.258354101550136050e+00 -2.283236411413704037e+00 3.457421840768764021e+00 -2.885957353783553447e+00 -4.564907336570784402e+00 7.574727507039967778e-01
1.000000000000000000e+00 -4.878940122274562086e+00 4.348906800462929989e-01 -6.164206117676441110e+00 -2.531570633340694876e+00 -1.960036286206496614e+00 -4.561900877269240873e+00 3.356556979705699995e+00 -1.274618791828644460e-01 -3.419861760959115760e+00 -4.346035917733049203e+00
1.000000000000000000e+00 -4.616184797841589749e+00 1.026200207262746300e-01 -3.029310504138946314e+00 3.240712999292056917e-01 -3.399768697378190652e+00 -3.962436337780644191e+00 3.474238706647127195e+00 -6.416938482804190880e-02 -2.253189375644105485e+00 -4.218926319546032033e+00
1.000000000000000000e+00 -2.789938126702895538e+00 2.851010279666362557e+00 -3.807484738109465638e-01 7.374413336043912359e-01 -2.845097769975243551e+00 -3.800393124555414559e+00 3.183730468937226554e+00 1.569312214673445893e-01 -3.224069882390312003e+00 -5.225520337760160672e+00
1.000000000000000000e+00 -3.748138275658461804e+00 -1.659135240528359478e+00 -4.362918406517373171e+00 -1.216438322042778353e+00 -1.190322603460136408e+00 -4.139676471200371743e+00 3.523939826800559061e+00 -3.017339772523248698e-01 -2.575883526933456569e+00 -5.528295824079268783e+00
0.000000000000000000e+00 -2.005103411505813504e+00 -2.191066588402627691e+00 3.180773941707881303e+00 3.779561289536747193e+00 -6.001597815980982631e+00 -2.693377763783623813e+00 3.449285749785874877e+00 -5.328710397222096162e+00 -5.705109864290412780e+00 1.398908105012719894e+00
1.000000000000000000e+00 -2.925845652329983615e+00 1.137073121915219920e+00 -2.782157899869188267e+00 -1.568385559929898143e+00 -2.333633501453637127e+00 -3.594164393865233897e+00 4.407158554259471117e+00 4.073905364316681155e-01 -1.810166659674067979e+00 -3.655043256343101898e+00
1.000000000000000000e+00 -5.002077139021650076e+00 3.363337066766334260e-01 -2.762002434037586163e+00 -7.875086909239668032e-01 -1.528472515441726465e+00 -5.128998433097725851e+00 3.664942814886228639e+00 -2.276436802286668559e+00 -3.106369534859137360e+00 -3.322748361093203151e+00
0.000000000000000000e+00 -1.267994138977451168e+00 -1.365857271826423691e+00 2.430295750448223657e+00 8.685891778129286589e-01 -3.969709381251226077e+00 -3.135860048605760397e+00 4.863610383703703022e+00 -5.042467617615704611e+00 -3.285902022414329604e+00 -1.917522429917157378e+00
0.000000000000000000e+00 -1.727286399935013428e+00 -1.994275362495877113e+00 2.411631309475226193e+00 3.153426169890707342e+00 -3.275979234359556180e+00 -1.646847633429805002e+00 3.396862910364781385e+00 -3.865209097089612467e+00 -3.507935541595820439e+00 3.828114320161313255e-02
1.000000000000000000e+00 -3.749790791318128313e+00 1.495006143068128956e+00 -2.586859228790967080e+00 -2.673062855271415295e+00 -3.310991708514853915e+00 -3.053639691331196282e+00 3.240864754826002780e+00 -7.085067347069375909e-01 -2.369010639683319486e+00 -5.808724259336274010e+00
0.000000000000000000e+00 -1.440261024058911321e+00 -1.042130316219231023e+00 2.988813368392040815e+00 9.994817260963275718e-01 -2.062469149088668630e+00 -7.106025889060576528e-01 6.777545064142934450e+00 -5.250529917815255132e+00 -4.974484714314475475e+00 1.585785546180258354e+00
0.000000000000000000e+00 -1.226589263036387711e+00 -2.917905354377774874e+00 4.581601508856490312e+00 3.995077397896700688e+00 -3.933703612333729893e+00 -2.314773868256254197e+00 6.357538828207640158e+00 -4.179437152271805012e+00 -4.170700377202219755e+00 1.323407008492282433e+00
0.000000000000000000e+00 -8.702705030383448559e-01 -2.037091455912205973e+00 4.380733165178380517e+00 2.644549283524476824e+00 -4.460628531703327404e+00 -1.896939229781754666e+00 4.479559869903715352e+00 -3.333771600845405914e+00 -4.213423421784515455e+00 1.242981982694767451e-01
1.000000000000000000e+00 -3.443872818625964172e+00 3.318404183546659891e-01 -4.629581878011759244e+00 -2.279933782260970876e+00 -3.438624502238166514e+00 -3.332246888813722219e+00 2.137327515892819108e+00 1.215567946299302093e+00 -2.330943047472869178e+00 -5.909277390375968331e+00
0.000000000000000000e+00 -4.195107349421841603e-01 -3.288448174363885812e+00 4.278576514256041463e+00 1.849520405653568345e+00 -3.621831199237595555e+00 -1.438142010063765852e+00 3.127652673634446323e+00 -5.506730466513995559e+00 -5.378394642058991870e+00 6.390257253478623944e-01
0.000000000000000000e+00 -1.009122838605232220e+00 -3.119371533480657988e+00 2.533631614871862059e+00 2.135159185979050633e+00 -5.308505715522581880e+00 -2.369297505006225713e+00 2.565141264302080337e+00 -4.145963947755040735e+00 -2.907476941104136348e+00 1.555916936435088882e+00
0.000000000000000000e+00 -2.598999811207023392e+00 -2.507816921141433397e+00 3.020941701692173798e+00 2.982141662720454001e+00 -3.469906658911320996e+00 -1.936007652642855126e+00 2.959889641839257290e+00 -3.020691734078274404e+00 -5.290394638341441969e+00 2.398692241971722705e+00
0.000000000000000000e+00 -2.355942238779822340e+00 -1.776352610299045232e+00 2.668943764690911546e+00 3.084548770525923800e+00 -5.456545553868057397e+00 -2.048993738397575815e+00 3.220380626636675903e+00 -3.750156587982428125e+00 -2.734923743520674133e+00 4.350261723437145456e-01
0.000000000000000000e+00 -1.540038494063922236e-02 -5.393521975630952703e-01 3.548963370216450919e+00 4.573575111055488307e+00 -4.776921033511744241e+00 -1.722510107183595540e+00 3.290965378324937518e+00 -4.352289762732659995e+00 -6.578157745693218317e+00 8.767299131928699696e-01
1.000000000000000000e+00 -1.469190641962391686e+00 1.564531719860053016e+00 -3.202299959078927394e+00 -2.687980150714354144e-01 -3.377308441367408154e+00 -4.920446403775642352e+00 3.357387545903654402e+00 -7.932574811290121763e-01 -2.994099522257273271e+00 -3.836127843911347313e+00
1.000000000000000000e+00 -2.624836123532574117e+00 1.463370868353185861e+00 -3.504823470284187170e+00 6.401662708611688402e-02 -3.013712691009032607e+00 -3.632956070057508313e+00 3.558420935868076729e+00 -9.661017855716225178e-01 -1.450127970969329994e+00 -5.604845467778519996e+00
0.000000000000000000e+00 -1.211339826803829123e+00 -2.885856376774071919e+00 3.557032493109660187e+00 2.389684868642059090e+00 -3.022154121728545029e+00 -5.388318134773033563e-01 3.594159673129666110e+00 -5.021114972121528019e+00 -6.789382042278224283e+00 5.462736121463233063e-01
0.000000000000000000e+00 -2.920647859941682967e-02 -1.727279684557831985e+00 3.378527117888274311e+00 3.677179543889761426e+00 -4.928691436158956662e+00 -9.988824188957884376e-01 3.092505821886718742e+00 -3.813697646773956063e+00 -3.242957503348485204e+00 9.242076950737853069e-01
0.000000000000000000e+00 -1.623674727623418912e+00 -1.705409740805986507e+00 4.299502587840978052e+00 1.722777286799939578e+00 -5.398443052733289171e+00 -2.151898101516626749e+00 3.445641811014895417e+00 -4.121181023066287530e+00 -3.935594055272765068e+00 2.509306405994223610e+00
0.000000000000000000e+00 -1.372484042113513381e+00 -1.412467377374614141e+00 2.447740242785711118e+00 3.942418347309508242e+00 -4.373178878173224149e+00 -3.063172108601945443e+00 4.759462882379041027e+00 -2.876974087673094260e+00 -6.764009947036860204e+00 -6.779554906439504425e-01
0.000000000000000000e+00 -1.450805467367318524e+00 -2.379867620458749222e+00 2.477434964934242423e+00 1.650925504117302545e+00 -5.397679349660245762e+00 -5.508261656157269481e-01 3.624071947031948682e+00 -5.322438948070572273e+00 -5.840783824978817762e+00 1.522073946017861834e+00
0.000000000000000000e+00 -8.883044564866624526e-01 -2.521273920516454936e+00 2.892890792194195093e+00 2.676435954108471460e+00 -3.783597355225557735e+00 -9.334509658009966238e-01 4.235671571892270393e+00 -2.964207396948908446e+00 -4.515971766891264672e+00 3.019014833968834410e-01
1.000000000000000000e+00 -3.557403785669991159e+00 -1.471199502675677895e+00 -6.125572478711541535e+00 -9.760525698055909638e-01 -1.858129969719984231e+00 -5.202926580854731142e+00 2.893722506145292694e+00 1.006601584597833554e+00 -2.187266387044966898e+00 -3.825812409035041384e+00
1.000000000000000000e+00 -1.189974731532755348e+00 2.121932846977305331e+00 -3.818472486436844004e+00 -5.273993739088750354e-01 -4.420156748192653140e+00 -2.724827157808134892e+00 4.090434397090728424e+00 1.556999166422732284e+00 -2.564167433433430787e+00 -4.146028199243103174e+00
0.000000000000000000e+00 -2.933456156222823186e+00 -6.821246770151336847e-01 3.840813911243338818e+00 4.222210802110135219e+00 -3.436074783386994902e+00 -9.387355477444461194e-01 4.597497400336320261e+00 -3.349010341394351720e+00 -4.832715596907306121e+00 -6.153006779993845932e-01
0.000000000000000000e+00 -1.859670167438825850e+00 -3.123923877201478128e+00 2.532074345945698912e+00 1.873975361473156909e+00 -5.812595028869136371e+00 -1.195776549826418123e+00 2.729436762166057129e+00 -4.951400569174782440e+00 -4.795003357340380745e+00 6.461590063453293009e-01
0.000000000000000000e+00 -4.209765775149993949e-01 -5.152841225442132966e-01 3.217929918927334487e+00 3.921337463803498569e+00 -3.678267364624427049e+00 -2.937464491567520763e+00 3.009501453694896966e+00 -5.627443597328403158e+00 -5.064123829493935247e+00 5.426484743550010759e-01
0.000000000000000000e+00 -1.194587167181218490e+00 -2.782770197875986007e+00 3.891238981907313210e+00 2.063892044900961675e+00 -3.891695615095674299e+00 -1.227713274104735630e+00 4.370483179845232158e+00 -5.470143779043869614e+00 -4.170949305528589335e+00 1.502685223606334830e+00
