1.000000000000000000e+00 -5.401581480785906386e+00 3.482247115444385699e-01 -4.464683189824352638e+00 -3.592245365074922425e+00 -2.184421225944782829e+00 -4.207081427394861350e+00 5.042130490036181634e+00 -3.518240130004992583e-01 -4.385094583346379693e+00 -4.409177453442417516e+00
0.000000000000000000e+00 -1.726376407868502438e+00 5.858945952139944513e-01 -2.894187927505154523e+00 -2.517425095056770257e+00 -3.211403530380991800e+00 -2.281534526016375075e+00 4.677768251360985285e-01 -1.379159264095188409e+00 -1.911577168649258640e+00 2.987607443552371400e+00
0.000000000000000000e+00 -5.558476751552623440e-01 4.286472116038300140e-01 -2.788372832704803628e+00 -4.279880903779048396e+00 -3.411779429723642565e+00 -2.935446688595757525e-01 3.207532279679991216e+00 4.688631078751495096e-01 -2.327802566745022617e+00 4.900298052213620359e+00
0.000000000000000000e+00 -2.458470732603305065e-01 7.331441211155120818e-01 -4.020634697915113520e+00 -2.173833044477112342e+00 -4.486123743274882614e+00 -1.685468333704770005e+00 2.362139164541837477e+00 4.746975677482928591e-01 -2.347806871032196874e+00 2.740028506796136298e+00
0.000000000000000000e+00 -1.440280261992468613e+00 -1.293445288300303808e+00 -4.062817303267308944e+00 -2.830672166189892369e+00 -4.296832415956933993e+00 -2.554911470524830364e+00 2.844551212859393274e+00 1.128526356561160515e+00 -3.531288205479734099e+00 3.673781309384601013e+00
1.000000000000000000e+00 -4.104764090679164923e+00 1.762932457732351299e+00 -3.823689749330261733e+00 -1.816011662180928354e+00 -3.555372462402578648e+00 -1.206560001153220707e+00 4.273557936517708988e+00 -2.956707231008766090e-01 -6.241372702801887939e+00 -3.154969077043220160e+00
1.000000000000000000e+00 -3.822970763919873338e+00 4.584051877330526992e+00 -3.575553840984194487e+00 -9.491243428318929531e-01 -2.415372996340516387e+00 -2.982416846812927069e+00 4.089646835711448603e+00 -1.756651437215473788e+00 -5.376193482669535229e+00 -3.033338187641290595e+00
0.000000000000000000e+00 6.636585701352843980e-01 2.077914447356382865e+00 -2.680239376453263489e+00 -2.469904512667573826e+00 -3.754062243009499866e+00 -4.269059081250265564e+00 2.209722842902890783e+00 4.847370112943610310e-01 -9.886352846881671930e-01 3.986767445840096347e+00
1.000000000000000000e+00 -3.249315329736976565e+00 2.070086004495664156e+00 -4.993747750331074542e+00 -4.259075479605153980e+00 -3.339297545301727510e+00 -5.126684224505935639e+00 3.427306873256801723e+00 -1.520494587049219692e+00 -3.867272204410744152e+00 -2.076605384576393654e+00
0.000000000000000000e+00 1.604308920823003692e+00 2.839870601695584362e+00 -2.127109128943086347e+00 -2.929672072713158215e+00 -3.572336423428237762e+00 -2.103685410960916435e+00 2.144295702422234662e+00 1.221035291079928919e+00 -3.112306019160692827e+00 5.188788661961359239e+00
0.000000000000000000e+00 -9.686149906391589015e-02 1.424209259400806449e+00 -3.371910870305867114e+00 -4.042686084953572845e+00 -2.977690815515940059e+00 -2.551622601890372266e+00 1.868949517220700018e+00 1.594615773824579197e-01 -3.322514258131149312e+00 4.715613529912847213e+00
1.000000000000000000e+00 -4.815584576640151049e+00 -1.789614419837212811e+00 -4.633836733950587039e+00 -3.214551166404802984e+00 -1.923446351905891305e+00 -3.192071471892351298e+00 3.575925229515067638e+00 -3.274000625368955752e-02 -6.027876695529068130e+00 -1.843025557913787305e+00
1.000000000000000000e+00 -5.394270162718962425e+00 2.382751084087201265e-01 -4.851181132310765420e+00 -1.080408505634345095e+00 -1.696380576153999398e+00 -5.620770004083294857e+00 5.286311132271467983e+00 -1.373135897482568479e+00 -3.388461301288739236e+00 -2.060040614267220960e+00
0.000000000000000000e+00 -1.020622976215301847e-02 -6.795896700770147625e-01 -4.086484070687831149e+00 -1.758281916625747288e+00 -4.907726645194292026e+00 -2.777853759723988958e+00 2.047818153699660471e+00 -9.868526120359957243e-01 -4.318939024266765792e+00 4.023688313608121625e+00
0.000000000000000000e+00 -2.829045057778432626e-01 8.320949885230559673e-01 -2.743958052240040413e+00 -1.865091572493718264e+00 -3.746613971800127452e+00 -2.548174976373489997e+00 4.109824808446305155e+00 2.077403687287428191e+00 -3.005221918427496863e+00 4.790305973772776227e+00
1.000000000000000000e+00 -3.901205863460091905e+00 5.247297767483032338e-01 -3.824222668754019061e+00 -1.511091209790410339e+00 -8.903165063752017661e-01 -2.657781242157409629e+00 3.141260990213268656e+00 -2.015697678126835424e+00 -5.151832570769677488e+00 -3.715166726083309001e+00
1.000000000000000000e+00 -3.009407727004448141e+00 1.292555757714605402e+00 -4.446123091061764399e+00 -2.378519470736285779e+00 -2.065685313501589349e+00 -4.500534783572540221e+00 2.376790460006380723e+00 -4.363576232417702983e+00 -5.840201134583395515e+00 -3.240503823807853401e+00
0.000000000000000000e+00 -5.706535774343972633e-01 1.267635600050793787e+00 -3.728134923390244992e+00 -2.352398908465046290e+00 -4.125010286945654414e+00 -1.305584487578291153e+00 2.662404986719673072e+00 5.218236013913826188e-01 -1.133935445541542464e+00 4.926583582567868547e+00
1.000000000000000000e+00 -5.319449163947925996e+00 1.361727093442675729e+00 -4.357110311404868597e+00 -2.064271498725374521e+00 -2.561432595447465488e+00 -4.188210366593036582e+00 4.408937168408272100e+00 -2.780560647935514940e+00 -4.248161719354263788e+00 -3.332183451482412018e+00
0.000000000000000000e+00 -1.442075646734571004e+00 1.790716785689372426e+00 -3.156233232812956757e+00 -3.186186117925131178e+00 -4.125966948756901509e+00 -2.557426912428553134e+00 3.493662590182244010e+00 9.214203446121536079e-01 -2.334101546708917674e+00 4.305680827032269065e+00
1.000000000000000000e+00 -6.082525593597831737e+00 1.297690787910760868e+00 -4.121629543264280215e+00 -2.863851838066738154e+00 -1.861055989018175927e+00 -3.989633882568567103e+00 2.791633174924794680e+00 -2.538431392042575396e+00 -3.845851181986713385e+00 -3.174551453377633781e+00
1.000000000000000000e+00 -4.741877496665983571e+00 1.249655242898272789e+00 -3.742413694907829047e+00 -1.113052798586854575e+00 -2.321881452631069820e+00 -3.516721138844361771e+00 4.562104690315037736e+00 -2.526549419607919233e+00 -5.400365924100777981e+00 -1.857290097378053728e+00
0.000000000000000000e+00 -1.738079241441939371e-01 2.827513744950238994e+00 -3.917816296443807467e+00 -3.847193534358508415e+00 -4.467352890021987655e+00 -1.053765334249245678e+00 3.508558043138990445e+00 3.309495690902728438e+00 -1.919292614087542592e+00 4.138387379391064158e+00
1.000000000000000000e+00 -4.871657911235314664e+00 2.859288862875487780e+00 -4.546118451732472643e+00 -3.505919141587160226e+00 7.367721280837087328e-01 -4.117801584136068449e+00 4.250948338015636097e+00 -3.312918244537964796e+00 -6.445472315964440924e+00 -2.674192733033817326e+00
1.000000000000000000e+00 -4.718245822125684441e+00 1.192914017793546666e+00 -4.595304340486453754e+00 -3.305880330563118807e+00 -3.632721237188394348e+00 -4.934507543801109897e+00 3.757339547300495131e+00 -1.828142252567754200e+00 -3.425488597439865668e+00 -3.651455153735636117e+00
1.000000000000000000e+00 -5.736254494189694242e+00 2.913840583093022296e+00 -5.480553769965103683e+00 -3.042665935780699549e+00 -2.060864681081541860e+00 -3.671941033296535206e+00 2.927657670468564177e+00 -9.045518432859547264e-01 -3.828762442925411236e+00 -2.243200594030628103e+00
0.000000000000000000e+00 -9.015034316078160970e-01 1.786417034965756212e+00 -3.558975641202539286e+00 -1.069548323165035342e+00 -3.904177847767639431e+00 -2.904949040565320217e+00 2.783477978946192533e+00 6.456463003542549650e-01 -2.538860450818050118e+00 4.717796741675048366e+00
0.000000000000000000e+00 -2.022422850591450993e-01 -3.816342207288303534e-01 -2.697773539753190342e+00 -4.219294228199891528e+00 -5.161693275580708118e+00 -1.199284273245875942e+00 -3.149102003150372475e-01 4.432940203647233179e-01 -2.594741459133576456e+00 3.796885626354072230e+00
0.000000000000000000e+00 -1.456825023586734824e+00 9.051648369523628279e-01 -1.376302663116428349e+00 -2.885635516951538193e+00 -5.024365855737384479e+00 -1.881508245652040223e+00 9.950666308487539080e-01 -1.025282922000563479e+00 -2.364125872898665826e+00 2.869995156062608022e+00
1.000000000000000000e+00 -6.297032347731978064e+00 -5.066871716769194567e-01 -4.002892221745510959e+00 -2.739617537758899157e+00 -2.301167919471221346e+00 -4.407786943264714985e+00 4.311744663291630530e+00 -3.482124006585645137e+00 -5.391071230875618348e+00 -3.727189188852032764e+00
0.000000000000000000e+00 -2.157844580001869517e+00 2.754451086160823792e+00 -4.365399990752284687e+00 -3.842291526496346421e+00 -3.458856531281022217e+00 -2.542912396355917704e+00 2.692263934118340085e+00 1.448139323065544826e+00 -1.647992686480899582e+00 2.956956675973590354e+00
1.000000000000000000e+00 -3.050689386234564537e+00 1.136207142292465111e+00 -6.404701293180842470e+00 -3.792391975404876270e+00 -1.675893449247665368e+00 -2.805673406432620531e+00 4.815574348151557160e+00 -3.182033191410637674e+00 -4.641246409787822991e+00 -3.769294606199891984e+00
0.000000000000000000e+00 2.041086653574016863e-01 6.569431430560619400e-01 -3.634595481020029162e+00 -3.124189380953648065e+00 -3.232550035006106270e+00 -1.690130147095282087e+00 1.674174995574579494e+00 6.445563048416210750e-01 -4.070477552127748311e+00 3.499941031735258612e+00
1.000000000000000000e+00 -6.147490412276925831e+00 1.439752547812651606e-01 -4.696576980946206348e+00 -3.469827747525880302e+00 -4.760226438891337342e-01 -4.130249234480463549e+00 2.713744128257198795e+00 -1.760860181666431989e+00 -5.137563696898652665e+00 -2.593394036578060113e+00
0.000000000000000000e+00 -1.293242200900406313e+00 9.469092749302614465e-01 -3.386174210894322911e+00 -2.584694230107554169e+00 -3.266658971379129639e+00 -1.732929155144530053e+00 1.480266528257331515e+00 4.547927747625900019e-01 -3.207238499669977649e+00 3.917221825495546650e+00
1.000000000000000000e+00 -6.921311488465794248e+00 1.575465273001939170e+00 -3.554382245894497139e+00 -3.300255772962494838e+00 -1.942723953362294642e+00 -3.862936491451250287e+00 5.033543093522249379e+00 -2.259206572949354896e+00 -5.213455671279528580e+00 -3.219131763364560417e+00
1.000000000000000000e+00 -5.436713669480855771e+00 1.642853573172877280e+00 -6.916400418541464923e+00 -2.064322326907922722e+00 -1.004863052042750837e+00 -3.840935143738963831e+00 4.800725218213075962e+00 -2.235098853939822661e+00 -4.401738924339496428e+00 -2.999766670882568764e+00
1.000000000000000000e+00 -5.109472330704500465e+00 9.536095403340453247e-01 -4.715976601958842274e+00 -4.054565632020687538e+00 -2.833216123916144191e+00 -4.814242574308256195e+00 2.733942630328690448e+00 3.419959024762353472e-02 -6.007029268606233430e+00 -2.579985849106806395e+00
0.000000000000000000e+00 -5.376200779772899452e-02 2.201106902959673484e+00 -4.875730797988451215e+00 -3.437807905151402554e+00 -2.999715222461810438e+00 -4.107041779989751618e+00 2.225918901449446263e+00 9.232161436566510559e-01 -3.507648310167386541e+00 3.950629293553394206e+00
0.000000000000000000e+00 -1.085613817197935704e+00 2.190439510146323876e+00 -5.905279752819916794e+00 -1.930970405668518630e+00 -6.078421571942411283e+00 -5.680377085506085777e+00 4.404793741186049161e+00 -1.352146986617085878e+00 -3.889618755724801424e+00 5.698301608237693827e+00
0.000000000000000000e+00 -3.710721310037912168e-01 8.428551248178670630e-01 -4.117195888677962934e+00 -2.638256397473307757e+00 -4.677349619720716944e+00 -2.910668043890884960e+00 1.265199725120461416e+00 -2.185097642044663280e-01 -5.117784222841033959e+00 4.580403991482877579e+00
1.000000000000000000e+00 -3.687125638400593708e+00 9.707715488170988172e-01 -4.271456800746166849e+00 -2.143067683767116094e+00 -2.819808233484666360e+00 -3.061113408643700851e+00 4.962587737047678971e+00 -1.700695787815023508e+00 -5.076850732066445104e+00 -3.829484437100774574e+00
0.000000000000000000e+00 1.609864105948421997e-01 2.911622961348192540e-01 -3.336618679926923292e+00 -2.670420138898308426e+00 -5.274180934018664502e+00 -2.621732597651677654e+00 8.037115887722994234e-01 7.463673230919073420e-01 -4.742781211171934075e+00 5.089580559678250182e+00
1.000000000000000000e+00 -5.973361762760865723e+00 8.780684991795073557e-01 -6.019204350334838693e+00 -2.259767903655002907e+00 -1.361895798413398584e+00 -4.103414808343125664e+00 3.581218168817089875e+00 -2.005561706651826981e+00 -3.827959202323706123e+00 -3.793576682925311694e+00
1.000000000000000000e+00 -4.197911905571398705e+00 1.086534881176169032e+00 -2.981426787482527985e+00 -3.463560565796729662e+00 -9.681681124878727118e-02 -4.570591461097953889e+00 5.188908954620634617e+00 -2.937435410304764183e+00 -4.442100588088769619e+00 -2.141525505995973688e+00
0.000000000000000000e+00 -6.168715238990976069e-01 2.311453772230451786e+00 -3.139137194490726923e+00 -2.709557307086121636e+00 -4.106251226865376580e+00 -5.776692347948855222e-01 2.344542987691188962e+00 2.176283890898822460e-02 -2.316741408936126234e+00 4.166145408068956613e+00
1.000000000000000000e+00 -6.088244465262219407e+00 1.016468046715571338e+00 -3.843561086655284953e+00 -2.938929955371697655e+00 -2.568811885066213829e+00 -3.922534999877465456e+00 3.064043682565126936e+00 -2.004722569253313047e+00 -3.976071531243384971e+00 -2.365088308956396990e+00
0.000000000000000000e+00 -5.678906315305676245e-01 1.811935960718996652e+00 -2.255933378309799231e+00 -5.107251305030668043e+00 -4.631140353532669174e+00 -3.038213910971854226e+00 2.721077023600879663e+00 6.415636035282237248e-01 -3.935587945456982428e+00 2.301682128236412606e+00
1.000000000000000000e+00 -5.081004363106955246e+00 9.923810250874035566e-01 -4.584775979162253989e+00 -2.340773230301182561e+00 -1.465618168315224290e+00 -2.998915885272813497e+00 3.815527164394892701e+00 -2.252259004376647500e+00 -5.314160339969047797e+00 -2.861200239581505489e+00
0.000000000000000000e+00 -7.680536201057114321e-01 1.469712756182512958e+00 -3.320346812257285229e+00 -2.719093513309399412e+00 -4.777614503899378029e+00 -3.041464495835920712e+00 2.449737298792244111e+00 3.211022590487688233e-01 -2.242493449786491233e+00 3.712593500636064636e+00
0.000000000000000000e+00 -1.407398026405034308e+00 8.802045323719717151e-01 -3.710070380797469980e+00 -4.160615845774509935e+00 -3.699421304344689965e+00 -1.315763559293368967e+00 4.467077070947248707e+00 1.180952674133277092e-01 -2.074159732521731137e+00 5.430750269393014307e+00
0.000000000000000000e+00 -8.797819577917419531e-01 2.176820989837675135e+00 -3.242619657809007627e+00 -3.353512678874155384e+00 -4.071162629652683940e+00 -1.076180474191258840e+00 7.766612396113550254e-01 2.055269181855361726e-01 -4.267279226815205107e+00 4.087713715987593588e+00
1.000000000000000000e+00 -3.280893465836045575e+00 1.359564312904453454e+00 -2.977877877752180602e+00 -3.306351344662287861e+00 -1.620743407761993327e+00 -3.754175144855339319e+00 3.122562849981864730e+00 -7.732760281239741129e-01 -3.224251102759134291e+00 -4.394678159670002415e+00
1.000000000000000000e+00 -3.238363584289848163e+00 1.519785733359450663e+00 -4.187661831707795379e+00 -1.784067654192868835e+00 -1.106376076276881726e+00 -2.226002229078452466e+00 4.771046385208769891e+00 -2.222201562702077027e+00 -4.553883000829804573e+00 -2.227592871289927778e+00
0.000000000000000000e+00 -1.377785186312980414e+00 2.309698364429443096e+00 -2.990033268756006724e+00 -1.170766670168339463e+00 -2.645750234195408446e+00 -2.584537706782222166e+00 3.988540605400596739e+00 7.921151399364412260e-02 -4.708895104481550575e+00 3.403910031658827329e+00
1.000000000000000000e+00 -3.410227138304234629e+00 2.759361393658685824e-01 -5.181434673282201864e+00 -1.497852775936761693e+00 -1.552298419778837646e+00 -1.881700087986221126e+00 4.217369504409846925e+00 -2.197308827372322249e+00 -3.996901760670137804e+00 -3.531818591745912173e+00
1.000000000000000000e+00 -4.393169389255525914e+00 7.140810017584440228e-01 -3.445670399985252708e+00 -1.847046232662285181e+00 -1.251789819014846650e+00 -4.285514327858787276e+00 4.245340199323164754e+00 -1.423905415195763968e+00 -5.127809437430116191e+00 -2.045600741861988592e+00
1.000000000000000000e+00 -7.321719340105206975e+00 4.339598394910417767e-01 -4.977079271964837126e+00 -2.698864303887197114e+00 -2.521902574369534467e+00 -3.816887224775704635e+00 3.885361042778889384e+00 -2.864303353882608594e+00 -3.998083763357146658e+00 -2.537388695612416978e+00
0.000000000000000000e+00 9.934484035246216038e-02 2.968467122763873700e+00 -2.606557110033564939e+00 -2.460115175890136729e+00 -4.848100200356415534e+00 -2.030933609371762927e+00 3.347121368052386359e+00 -1.350535737444936712e+00 -3.686516183405531777e+00 4.795772343585665176e+00
0.000000000000000000e+00 -5.751415287212104932e-01 -1.745816398919706192e-01 -2.777351958906582041e+00 -2.327953194646029011e+00 -3.909268995540451819e+00 -2.628105853633881495e+00 4.137197961616825737e+00 3.135808291534807335e-01 -2.300848283966930641e+00 3.626480130674354374e+00
1.000000000000000000e+00 -2.164920257554785454e+00 1.260562184782684003e+00 -3.391939495099215662e+00 -1.807133760044634219e+00 -2.036941156194468583e+00 -3.381142600495683936e+00 4.375514405841834709e+00 -1.795500002661223116e+00 -5.022593990600927150e+00 -1.899164676025409282e+00
0.000000000000000000e+00 -1.667019783070268435e+00 1.751691940914883450e+00 -3.008652455719967644e+00 -2.956719890595552958e+00 -5.388594903258321800e+00 -2.016091408754283609e+00 9.108222013313460597e-01 -2.172798244713652904e-02 -1.766901738760950913e+00 3.447785147699868880e+00
0.000000000000000000e+00 1.153397204833737755e+00 1.643826310281635283e-01 -1.593443766016847896e+00 -2.583218046920052746e+00 -4.488075608958840057e+00 -1.380650286259195170e+00 2.842706788227813419e+00 5.617780757493070487e-01 -1.929002727237720594e+00 3.834520402612726642e+00
0.000000000000000000e+00 -7.106258959240717710e-01 7.651947328672477067e-01 -3.926855820713809120e+00 -2.348354413794094597e+00 -2.541873365074770241e+00 -1.354705433516072866e+00 1.888649544547617021e+00 -4.208772670535391169e-01 -2.940824652038609877e+00 4.302580015722579532e+00
0.000000000000000000e+00 -2.481018025720147513e+00 1.113011630204078672e+00 -6.212691050830832395e+00 -3.922566111114640375e+00 -4.377118995399516876e+00 -1.977673575462857825e+00 2.757815856217367578e+00 -1.846404844422999680e-03 -4.100453809328700849e+00 2.343972919394863741e+00
1.000000000000000000e+00 -7.361725359328074703e+00 5.569521659254696999e-01 -4.385168605190241209e+00 -2.356448148182652691e+00 -1.392675770284081960e-01 -3.841759328486568315e+00 3.096040798034998431e+00 -8.208648308606441013e-01 -4.914360717046176497e+00 -3.224706483874325791e+00
1.000000000000000000e+00 -4.909470369373893028e+00 8.808306371908876109e-01 -3.951483583467018335e+00 -3.049227836865467722e+00 -1.391267773438758848e+00 -3.584271753592217724e+00 2.948452710778325603e+00 -8.884970629179211876e-01 -5.091782703749765382e+00 -3.083068581360837612e+00
1.000000000000000000e+00 -5.345720351572590623e+00 1.073089472703106173e+00 -4.224272834248735897e+00 -3.187372584326209513e+00 -3.218057130834257151e+00 -2.341981764745582506e+00 3.231793505339129791e+00 -3.551298497969280099e+00 -4.541490026301857164e+00 -2.125681736555229406e+00
0.000000000000000000e+00 4.791145401707908036e-01 1.876486305572420132e+00 -2.725023978915159795e+00 -3.703836054850394799e+00 -4.926033014619246586e+00 -2.417253026796654325e+00 2.282804814182880282e+00 -2.900301888810453699e-01 -2.275591505327466457e+00 3.554183809329637178e+00
1.000000000000000000e+00 -4.744207403262374889e+00 1.553148612420574448e+00 -5.281827726615756724e+00 -1.181569421369748296e+00 -1.659855011045773709e+00 -4.120355363388184422e+00 4.245525401638460927e+00 -4.799077511597116263e-02 -5.208851334740125516e+00 -3.630971848298079063e+00
1.000000000000000000e+00 -4.648721725939459759e+00 9.915807348471689098e-01 -3.263612292078227117e+00 -2.797964893776211159e+00 -1.166916616885382396e+00 -3.993482962410813908e+00 3.865452780720100900e+00 -2.132488894015280412e+00 -5.275431251025724855e+00 -2.776840434799980439e+00
1.000000000000000000e+00 -5.025650658203950627e+00 1.408550002891036712e+00 -6.011219744250851704e+00 -1.240779965622245573e+00 -1.929200386844428738e+00 -4.137698821144669026e+00 2.641816459995282695e+00 -3.096185835077776893e+00 -4.609321856721936506e+00 -3.009797462912948252e+00
0.000000000000000000e+00 -1.047092828904608197e+00 1.771937222361240627e+00 -3.234248977233270761e+00 -2.708284921311730375e+00 -4.275127624699527118e+00 -1.895078111425096967e+00 1.586988461163379327e+00 4.467041500620529959e-01 -3.900338296301725904e+00 2.738301506586697354e+00
0.000000000000000000e+00 -1.939919281457505473e+00 1.417002436860717474e+00 -3.510551437179546763e+00 -4.108450233099425475e+00 -4.195693008854947337e+00 -2.620189697111341864e+00 3.089505234471847661e+00 -9.206979704159592437e-01 -1.596929759742155452e+00 4.121001006764536179e+00
0.000000000000000000e+00 1.148358037203354165e-01 1.860107726963051045e+00 -2.699432500423643688e+00 -2.298992558280946064e+00 -3.973482130836242909e+00 -2.523255105156139155e+00 2.477621529206409434e+00 3.776047065540660830e-02 -5.318016563427875099e+00 2.367161486607585630e+00
0.000000000000000000e+00 9.366049798932514214e-01 2.846104779545844288e+00 -4.033743318138404810e+00 -2.358098561207300214e+00 -3.324018369332136125e+00 -6.061545914611421448e-01 4.063439500790711811e+00 -4.220935596583658134e-01 -3.495348831608936724e+00 4.212517223546122125e+00
1.000000000000000000e+00 -2.878171200734430890e+00 1.180151951548207290e+00 -7.145894716356128384e+00 -2.359148277817707307e+00 -2.499138417700156545e+00 -4.759647758500711312e+00 4.697045971055997526e+00 -2.991163019755060937e-01 -5.933185463486307043e+00 -2.826581071251144550e+00
1.000000000000000000e+00 -6.190282189383844447e+00 5.976248854096762875e-01 -4.878350797312580589e+00 -2.455561849617893699e+00 -1.139686171002366244e+00 -3.547476404708413966e+00 5.371185572094677951e+00 -1.852720972517695408e+00 -4.482663067883008168e+00 -3.536095396798634827e+00
0.000000000000000000e+00 -1.768405012042421287e+00 1.946788673851082008e+00 -3.545043059896957782e+00 -1.703384229227559832e+00 -5.873076799626328892e+00 -1.898906663802312433e+00 4.893499980661220938e+00 2.957880330505938127e-01 -2.283605061351521304e+00 3.399481945694327489e+00
0.000000000000000000e+00 1.602683729154321668e-01 1.636391442548442710e+00 -3.859444297768616305e+00 -2.179886965318141634e+00 -1.769341777439638275e+00 -9.996461512289271933e-01 2.151361857285922774e+00 1.801001308824998315e+00 -9.533956305800450615e-01 4.262925186809463085e+00
1.000000000000000000e+00 -5.091209398373300665e+00 8.862414429149566564e-01 -5.252045842463524572e+00 -2.358570894139659035e+00 -2.615202815282373638e+00 -5.158107016170822234e+00 5.351831149934995757e+00 -2.019149478729976188e+00 -5.997843980789645535e+00 -2.929247858521532244e+00
1.000000000000000000e+00 -5.891979225417680155e+00 1.065899684028265071e+00 -2.466681110512879194e+00 -1.994318369127811241e+00 -2.330315176257947929e+00 -4.464093242631395064e+00 4.505905565325215356e+00 -2.634819985944786946e+00 -3.314932650751605703e+00 -2.891232471019299144e+00
0.000000000000000000e+00 -8.164655787756398553e-01 1.768155517053402459e+00 -3.470231085102555735e+00 -3.408090420421722389e+00 -4.215616013454342337e+00 -2.410488209062765286e+00 2.499746894838011269e+00 -1.116101428269669293e+00 -1.922983160203553199e+00 3.241610860135402561e+00
1.000000000000000000e+00 -4.425401447610636474e+00 -1.888677973572910229e+00 -3.807060525313199051e+00 -3.509782076010068419e+00 -1.304946824307717357e+00 -3.592820097201959939e+00 3.760194674732379116e+00 -9.393019389684951204e-01 -4.208751987394903082e+00 -2.880868898505712927e+00
0.000000000000000000e+00 -9.211571195267647116e-01 1.565245216113262172e+00 -3.883501801718738378e+00 -7.243170448134770290e-01 -4.821829893717724858e+00 -1.133967370774254579e+00 1.979880874265314450e+00 -6.562986833334288894e-02 -2.988239409147347647e+00 4.647310009174997703e+00
1.000000000000000000e+00 -3.997227349046164502e+00 5.676543657673198684e-01 -5.044899654734719796e+00 -2.157592846256415786e+00 -2.675442309148464926e+00 -3.671386078641959649e+00 4.687781674032523327e+00 -8.898977858829486554e-01 -5.734117602219080290e+00 -2.847503472936234292e+00
1.000000000000000000e+00 -5.830338693626384128e+00 5.716285511359742166e-01 -4.626696109850700012e+00 -4.389403063676185823e+00 -1.621544026193680654e+00 -3.373361716235178331e+00 2.137959003256723278e+00 -4.157283578687074321e-01 -5.573120022785860606e+00 -2.620637071086879377e+00
1.000000000000000000e+00 -5.187044429984553062e+00 2.688073598988137469e+00 -4.980337988659835347e+00 -3.350498169357256195e+00 -5.669423757762448446e-01 -4.214533355672626769e+00 3.100957744785266978e+00 -7.769690630797814190e-01 -5.349095057594423608e+00 -4.342481862290151540e+00
0.000000000000000000e+00 3.943542041984805513e-01 9.543172030148773244e-01 -3.655718193907488978e+00 -2.828349697477519964e+00 -2.503125492217758818e+00 -3.240641285281919526e+00 2.843866719627663908e+00 6.311192590309279149e-01 -3.958108412543676735e+00 3.096586079448578666e+00
1.000000000000000000e+00 -3.897385354410167757e+00 -3.687269981943233077e-01 -2.362964432447679730e+00 -4.032193920130124454e+00 -3.663005446374375751e+00 -3.892140078405744497e+00 4.459649107907979193e+00 -2.951027335419321052e+00 -5.125305079893316851e+00 -3.298864704021148953e+00
0.000000000000000000e+00 4.856059029959380879e-01 1.178600779616789884e+00 -3.045945933412586015e+00 -3.295798590468197453e-01 -4.289946241391350057e+00 -2.130651062834464149e+00 2.848568652367153398e+00 4.915704827443904690e-01 -3.190808802339514028e+00 2.839564077152963328e+00
1.000000000000000000e+00 -4.113709329528611569e+00 -5.193864207154335055e-01 -2.970821207546564757e+00 -2.968712501656829872e+00 -2.769542355748782825e+00 -5.438636809850870613e+00 3.432046833046732193e+00 3.381982509611258791e-01 -3.452295915033685603e+00 -2.378238318690836017e+00
0.000000000000000000e+00 -2.272169244415539469e-01 2.940492244903395225e+00 -2.802370050795239376e+00 -1.110006151688906373e+00 -4.211775530179481919e+00 -2.892374377070974223e+00 1.029809162850107818e+00 -3.246245213646142824e-02 -1.468720879432561688e+00 5.530780276584371435e+00
0.000000000000000000e+00 -4.261533214936414904e-01 2.854181338344468521e+00 -2.404524358742561763e+00 -3.225740615983810677e+00 -4.992880652884210235e+00 -2.995737140844534352e+00 2.768878872273062175e+00 -4.661976056315660921e-01 -1.124637597583458160e+00 2.255536685675083142e+00
1.000000000000000000e+00 -3.339513046866256829e+00 1.848637355110204439e+00 -4.705096152560592770e+00 -1.605892072829532946e+00 -1.096930416622828197e+00 -4.766489667339125269e+00 3.115038816623930007e+00 -1.840538008965400651e+00 -5.361057326896314201e+00 -2.759922039672773053e+00
1.000000000000000000e+00 -5.023778340119211983e+00 1.933351908851697054e+00 -4.416810859273921253e+00 -3.358596911843874544e+00 -4.059696820979607601e+00 -3.412088195292755533e+00 5.297800355801680183e+00 -1.934397760096361996e+00 -4.314624620419933443e+00 -2.265849637493749569e+00
0.000000000000000000e+00 -6.813871808117613060e-01 2.467752007170187500e+00 -3.419066120093204209e+00 -3.028563404855785013e+00 -3.692778931961261613e+00 -2.696603054178476455e+00 2.504071965513494646e+00 -2.864089165466576770e-01 -1.352858047474299497e+00 3.572514035268731902e+00
0.000000000000000000e+00 2.573532181182764944e-01 7.888074291307668462e-01 -3.712347141201127965e+00 -9.735660158894283711e-01 -1.537363704871804959e+00 -6.642675194067144684e-01 2.512495382590859361e+00 1.670241094630788847e-01 -2.354132126112667756e+00 4.918889825113467396e+00
0.000000000000000000e+00 -2.593568675873281215e-02 2.080214513046699576e+00 -2.348386586748844707e+00 -4.852371856972537145e-01 -4.009046407926687650e+00 -4.146962751973937600e+00 2.396610905467619013e+00 1.219765403222705213e+00 -3.804752079793060737e+00 3.125405113310445682e+00
1.000000000000000000e+00 -4.881083581750271350e+00 -4.134732720837350772e-01 -4.694468925433541884e+00 -2.587010389899490725e+00 -3.619814047470511831e+00 -3.276636989305786063e+00 4.217995385738990244e+00 -8.358259475763688551e-01 -5.808702522575488914e+00 -3.416977300592079825e+00
