1.000000000000000000e+00 -2.781045198810892405e+00 4.555361371132040205e+00 1.081244442019113627e+00 -3.609219595788471402e+00 -3.507070063739490262e+00 1.405282398924429632e+00 -7.289999841121098667e-01 2.705180647221915535e+00 -4.160195772553282545e+00 -4.898269221074016411e-01
0.000000000000000000e+00 -2.937700411246656707e+00 4.661558415699933455e-01 -1.465905850202333882e+00 -2.735518558498589492e+00 8.962199499286943594e-02 2.624639421332296774e+00 3.735652990988478805e+00 3.685816514639084218e-01 4.192509531008410839e+00 4.164645284754123544e+00
0.000000000000000000e+00 -2.173423517448793696e+00 -1.485203849133608589e+00 -1.342634766124180423e+00 -1.666842949729941292e+00 -1.143595658875746990e+00 7.466828720062403946e-01 4.439872979258984387e+00 2.936836488968999070e+00 4.977002333854656513e+00 1.152156160863199386e+00
1.000000000000000000e+00 -3.378810879655360200e+00 5.397088729342520708e+00 -1.096658345513140231e+00 -5.865729322941700019e+00 -3.792191432216899916e+00 1.743212274384958071e+00 -2.332597957541008071e+00 9.432592662527394811e-01 -4.052471339090324420e+00 5.365627334929227166e-01
0.000000000000000000e+00 -3.696364151117738750e+00 2.900378175752327259e-02 -7.030399567394818305e-01 -2.451003604603101405e+00 1.093348384136006990e-01 3.808106824665901335e+00 4.958792375917249196e+00 1.052669958022947050e-01 4.462333482886513103e+00 4.435867933514813899e+00
0.000000000000000000e+00 -4.364029407823093010e+00 -2.410960605573951199e+00 -2.185806829278803320e+00 -2.454225236201906135e+00 -2.594816427682759552e-01 1.898189617702449539e+00 4.744934746247345458e+00 2.798942925133005577e+00 2.294245366192291691e+00 4.825716154414591230e+00
1.000000000000000000e+00 -4.713503618808976725e+00 4.364676632749239893e+00 8.942213990458646178e-01 -4.231886466619855902e+00 -4.156662005365033608e+00 3.163725938952792749e+00 -9.951637273789433191e-01 1.059880821244834959e+00 -5.909343249325379688e+00 1.945512598914300728e-01
0.000000000000000000e+00 -2.802300932964544522e+00 -1.093691785061478239e+00 -1.739894395520553694e+00 -3.754703009637917477e-01 -2.875905193292295770e-01 2.000024121986975878e+00 4.956267084894438568e+00 2.223418467006703203e+00 3.772211094407224685e+00 3.673491146014653985e+00
1.000000000000000000e+00 -3.618958240049734432e+00 4.467557208704834970e+00 1.013148831528014326e-02 -4.858810185931546677e+00 -3.897717436263932189e+00 2.386647244816310298e+00 -1.683379873319919007e-01 1.165178352642517901e+00 -3.764752353643753491e+00 -3.260793163305755193e-01
0.000000000000000000e+00 -3.410305497379244155e+00 -9.746465246478521749e-01 -1.466872286739668407e+00 -1.141463863056921602e+00 -1.594690562364742825e-01 3.887647365095943996e+00 4.894634633829110015e+00 3.149597888123873535e+00 3.695171605499780743e+00 5.008933939891612397e+00
0.000000000000000000e+00 -4.098240796195584679e+00 -7.336052199774958371e-01 -2.732007777799684511e+00 -1.529081843272432017e+00 9.232074875232774147e-01 1.646987761394504091e+00 3.556470402458025148e+00 1.322822139398590391e+00 1.164078534504203066e+00 2.555951704558741433e+00
1.000000000000000000e+00 -1.737398891614450935e+00 5.232796212569867933e+00 -1.830407746754803000e+00 -3.849144551632423195e+00 -3.008426797353864757e+00 4.306298978537815181e+00 -9.513070985576815852e-01 1.664317210016851289e+00 -4.735281314566289090e+00 -1.214521313289118609e-01
0.000000000000000000e+00 -2.862438639032379939e+00 -1.816821002428815612e+00 -2.958443496848356169e+00 -1.730011578144786899e+00 -1.677844298246149668e+00 2.014589031696665256e+00 2.709701224597532487e+00 1.742440444483396522e+00 4.011055385185318123e+00 3.586675625918130272e+00
0.000000000000000000e+00 -3.319067528142728207e+00 -1.658621721825904505e+00 -1.665121056571866376e+00 -1.849456308831752827e+00 -2.089707482132538430e-01 3.025100735073306790e+00 3.863937728173713282e+00 2.021863233168239571e+00 5.369322094751860952e+00 4.158238189191397538e+00
1.000000000000000000e+00 -3.305648277041270067e+00 4.536334961203388971e+00 -9.787619765626428547e-01 -3.979273070597669992e+00 -3.526793089380797497e+00 2.350602955345072242e+00 -1.609024899833988442e+00 3.062793403879577880e+00 -3.956960500298098093e+00 3.503217567498904117e-01
1.000000000000000000e+00 -3.485160063724523027e+00 5.453743018277847021e+00 -4.461667563709121320e-01 -5.158524032601978782e+00 -3.273459746060034536e+00 9.554902491912153906e-01 -2.842117906599699317e-01 6.305020030757242377e-01 -5.913292301728636069e+00 1.913530261075523597e+00
1.000000000000000000e+00 -2.447774867742837479e+00 5.363343693975014759e+00 2.565511756468037974e-01 -2.943669770980232414e+00 -5.115459705658148337e+00 1.884513906006101802e+00 -1.414448549724140580e+00 1.778364110530403330e+00 -2.261903295922102153e+00 1.735701359991810078e+00
1.000000000000000000e+00 -2.839225437664622209e+00 4.610575055653243659e+00 1.622776800235089523e-01 -3.636951513478626552e+00 -2.627850678028850417e+00 3.079388639625566082e+00 2.535347823835185643e-01 1.273493427923447108e+00 -3.406393290012501573e+00 -5.796493827333377702e-01
0.000000000000000000e+00 -1.733817918355592180e+00 3.720717350102384913e-01 -2.071290611559779116e+00 4.737316661779675808e-01 2.150143322964336079e+00 3.066938327753376825e+00 5.235877807552368424e+00 1.677561649659679688e+00 5.525425186260853216e+00 2.816298244953622465e+00
1.000000000000000000e+00 -3.396777023467199008e+00 3.520251007556375988e+00 -2.500365609410403200e-01 -3.113521948397167005e+00 -2.846390440119098919e+00 3.247019350211457933e+00 -5.359407404344722625e-01 1.370993947892973575e+00 -4.415538216433980701e+00 2.969135312454319608e-01
0.000000000000000000e+00 -4.189706055814471419e+00 3.675291326971179551e-01 -1.538098767257471300e+00 -8.376967163845114861e-01 1.245507995896901532e+00 2.512820442536122911e+00 4.572665235901586911e+00 2.492813803551799268e+00 5.178650317472238918e+00 4.142260595365145903e+00
1.000000000000000000e+00 -3.216176522316070319e+00 6.813051453867369212e+00 -4.858615473104629934e-01 -2.985874793224951418e+00 -3.241026006742530274e+00 4.914759775288689347e+00 3.043559243480800092e-01 1.886053820418190696e+00 -3.497565970914993105e+00 8.955380064716171873e-01
1.000000000000000000e+00 -2.237107160195170863e+00 4.276810644784456272e+00 1.489024325014571382e+00 -4.025737399149769580e+00 -2.517887691622712865e+00 2.019002610906359241e+00 5.987834337288933106e-01 2.431402407711377833e+00 -5.121354576199223629e+00 1.689388864467092688e+00
0.000000000000000000e+00 -4.428864682618499415e+00 -1.429878196584871697e+00 -2.071660559568556881e+00 -3.426053272974312058e-01 9.648446526775285026e-01 3.867966147710519387e+00 4.670215758391137229e+00 9.307858564696330772e-01 3.755871552779024292e+00 3.809637318100359771e+00
1.000000000000000000e+00 -1.958301368185217273e+00 4.483091956667374589e+00 -4.964159190904460228e-01 -4.544773857855999744e+00 -2.320246228220233853e+00 2.808119119224087523e+00 -8.983464605811842807e-01 3.000403602228157052e+00 -4.434208437446166329e+00 -1.827967243823632737e-01
0.000000000000000000e+00 -4.158255180506530202e+00 -8.588344817305659795e-01 -1.396512309954373032e+00 -5.746747623938909255e-01 -9.213248750105970108e-01 1.982286399786737041e+00 4.876753057160019722e+00 2.485726917179862383e+00 6.219144021612324380e+00 3.082765122656753398e+00
1.000000000000000000e+00 -2.393615902246801319e+00 5.029696283679347069e+00 7.641317797900862852e-01 -2.708711720086017571e+00 -4.519791323685943496e+00 3.432472168404993251e+00 -7.348263204398206572e-01 2.808034450088817469e+00 -4.387521174122859691e+00 1.420235913830527608e-01
1.000000000000000000e+00 -1.890198460342372488e+00 4.144300551510342601e+00 2.603546608741559854e-01 -4.498135312673093189e+00 -5.431853884690896805e+00 4.104885869106718488e+00 6.589450435617472124e-02 -7.222385228628258602e-01 -4.608268807582596160e+00 2.391399581908168592e+00
1.000000000000000000e+00 -1.666588588506026092e+00 5.638255419669071067e+00 1.924052548449729061e+00 -3.432649170088209800e+00 -4.072812347957357915e+00 2.428893042041916139e+00 -6.327456798834141249e-01 2.325737612440885727e-01 -4.441728547588196463e+00 1.755956487628634211e+00
0.000000000000000000e+00 -4.417926753972272635e+00 -2.362073582896529356e+00 -1.794753648762104525e+00 -2.162040145377657208e+00 -1.426692545520827249e+00 2.138011154490417010e+00 3.662757284478873387e+00 1.790369518693879503e+00 1.975355524221201975e+00 3.567659780521982960e+00
1.000000000000000000e+00 -3.853957793093343298e+00 5.431313183129794275e+00 -1.791892588289063726e+00 -1.232032750268007515e+00 -3.265634297741071279e+00 1.249335630437812483e+00 -9.970991204767305494e-01 2.785339351542291286e+00 -5.119739320353501988e+00 -4.924233422966908247e-01
1.000000000000000000e+00 -2.626363835011670034e+00 3.611282748385618468e+00 -6.618906825747459255e-01 -2.883998900355557726e+00 -4.904876955154925611e+00 2.279473571369143858e+00 -1.034656717280141525e+00 1.582797827169049043e+00 -4.327674139381358032e+00 7.295461464532065898e-01
1.000000000000000000e+00 -3.350115372734443486e+00 5.347728278311485006e+00 -2.630779633588266053e-01 -2.930945681996238505e+00 -3.441204857091276992e+00 2.957536045722586326e+00 1.596535739190927394e-01 5.348925722353887746e-01 -3.193835270198693177e+00 1.099724113627098099e+00
0.000000000000000000e+00 -2.251456063347722747e+00 6.346247039219696795e-01 -2.296486136654980470e+00 -1.661827583145260689e+00 1.283891363749953829e-01 2.204420856770914039e+00 5.593607889772006736e+00 3.380211116035662933e-01 3.657620224506662687e+00 2.552338291691039096e+00
1.000000000000000000e+00 -1.539701473180076441e+00 3.353395838772954995e+00 3.085316263112507507e-01 -2.459633136670737130e+00 -3.622100433283609533e+00 9.798284701794974794e-01 -1.003861380951496018e+00 1.574841115554883597e+00 -3.185366794089720344e+00 1.473952238382559843e-01
0.000000000000000000e+00 -3.661254357570480789e+00 -3.203797107863404214e-01 -5.506876061962853175e-01 -7.580647201281003333e-01 -2.245081547066756222e+00 4.168280207686984262e+00 4.152566029328058406e+00 2.468576708326128522e+00 4.583160605190898629e+00 4.725983883643775307e+00
0.000000000000000000e+00 -3.371155445303775533e+00 -2.114002731033371774e+00 -1.485623650673236984e+00 5.147504089137824312e-01 2.202067673081017363e-01 3.685359329253121707e+00 4.277724105266207388e+00 1.177444302504617291e+00 5.310570828329889359e+00 4.409604320693927271e+00
0.000000000000000000e+00 -3.781525859727764782e+00 -6.696893692711080037e-01 -2.118296233817656748e+00 -1.597709835030540981e+00 5.775266422915965592e-01 2.067949840509133441e+00 3.346163439658190519e+00 2.074798702275655327e-01 5.895099535793868029e+00 1.461536822196786822e+00
0.000000000000000000e+00 -2.071644616239397330e+00 -1.698475453592501072e+00 -1.498410246009413971e+00 4.148687710025256159e-01 -1.673662492641888044e-01 1.816122804834724658e+00 4.567246753429744288e+00 -3.442671032974184975e-01 2.893233178049629650e+00 4.523224994267597054e+00
0.000000000000000000e+00 -3.760260303650952096e+00 -2.229908087449912646e+00 -1.719325922511438787e-01 5.709816384886832186e-01 -6.514996987422788655e-01 4.088256529530266192e+00 3.130910743820455089e+00 2.177218798991573223e+00 4.784907277345141097e+00 1.673773612478555606e+00
1.000000000000000000e+00 -1.494979559409023606e+00 4.736063062583001582e+00 1.870233465860225430e-01 -1.818262239751408327e+00 -3.674594140298459877e+00 3.153465235239529374e+00 -1.207650833214502395e+00 1.600456163054770675e+00 -5.376404505271262124e+00 2.104823689308165768e+00
1.000000000000000000e+00 -3.512377439468960194e+00 4.180513175136290727e+00 -2.136714835581597915e-01 -2.695028101878611526e+00 -4.234804884544515424e+00 1.469418863497958583e+00 -9.525722566186031193e-01 3.202639099086313834e+00 -5.213734282591196312e+00 1.239625007071881724e+00
1.000000000000000000e+00 -3.013262364831475359e+00 5.500072411590219090e+00 -2.279791360765915265e+00 -2.899513777375453571e+00 -4.503772779191338671e+00 1.488923433396058371e+00 -6.443422129294991141e-01 1.669346339715087613e+00 -3.652151967628033180e+00 2.362788915193214656e-02
0.000000000000000000e+00 -3.472493838951718814e+00 3.540133803702543158e-01 -1.898356029644247434e+00 -1.527500413683162916e+00 -9.421893985167487662e-01 2.084076387054385471e+00 3.897421322997636217e+00 2.314378948386958346e+00 5.587840477805935180e+00 1.763574582978852501e+00
1.000000000000000000e+00 -2.039670847637651274e+00 4.432389974332981986e+00 1.423345709995440300e+00 -3.415451027713267695e+00 -3.653352481378038696e+00 1.712140081608712006e+00 6.114113928214506277e-01 3.072540667569413575e+00 -4.109253264216856216e+00 1.281403166470435062e+00
0.000000000000000000e+00 -2.714064488258105534e+00 -2.111734758909160181e+00 -3.004751075538206528e+00 -1.667816325818590961e+00 -4.098466217301538483e-02 2.055659336979302587e+00 2.185419670376442802e+00 1.423781984036442960e+00 2.781764991055641900e+00 3.715637627633112228e+00
0.000000000000000000e+00 -4.541021367716475687e+00 -2.355058068946037420e+00 -2.403604432553759107e+00 -1.641384978667473016e+00 7.693071593003275588e-01 2.933613200353872408e+00 4.965509471068268788e+00 2.089135526030933221e+00 3.820795803875133512e+00 4.560032297934665024e+00
0.000000000000000000e+00 -3.042620099282036694e+00 -1.123066738018976940e+00 -3.260006813047752861e+00 -3.601467228231888917e+00 -2.876792675368657903e-01 2.854251769156558982e+00 2.618154287664745894e+00 2.103012870447463989e+00 4.563451148959801529e+00 3.911414748590523516e+00
0.000000000000000000e+00 -3.769859064791990289e+00 -3.086247171395877675e+00 3.652600837824047098e-01 -9.019892748108119251e-01 -5.239294226776698427e-01 2.031970196054694977e+00 3.879146031404041572e+00 3.042099526010425770e+00 6.103593566350428823e+00 5.366312137706033880e+00
1.000000000000000000e+00 -3.915081863830764952e+00 5.712152835164655329e+00 -1.428944202260572727e+00 -2.035450562112067097e+00 -2.784883516162221628e+00 2.756640308680528673e+00 -6.901449907464510813e-01 1.703017213909904903e+00 -2.281319605314464205e+00 8.654634642180911719e-01
0.000000000000000000e+00 -3.051608575963888903e+00 -3.378519841497769960e+00 -3.101989460582870173e+00 -1.893271354379444382e+00 -1.051872595558743351e+00 2.095620683332096945e+00 4.160265472555373378e+00 2.042060879338809976e+00 4.998108643378381899e+00 5.633681741910621099e+00
0.000000000000000000e+00 -4.342534044205536681e+00 -2.248655381206518644e+00 -1.048260625868958185e+00 -1.536902275589217437e+00 8.126364940286587846e-01 2.380588065909659878e+00 2.270467249348566252e+00 2.178990702643279764e+00 5.535095481289232566e+00 3.956495909941106781e+00
1.000000000000000000e+00 -1.848039361852481965e+00 3.367188264391128172e+00 3.092748181987593492e-01 -3.551845359780571254e+00 -2.393602847929200195e+00 1.807341636322456591e+00 -1.606074865614053770e+00 2.709325272802900031e+00 -5.355340679519181357e+00 2.085721095176420903e+00
1.000000000000000000e+00 -2.715539128069101249e+00 5.963683296219057794e+00 3.427093341900127044e-01 -4.244237412459432868e+00 -4.055131393662058770e+00 3.231762364804553922e+00 -7.766109574242348046e-01 2.905673253102468045e+00 -3.950249621236659348e+00 9.374688407267073309e-03
1.000000000000000000e+00 -3.553431701268043863e+00 4.467296649022978627e+00 2.922767737179204350e-01 -4.830647781243598615e+00 -3.201556236024979629e+00 3.583026889852169994e+00 -3.038835797344981771e+00 1.092893179275000737e+00 -3.118704185460304590e+00 1.640332588075805287e+00
0.000000000000000000e+00 -4.832763310160745007e+00 -2.239939424528640810e+00 -3.253137146144757796e-01 7.465001571698115512e-01 6.214985047654435490e-01 3.279723684893512292e+00 5.769105523506640409e+00 2.409800101059289545e+00 3.873002728286747853e+00 4.295504242201738876e+00
1.000000000000000000e+00 -1.752185876288131716e+00 4.905656692554560827e+00 2.141809439298752782e+00 -3.526847751950286103e+00 -4.861665084948154636e+00 2.824384899933143345e-01 -2.671293896667877199e+00 9.245841926397513344e-01 -3.490009446179244357e+00 1.599523821681078095e+00
0.000000000000000000e+00 -5.059527910611808288e+00 -3.535315978964735706e+00 -2.373583023461542929e+00 -1.143855096631463786e+00 -1.648173813607444749e-01 3.685832114691713013e+00 4.997469217031315303e+00 2.403931096315556903e+00 6.779657625408400889e+00 5.123369545247832946e+00
0.000000000000000000e+00 -3.279432289968950087e+00 -8.901996501853681742e-01 -1.341356750571749856e+00 -1.297657143796932644e+00 6.170777078941404037e-01 2.416603196224630601e+00 5.023754461672060856e+00 1.732690757061312814e+00 4.785442376916069662e+00 5.117078483635348007e+00
1.000000000000000000e+00 -4.415103474238438963e+00 4.117579501036466638e+00 6.268778812090630703e-01 -3.638315713466131474e+00 -3.931534499310766595e+00 2.318982797313273281e+00 -7.020854046897051504e-02 2.385358442145271596e+00 -4.401763418459475830e+00 -1.416009027069504711e+00
0.000000000000000000e+00 -3.221979043446974167e+00 -1.807000992158364516e+00 -2.245125917344637845e+00 -7.506157545875020709e-01 6.490077298845138287e-01 2.497146855816471778e+00 4.683925854643905318e+00 1.110134485591310449e+00 4.648203887353040464e+00 3.673328015346799980e+00
1.000000000000000000e+00 -2.151160400849223109e+00 4.954144368392877418e+00 -3.834174181144721083e-01 -3.792597943901454105e+00 -2.802365949293108560e+00 5.398643865667076547e-01 -3.570542298423613481e-01 2.136587856180025113e+00 -3.862947508151046705e+00 -1.081268869218845685e+00
1.000000000000000000e+00 -3.327389113569914070e+00 4.764506492102573709e+00 -8.245206053995657314e-01 -4.614464190397073118e+00 -2.459260522912379621e+00 2.987293024826954912e+00 -1.357954475616393708e+00 1.864150964250866016e+00 -2.602883715002148435e+00 -7.726040135912357609e-01
0.000000000000000000e+00 -4.492534374337981973e+00 -1.302268075593874030e+00 -2.352030335140514961e+00 -2.853260301874367411e-01 -6.369335615020204067e-01 8.843889973710228336e-01 4.644414509715545591e+00 1.673310406097360925e+00 3.693481809222309842e+00 3.822310821230680222e+00
0.000000000000000000e+00 -4.946039988361162543e+00 -3.063001876909368981e+00 -2.262742937936294219e+00 -2.259526029703136096e+00 4.785290616333862657e-01 4.255147896118986139e+00 3.780884112464724112e+00 1.987819400547698123e+00 4.642087356806599452e+00 3.963982790776813037e+00
1.000000000000000000e+00 -3.551893925260369844e+00 5.069947582516171281e+00 -3.190977140574082771e-01 -3.487214708157049703e+00 -4.403660312485465411e+00 1.202929567655137477e+00 -2.047514128095538233e+00 1.592998929205735603e+00 -4.103609457620478018e+00 5.949516271391890321e-01
0.000000000000000000e+00 -4.565920669972143742e+00 -2.776285792604511471e+00 -2.799608980127624047e+00 -2.243957028409315768e+00 -1.555406744883001346e+00 3.119769322794661903e+00 3.640977049396509457e+00 1.337794670316382106e+00 2.135744902144758317e+00 3.494373220884868125e+00
1.000000000000000000e+00 -3.904806788197607403e+00 6.667015253403093311e+00 -2.756892061818527195e-01 -6.070896257127703421e+00 -4.389296012645605316e+00 1.101781018501340581e+00 -3.473269949202277829e-01 1.110914087004923889e+00 -5.425534169144819785e+00 -2.977110363352319933e-02
0.000000000000000000e+00 -2.408797384857767732e+00 -2.158691188764761293e+00 -2.066690913210001312e+00 -1.556642434028880251e+00 -3.925557570369002658e-01 1.055094490842308108e+00 2.928907187294218950e+00 2.075876899237014683e+00 4.433824541726583135e+00 3.116604734822107758e+00
1.000000000000000000e+00 -1.364958088497556288e+00 4.756573856860028648e+00 -1.559859918246963684e+00 -5.399984274424199704e+00 -2.797963524224733600e+00 2.433230210947177952e+00 -1.197112863303154251e+00 1.874651561798490018e+00 -3.032280737423104000e+00 1.866761475400743997e+00
0.000000000000000000e+00 -3.874306475404242001e+00 -2.122231916123135775e+00 -3.157140537843931227e+00 -4.216314133808278797e+00 -1.240453705878721280e+00 2.266385565089600540e+00 5.459936755178341983e+00 4.170896146093627799e+00 4.611430382522209825e+00 4.140865413145122353e+00
1.000000000000000000e+00 -2.546296761241770401e+00 4.857192647743526770e+00 -1.945197835196235570e+00 -2.148425045390679244e+00 -3.858472811638368416e+00 1.421426511955539596e+00 -1.511639323458348283e+00 1.737724992870331553e+00 -2.811155460139488582e+00 1.186444295969100615e+00
0.000000000000000000e+00 -3.737795082428597926e+00 -9.667921928496920891e-01 -1.551174362442788501e+00 -2.273178953392416712e+00 1.474938022987811737e+00 2.527100498017139429e+00 2.962928463496009357e+00 2.027495901213147711e+00 4.932805965114730462e+00 3.343441712360760043e+00
1.000000000000000000e+00 -2.732046136823125693e+00 2.802486028484275860e+00 6.028867686113484892e-01 -4.451092611687799128e+00 -3.320078868815464102e+00 2.034210092786695512e+00 -2.084703861956813675e+00 2.534184402059750152e+00 -4.329448555721746139e+00 2.006391264145505282e+00
1.000000000000000000e+00 -2.093890112004773485e+00 3.814191653146398409e+00 -8.930694730162644368e-02 -2.885959855511303296e+00 -3.428424164583045552e+00 1.625255783349770056e+00 -1.980572469543314673e+00 1.325545700092352508e+00 -2.009120577397869312e+00 7.209979702489452968e-01
0.000000000000000000e+00 -3.282554592850085662e+00 -1.860019070194597557e+00 -1.376400523463785719e+00 -8.969363398921306185e-01 -1.377447738730416815e-01 2.893245757766030213e+00 5.745490688097456555e+00 1.558128161272509971e+00 7.374139511378983158e+00 4.120801112105162645e+00
0.000000000000000000e+00 -3.843325696322464680e+00 -6.571931851921832823e-01 -1.503447568143664981e+00 -2.250106900801235987e+00 -8.336298631703248363e-01 2.760656725661282618e+00 5.265510177001202052e+00 1.427874893136786838e+00 4.222021175165480145e+00 5.652021368719593930e+00
1.000000000000000000e+00 -2.305615788596983684e+00 5.984653927337519441e+00 -9.817413125800079632e-01 -3.383595153859037197e+00 -3.941892912954190198e+00 3.288769877517682350e+00 -1.175772937914647542e+00 1.141532783911949789e+00 -5.497789030104939023e+00 2.254746440516307793e+00
1.000000000000000000e+00 -3.537744549689614271e+00 4.480683660361433951e+00 1.337719385415857332e+00 -3.148660768256679177e+00 -3.468632907933097087e+00 3.136588598516201198e+00 -7.281153020122331787e-01 2.895934334452012759e+00 -4.438696152676328666e+00 -4.093049022733050712e-01
0.000000000000000000e+00 -2.729799587770711522e+00 -2.102418738100448437e+00 -1.625897164756441970e+00 -2.118332132196641293e+00 1.121037004069691090e+00 2.151152759604689102e+00 4.112129675390482575e+00 2.935952439149940307e-01 2.701077835624768220e+00 2.728182080557700395e+00
1.000000000000000000e+00 -2.578619308444187741e+00 4.121148958752147706e+00 1.332403712603134505e+00 -5.922225242089737662e+00 -4.851694371234639647e+00 2.645012375991461884e+00 -8.945812541968333198e-01 2.399029623104051989e+00 -5.054744670041124266e+00 1.280429831229969784e+00
1.000000000000000000e+00 -1.423494867444968559e+00 4.915900519723191309e+00 -7.232316509660998705e-01 -3.617293489845812893e+00 -4.435729614041877156e+00 5.854016231813214954e-01 -1.369879854697318766e+00 1.688043075289202832e+00 -3.305732725566656871e+00 1.351559070226224790e-01
1.000000000000000000e+00 -3.503520377535039199e+00 3.166504791514403117e+00 -3.277523362840336490e-02 -3.464631822225707314e+00 -5.132466199021491704e+00 1.702649749462658901e+00 -1.431756747534512986e+00 1.067364522447522557e+00 -3.544486202243651185e+00 1.572603842330781543e+00
0.000000000000000000e+00 -4.430378692337503033e+00 -1.244231396085948127e+00 -1.928731166679537257e+00 7.981701341976945585e-01 5.765604246841651292e-01 4.086192872071604754e+00 4.102370518267312249e+00 3.321987712806796722e+00 4.685867321506491656e+00 3.162773400662984180e+00
0.000000000000000000e+00 -2.980650936817883512e+00 -8.809317380971810607e-01 -1.652940480953895896e+00 -1.331758497782380424e+00 -1.708016194402865451e-01 3.627350829212261374e+00 4.131567827481356758e+00 1.735122716374473351e+00 5.338517928044883121e+00 3.667615289581122262e+00
1.000000000000000000e+00 -4.763928992776082616e+00 5.437649637146674486e+00 2.890424664613146510e-01 -4.863354936853471422e+00 -2.884311863242129181e+00 1.097391419044495331e+00 -1.330835022731869932e-01 1.923128380338825050e+00 -2.671807637284983716e+00 8.932000998296929506e-01
1.000000000000000000e+00 -3.888572071413502140e+00 4.142169233161741460e+00 -2.757961267127346239e-01 -3.606586404873170171e+00 -1.560302571339111877e+00 1.924756489169449747e+00 -1.593717769928050032e+00 -4.462323939765502345e-01 -4.671489776333713984e+00 1.366613125608327373e+00
0.000000000000000000e+00 -2.817086275788533989e+00 -1.715882322570688734e+00 2.968877861927912143e-01 -1.324868466733083006e+00 -1.104612863816519130e+00 2.740632475282952729e+00 4.263514626087431481e+00 1.622605314665640730e+00 4.262766677418977856e+00 5.125880787705884956e+00
1.000000000000000000e+00 -2.747287136842541777e+00 5.876419451443577024e+00 -1.871312602811798509e-01 -3.146774733086303399e+00 -4.773059254752905822e+00 3.131326642362866508e+00 -1.379034040215116885e-01 1.765493875132941204e+00 -3.841886220743020441e+00 1.937767502266603437e+00
0.000000000000000000e+00 -2.724308589187861784e+00 -1.144914786270398777e+00 -4.478962395339697089e+00 -1.180073297135946442e+00 -1.997819796762423605e+00 2.561465628208713152e+00 3.523044674551000011e+00 1.251500677625885682e+00 4.574168005757117683e+00 3.652321884478927139e+00
1.000000000000000000e+00 -3.228511126914811236e+00 3.881754164658979711e+00 1.053314378534225604e+00 -4.533650647342901685e+00 -3.433027978805691216e+00 1.770975968378656340e+00 -8.283088664744449048e-01 6.976373501671644384e-01 -5.142272754654703348e+00 2.059639011529689201e-01
1.000000000000000000e+00 -3.217716381613792809e+00 4.681522867355597306e+00 6.559499378620383681e-01 -4.483741915731996208e+00 -2.964190674733232278e+00 2.913404876571974000e+00 -8.045950437228736041e-01 8.414323683243385421e-01 -4.572166254511390804e+00 3.241832463598846026e-01
0.000000000000000000e+00 -2.695427543595966036e+00 -3.719445420701263050e+00 -2.124095701727583219e+00 -1.151101672381218410e-01 -1.695477319555386941e+00 3.902034439204111749e+00 2.447324634524048470e+00 2.401992098981574397e+00 5.531571450900175435e+00 3.582409341169105144e+00
0.000000000000000000e+00 -3.339687905350101182e+00 -1.990375077955519600e+00 -1.733993595629044204e-01 2.444114955233946951e-01 2.281042272270510374e-01 2.959253113095520415e+00 6.771835982688111599e+00 2.314749477676927292e+00 4.560670591603380508e+00 4.789587464944448314e+00
1.000000000000000000e+00 -3.156711605539471055e+00 5.791368087306269175e+00 3.770623349900664723e-02 -4.939670427620740156e+00 -2.942165697501070820e+00 2.400245348959563874e+00 -2.947256905258677229e-01 1.362781466362677829e+00 -4.478383473643501311e+00 1.896852706793649812e+00
0.000000000000000000e+00 -2.312730202569770022e+00 5.867310761975974565e-02 -3.943419678407260598e+00 -2.399809462396278459e-01 5.133192742043179990e-02 2.809847394650503816e+00 4.767021814458772155e+00 3.141908371030015523e+00 4.615045256205932311e+00 3.929113519731570303e+00
0.000000000000000000e+00 -4.401467592651411742e+00 -2.061467538322791171e+00 -2.782812935226616435e+00 -2.091291965866347802e+00 1.039229019284069855e+00 4.003544941936677759e+00 3.448392566260685577e+00 1.612561171416564632e+00 2.422459367307317368e+00 2.703108506850493420e+00
0.000000000000000000e+00 -2.162600986027640282e+00 -7.887281903828345930e-01 -1.145676064248503323e+00 -5.244825473454575171e-01 -2.543123704086776904e+00 2.831757753108231856e+00 2.206893080750952585e+00 3.469721766319126655e+00 4.269567660146504906e+00 3.904060845932197932e+00
0.000000000000000000e+00 -2.001436185695783188e+00 -1.183272899101988962e+00 -2.087585752730409361e+00 -2.367447635713030074e+00 -1.884094158627290794e+00 3.270056179557897291e+00 3.381805530537921989e+00 2.244659624224277117e+00 5.962372991920524612e+00 4.923208492205510822e+00
1.000000000000000000e+00 -4.157440225275243151e+00 4.596139434166137683e+00 2.622374620876172235e-01 -6.007423284218813109e+00 -2.084854923276828309e+00 2.424532115270412902e+00 -9.875753595638632198e-01 2.651045636203735789e+00 -2.922578654619278460e+00 9.819554003303616607e-01
