0.000000000000000000e+00 -8.697439254483192883e+00 -3.734394137289537952e+00 -7.491281152674156729e+00 5.867048004863067767e+00 2.496457029746580680e+00 -6.029098616063379268e+00 -7.753744116390527630e+00 4.662820206667387168e+00 7.680920664568211542e+00 -6.938899094464575867e+00
0.000000000000000000e+00 -8.788493077261117392e+00 -3.082825849824716524e+00 -7.232985938737349407e+00 6.709812580104232538e+00 3.561885818635056822e+00 -7.276908605065374402e+00 -7.839102196738929607e+00 4.174266029626954477e+00 9.512348547504126728e+00 -1.004192154220081790e+01
1.000000000000000000e+00 2.820193010204701256e+00 -3.414531858622867233e+00 3.352636726776781817e+00 1.487653730537606966e+00 8.155179487239326619e+00 -7.914876272983748962e+00 1.079733313631658120e+01 -1.119510966859478884e+01 2.360415570676714037e+00 -2.905492438562905733e+00
0.000000000000000000e+00 -7.727253008351426367e+00 -2.579394574325686307e+00 -8.193028586226434484e+00 6.929942628347718347e+00 3.589775763965797228e+00 -8.491619211114704413e+00 -7.907532952744505295e+00 4.891085200472833350e+00 7.835036838013953009e+00 -8.701875654362901003e+00
1.000000000000000000e+00 3.277407518607411419e+00 -4.346727541865358369e+00 2.173638266838886945e+00 2.292886960192408452e-02 7.475619028606811156e+00 -9.400262308841158543e+00 1.022969872992529261e+01 -9.895017826268093231e+00 2.672797484127920509e+00 -2.230036499061957223e+00
1.000000000000000000e+00 3.389445639789800957e+00 -2.479183209707720437e+00 3.754650838983053074e+00 -4.906989936999917035e-02 7.715935647736524849e+00 -7.715323550796546748e+00 9.117548617868925120e+00 -1.103264878830780127e+01 1.955429382736197486e+00 -2.642334540396190867e+00
1.000000000000000000e+00 2.089973890045747851e+00 -3.967624006080105570e+00 4.744676868851946949e+00 2.770932918453319349e-01 8.178064327075224682e+00 -7.729664140887332557e+00 1.029206270136156398e+01 -9.568617342061514819e+00 2.867114560333146933e+00 -1.342299861805511974e+00
0.000000000000000000e+00 -9.712926937195410559e+00 -2.389305364427023015e+00 -7.223135588329427037e+00 7.179964725313361384e+00 3.088153074768814843e+00 -8.430551844146618734e+00 -6.933698559727327293e+00 4.333012663165950684e+00 9.127245464398312080e+00 -7.300917510970529101e+00
1.000000000000000000e+00 2.814611387236447992e+00 -2.354633792752853338e+00 3.273045249137378931e+00 -3.206838342854547719e-01 1.028652492423959686e+01 -8.071472750891008019e+00 1.043492318629430393e+01 -8.992270730751663166e+00 2.075649789022765201e+00 -9.751489714348799964e-01
1.000000000000000000e+00 3.080432780485700572e+00 -2.204814000138339836e+00 2.275960161729543962e+00 1.333380882948757673e+00 8.011081378286954546e+00 -9.435896540501200747e+00 9.486918780633709858e+00 -8.354305822070646315e+00 1.044866271974848271e+00 -9.159722894241006941e-01
0.000000000000000000e+00 -8.637758184868532751e+00 -3.547556703962755797e+00 -7.844541710249349542e+00 6.859581049567673894e+00 3.814604530484875244e+00 -8.212535313500271883e+00 -7.793940045776729164e+00 4.913526737617048390e+00 8.160488400099303874e+00 -9.271285092345554091e+00
1.000000000000000000e+00 4.656902075195775481e+00 -1.946899191492116099e+00 2.598291337671003287e+00 8.099928126302088360e-01 8.783573239804137955e+00 -7.180990236525743420e+00 8.145333602397123229e+00 -1.054020121419844713e+01 3.220836386123193673e+00 -2.021248686447808751e+00
1.000000000000000000e+00 3.729309114419280036e+00 -3.881484253085383695e+00 3.771120232119830273e+00 2.711165360750116271e+00 8.834351702867770939e+00 -8.931859892100520781e+00 8.427894125377745738e+00 -8.499587590114044744e+00 2.713341554829612701e+00 -2.873611250216819624e+00
0.000000000000000000e+00 -7.234377735244139629e+00 -3.318706804366653440e+00 -8.520959164167237532e+00 6.342534134281260449e+00 3.274643881608357177e+00 -7.025946518643415573e+00 -6.116934511480730308e+00 4.557471203189242814e+00 7.414075676796369585e+00 -6.555081222072511871e+00
0.000000000000000000e+00 -9.369212787645974316e+00 -3.186612749513806353e+00 -6.182281121012564995e+00 6.996548205759425265e+00 2.332500531499536400e+00 -6.217211620458392929e+00 -8.544459528806536142e+00 3.869625332424290853e+00 8.052860596520996950e+00 -6.392918892944582154e+00
1.000000000000000000e+00 3.967498978652764574e+00 -3.691757328593542997e+00 4.898197869251915471e+00 1.957580315008699889e+00 8.147665054236860271e+00 -4.927746619411749407e+00 8.430290960330928840e+00 -9.153523126871599302e+00 2.274312432968546016e+00 -2.658193331363830847e+00
0.000000000000000000e+00 -9.621329079415987806e+00 -1.233487722372772044e+00 -5.996755190437261795e+00 6.153316845072875019e+00 4.507922254871169265e+00 -7.521716346092801153e+00 -7.715659540955075890e+00 2.940395589150681221e+00 8.461770044541458091e+00 -7.734228350233225413e+00
0.000000000000000000e+00 -8.195745892510343467e+00 -3.725382285470267174e+00 -7.571411188125793501e+00 6.413103718061755387e+00 3.151504627001095571e+00 -5.672953088165450630e+00 -7.488544255892305657e+00 3.416751418625924241e+00 9.116367619494823771e+00 -8.777956821125560083e+00
1.000000000000000000e+00 3.282831170541790300e+00 -4.101695892546196376e+00 2.618432184499195348e+00 1.453405318316882022e+00 7.768379276781504750e+00 -8.235700063434565621e+00 8.429806508416429978e+00 -9.125166035332297199e+00 3.238067980784876898e+00 -1.615278327433915084e+00
1.000000000000000000e+00 3.124555969470396377e+00 -3.985546663270952195e+00 4.593288472739086359e+00 8.846994760356914345e-01 6.659815484922264162e+00 -7.899122049158406433e+00 1.050080553786039772e+01 -9.685199119248190769e+00 1.747028778803121796e+00 -1.893387026903750048e+00
0.000000000000000000e+00 -7.719342407732905365e+00 -2.276703706802249538e+00 -8.448884966946289765e+00 7.416916736590446035e+00 5.208372922139797190e+00 -7.470938893548093596e+00 -9.261169476925683597e+00 4.683016167274647756e+00 8.978465979045758161e+00 -6.522165023584077126e+00
1.000000000000000000e+00 2.409136740191715642e+00 -3.837244758443979276e+00 3.131176881575893134e+00 1.307205681013868581e+00 1.021934535078034578e+01 -8.234716107687996001e+00 9.412089553638969264e+00 -1.020064540372177397e+01 2.822883482119467491e+00 -3.403598933560108009e+00
1.000000000000000000e+00 2.718085324914300660e+00 -2.655825055284876779e+00 2.692667058869443686e+00 1.265237184746550447e+00 7.693354689598296048e+00 -7.263053379454425418e+00 8.651794100957046041e+00 -8.351742672882149776e+00 2.682957105465671788e+00 -2.300161321968947625e-01
1.000000000000000000e+00 3.718525395533255562e+00 -2.431064634227400489e+00 4.719593766630537424e+00 3.599385162971313612e-01 8.692764868809856438e+00 -7.611674407513303819e+00 9.582019055488267156e+00 -1.022166138233773403e+01 3.988799850640167399e+00 -2.334058078396485048e+00
1.000000000000000000e+00 3.975394095774059888e+00 -2.977920584774464086e+00 5.167000802573785023e+00 1.651198053615066108e+00 7.900082859093783938e+00 -8.895092995336270292e+00 9.733931319047851360e+00 -1.050551160316528154e+01 3.917361753116034073e+00 -2.871774585384920364e+00
0.000000000000000000e+00 -1.006910451318944233e+01 -3.548290065120226267e+00 -9.723295611445124109e+00 5.876072291834375960e+00 3.669896306404240693e+00 -7.901643339125521415e+00 -7.703754356066268016e+00 2.001639733688913569e+00 8.467973900456563285e+00 -7.866985017175225359e+00
1.000000000000000000e+00 3.828531333441533846e+00 -3.716492901180065811e+00 4.002405550384037447e+00 1.823014175135273751e+00 7.526568509487244540e+00 -7.581107705694420495e+00 1.010806846397423087e+01 -9.374631901078018359e+00 2.676493597645946743e+00 -1.335722199452167747e+00
1.000000000000000000e+00 3.038346841755366956e+00 -4.087172996336454034e+00 3.759120559622498359e+00 8.576397582132170294e-01 8.725209182057380275e+00 -7.659358390575505382e+00 9.976568302003194333e+00 -8.046462976115456911e+00 3.941856588181853027e+00 -4.607113617695216767e+00
1.000000000000000000e+00 3.645801394350371094e+00 -4.043275370234166388e+00 4.498231712310813535e+00 1.201315512690558363e+00 8.278090882585612320e+00 -7.793194463985869014e+00 9.831678563800965165e+00 -9.313377137279251983e+00 2.532896447314425981e+00 -2.352267327807056052e+00
0.000000000000000000e+00 -7.675837052296087926e+00 -3.349009697630403348e+00 -7.704589200717439468e+00 7.837100740256119913e+00 2.959633625323613515e+00 -9.713741842441091734e+00 -7.592446125368120136e+00 5.593282842411428923e+00 9.979766013847202188e+00 -8.473177099115408950e+00
0.000000000000000000e+00 -8.063105362211194560e+00 -1.877057462726495540e+00 -8.923066003636138888e+00 6.901690239291298212e+00 3.428601438998474471e+00 -8.368084273007760032e+00 -5.808120997571567301e+00 1.992737765152207352e+00 9.543981824999718810e+00 -8.995973802474912517e+00
1.000000000000000000e+00 4.577811954424746865e+00 -2.978175345120485318e+00 3.328523854716679331e+00 9.833504963495381945e-01 9.319842122348077851e+00 -7.708256184581939507e+00 9.982097719402755587e+00 -9.441527473334197396e+00 2.907986270482227908e+00 -1.317666569973269475e+00
0.000000000000000000e+00 -8.970253937404196520e+00 -3.593644108908337298e+00 -8.572972090802418066e+00 7.965205079361491691e+00 3.167825852899832650e+00 -7.727767145211023703e+00 -5.356573590092001957e+00 5.260094744296858416e+00 9.243789003315781017e+00 -7.891909405310548742e+00
0.000000000000000000e+00 -6.570434260444587338e+00 -3.044067116280746443e+00 -7.807868634023673593e+00 6.281843449602077634e+00 2.552188958594114432e+00 -9.523988890527084195e+00 -8.001024455821381665e+00 5.892996090136363385e+00 7.911662493139447250e+00 -8.478995151302575195e+00
1.000000000000000000e+00 1.521311500564468400e+00 -3.503870468860470044e+00 3.875979750165596815e+00 9.830188301420975661e-01 7.495647861307575432e+00 -8.779571685514497403e+00 9.179134460356996428e+00 -1.035073940305711737e+01 3.439785500553288244e+00 -2.543149235279165588e+00
1.000000000000000000e+00 3.825854211654052595e+00 -3.912821980009207667e+00 2.548803346819538795e+00 1.421603019719966943e+00 9.567998262120470443e+00 -8.325693194466856184e+00 9.423940800485601343e+00 -9.622666013460648315e+00 2.700139817160687628e+00 -2.000108393846677046e+00
1.000000000000000000e+00 2.970190054780889266e+00 -5.030970556660905757e+00 4.161410659466214135e+00 2.850682335975660564e-01 7.398581627371843439e+00 -7.028027724159290557e+00 1.008946270540846157e+01 -9.747420549999736394e+00 2.554791012402114259e+00 -2.887524740228947451e+00
1.000000000000000000e+00 2.311621694380735281e+00 -5.444601560527252637e+00 3.926611773727195942e+00 2.918872943080906168e+00 8.954119382481071199e+00 -7.076833997032776935e+00 1.005296176849516243e+01 -9.929299019260303893e+00 1.884996111617248005e+00 -1.923258028600923097e+00
0.000000000000000000e+00 -8.886368911700092355e+00 -2.749162737347026653e+00 -6.715358794718208735e+00 8.616367015488197723e+00 4.922774408582631267e+00 -8.957590491400630128e+00 -6.202347348878570976e+00 4.578878918316804381e+00 8.818923022415507518e+00 -6.577617027908472913e+00
0.000000000000000000e+00 -7.848889711272009961e+00 -2.884164703502224203e+00 -7.476530099170616950e+00 7.031712920748407036e+00 3.587602033412303992e+00 -6.732117291772583556e+00 -8.257710358117796190e+00 3.381565517185994185e+00 8.522200660904406533e+00 -7.883149295772395426e+00
0.000000000000000000e+00 -9.087153843448360746e+00 -3.027994247387837401e+00 -6.654302951474718952e+00 6.379331463287575055e+00 3.999871924688650715e+00 -6.724380203036276704e+00 -8.690890622806858090e+00 4.511230696015174679e+00 1.004451086936253290e+01 -7.201991653097792323e+00
0.000000000000000000e+00 -7.348809425111571869e+00 -2.923803723527504506e+00 -7.172579337049206138e+00 5.711083354384173916e+00 3.857124475662261354e+00 -8.681836200741532394e+00 -7.489684943729566946e+00 3.165376877287335411e+00 9.145568040016653910e+00 -8.631718011055561135e+00
0.000000000000000000e+00 -9.769921690510949830e+00 -1.525056028780147344e+00 -7.832850367427015570e+00 7.778195776090534252e+00 3.877039195969322893e+00 -6.660627574545384455e+00 -7.558976370068995365e+00 4.072405565695652818e+00 8.648701010009979484e+00 -6.659713914748416563e+00
0.000000000000000000e+00 -7.261768529317227383e+00 -1.971516702289035861e+00 -7.194992283119989729e+00 6.776446595590407185e+00 4.197466973086074304e+00 -8.032781524058295375e+00 -7.532690597793839871e+00 5.037526138819798938e+00 7.163879296545507813e+00 -7.750533800942619678e+00
0.000000000000000000e+00 -9.007403523144500213e+00 -2.339893891278834293e+00 -7.569834204807722955e+00 7.440926487612794737e+00 3.752069798136627554e+00 -8.248666609997235000e+00 -7.434783090287356622e+00 5.227957958472517319e+00 9.407730954449748495e+00 -7.925605533737726915e+00
0.000000000000000000e+00 -9.637473211446891952e+00 -2.196773588294886892e+00 -7.501674931475058372e+00 7.586698478833858061e+00 3.720805186844061918e+00 -7.966207617239645877e+00 -7.549739643917922294e+00 2.695887787328790530e+00 8.594948055286664612e+00 -8.278459838401330373e+00
1.000000000000000000e+00 1.861734205283473109e+00 -8.818352013588888205e-01 3.359251656519833595e+00 8.323144176541837913e-01 7.304793706187520108e+00 -6.061374743932786302e+00 1.015160306537738322e+01 -8.858483295474604446e+00 1.603320351024415613e+00 -3.539463537056962039e+00
0.000000000000000000e+00 -8.240212216061866712e+00 -3.157425707996541320e+00 -7.531543972675527776e+00 7.210700767435179515e+00 2.778560443830141224e+00 -8.490738514699062378e+00 -8.359895042340092175e+00 6.139924009195519616e+00 8.119553331904109328e+00 -7.315467602004689596e+00
1.000000000000000000e+00 2.320289201115993460e+00 -2.404057174227247629e+00 4.892282733843788201e+00 1.096462649089929853e+00 5.999674987576497642e+00 -6.658223319112964944e+00 8.433146540628714050e+00 -8.109733047840517628e+00 2.664748748589499172e+00 -3.565737541398095178e-01
1.000000000000000000e+00 3.586025710772460240e+00 -2.181700149657229915e+00 3.451686070602009160e+00 4.839209552837883122e-01 7.462485548613421393e+00 -8.393964676569410699e+00 8.458280405612558894e+00 -7.726930096669107684e+00 2.260524832943357154e+00 -1.109310994748682777e+00
0.000000000000000000e+00 -8.508292238514222561e+00 -4.574098496685680360e+00 -8.998603455960081376e+00 6.975956471332607656e+00 3.852480925104680320e+00 -7.389752406639645166e+00 -8.178217499681698754e+00 2.369130709906292154e+00 9.346586114638165910e+00 -6.557194479943032839e+00
1.000000000000000000e+00 5.359687890421744427e+00 -3.399668529066642186e+00 4.848655408802133415e+00 3.345251673714468854e-01 6.834088269878802357e+00 -7.689677385958931133e+00 9.019796312076193701e+00 -8.444422180493644348e+00 2.881798592550476545e+00 -3.228737095001403823e+00
0.000000000000000000e+00 -8.700179869085573614e+00 -2.278169490491603888e+00 -6.581385311612402589e+00 7.912293228165435899e+00 3.961304237160257369e+00 -7.921422022995156631e+00 -5.327860745614268367e+00 2.363799483044027205e+00 8.856452325122246449e+00 -7.703936246206023242e+00
0.000000000000000000e+00 -8.991592090492472877e+00 -3.293604220361402213e+00 -9.108631041402722062e+00 7.128371880233274283e+00 4.174169524917898499e+00 -6.660085946195728468e+00 -7.962454188916384901e+00 3.608820920833832879e+00 7.891955729898914029e+00 -8.980062115218608199e+00
0.000000000000000000e+00 -8.341871821398237685e+00 -2.525872421304265369e+00 -7.724275648206624822e+00 6.277661487490526326e+00 3.193503062943015003e+00 -7.187185251757742144e+00 -7.922994535178514930e+00 4.704246092926900324e+00 9.286784195893227789e+00 -8.081106697030957520e+00
1.000000000000000000e+00 1.898705969277497907e+00 -2.185832667272260998e+00 4.208739872302024843e+00 2.794845156236205774e+00 8.816458842280439967e+00 -6.719520397509636034e+00 9.599627939258956744e+00 -8.463893890819470300e+00 3.068420531172090016e+00 -1.178388237586966980e-01
1.000000000000000000e+00 2.765752157987181992e+00 -4.175301100223999917e+00 4.094272338043742465e+00 1.385286415226173240e+00 7.064864924312010963e+00 -6.312779147818767811e+00 9.762758143605466898e+00 -1.013607143799518617e+01 1.821411858607642875e+00 -3.310816944255837946e+00
0.000000000000000000e+00 -7.188809813567750950e+00 -2.907370834096831391e+00 -7.274301690372224627e+00 8.234835560960771517e+00 3.471586109126926445e+00 -7.342916408517297988e+00 -7.549617378137159385e+00 4.246200287143217622e+00 9.729594918497864953e+00 -7.114060405199421844e+00
1.000000000000000000e+00 3.677381998683801889e+00 -5.420776508166412988e+00 3.917264958636727634e+00 -7.631524415690376095e-01 8.913683920728114884e+00 -7.539665712813247822e+00 1.011051145370553961e+01 -9.886449247861269995e+00 3.405844844693970863e+00 -1.118176973742427194e+00
0.000000000000000000e+00 -9.891440394322133400e+00 -2.824346143106750251e+00 -6.666090393470527786e+00 9.030061141780192813e+00 4.032595940383485456e+00 -7.480137434822251130e+00 -9.107005795592430175e+00 3.721808547290005986e+00 9.414249441525589290e+00 -7.338994617249224639e+00
1.000000000000000000e+00 3.970242779487661799e+00 -3.370582932030417478e+00 2.798646482434869576e+00 1.490001580297534378e+00 8.184832940519546796e+00 -7.064244052857374889e+00 9.685431096475477730e+00 -9.366461451423964135e+00 3.821508274800024196e+00 -2.886586798994323466e+00
1.000000000000000000e+00 3.848204800872141451e+00 -4.544906575105943425e+00 4.714126507233058483e+00 1.591128622804735882e+00 8.433765980466636947e+00 -6.899251314965520798e+00 8.959936444732832683e+00 -8.576442087811663839e+00 4.779269208025729299e+00 -2.969286126327118414e+00
0.000000000000000000e+00 -9.504727828292336866e+00 -2.614957804080038972e+00 -8.440427199833480998e+00 5.555088438481993407e+00 4.026522515512116485e+00 -7.147638429609396660e+00 -6.811306491870612767e+00 4.063173445757484181e+00 9.348064762111443216e+00 -7.013542757470669464e+00
1.000000000000000000e+00 3.446663267708318212e+00 -3.736182664277891696e+00 4.215159167255345452e+00 6.982687901996200708e-01 8.474291557712776424e+00 -7.595790639471224459e+00 9.746782401395590156e+00 -9.514390820138272531e+00 4.316777828435692577e+00 -2.034278513498204433e+00
0.000000000000000000e+00 -7.318930627829141500e+00 -3.758899038805980641e+00 -8.666058545017818915e+00 7.313054161860508273e+00 3.804329322859963725e+00 -5.724614190346775544e+00 -8.519727537607764134e+00 4.580438170484869786e+00 9.120393145322445605e+00 -7.073398001709096938e+00
0.000000000000000000e+00 -9.756133255519902292e+00 -4.135173890536941954e+00 -9.146486938224622776e+00 8.204625973594366073e+00 4.155758288050551030e+00 -7.267300312554046293e+00 -7.841568395371966815e+00 3.873196117824697193e+00 9.206450162967984241e+00 -7.288228534817531745e+00
1.000000000000000000e+00 3.612381353378441240e+00 -4.302971896649461669e+00 6.000494829064162872e+00 2.662184753535461468e-01 8.444894850965971145e+00 -6.730458609102462297e+00 9.427590174948482726e+00 -1.045884869448859256e+01 2.817037866650601519e+00 -9.101049610066129780e-01
0.000000000000000000e+00 -8.900388055899828288e+00 -4.161023300381229362e+00 -4.667692157692935773e+00 7.697767424693049421e+00 5.077912463928213604e+00 -8.138736733050370376e+00 -7.851125998886996804e+00 4.203987470406383764e+00 9.589555919772527304e+00 -6.936488224527347590e+00
0.000000000000000000e+00 -8.480694065128462356e+00 -3.393152150776377773e+00 -7.525316008726832706e+00 7.513277536597366080e+00 3.653069417921149586e+00 -7.334008822014670415e+00 -8.391063196420065040e+00 6.372219898561140461e+00 8.491084135858748994e+00 -6.424035981553865682e+00
0.000000000000000000e+00 -6.994414315884553979e+00 -4.263273491435465523e+00 -6.627238873436652966e+00 7.272641393339587701e+00 2.725301356000713771e+00 -8.183900262026103434e+00 -8.590964761835081731e+00 4.253151670521721606e+00 7.530868463045683470e+00 -5.518034863856331462e+00
0.000000000000000000e+00 -8.071143991269433826e+00 -2.515204376630017613e+00 -7.973752365973081346e+00 6.826693716463069883e+00 3.945761314442117307e+00 -7.786991909399318956e+00 -7.393565602633559664e+00 4.826300217859794017e+00 8.713021191809447785e+00 -7.702203366507601068e+00
1.000000000000000000e+00 3.633570410944782836e+00 -2.216673566024754294e+00 3.447168998117709826e+00 7.131489064724531035e-01 9.175120628037811699e+00 -7.866454604682509455e+00 9.956882466698909084e+00 -8.668977000621937989e+00 2.830751691666464787e+00 -5.612020036349787411e-01
0.000000000000000000e+00 -6.647350826405298285e+00 -1.835534415328869517e+00 -7.716587154192539266e+00 7.425649019972668796e+00 2.553106745581690262e+00 -8.321158703699408576e+00 -9.410465259162988261e+00 2.602947316821313084e+00 1.011411016770160387e+01 -8.629863223000505457e+00
1.000000000000000000e+00 3.443129214069184485e+00 -1.929653324963058081e+00 2.789294379180776939e+00 2.452790387303109831e+00 6.694371974368891642e+00 -8.336808923759781109e+00 1.066417159039814244e+01 -8.400548292326710964e+00 3.884719891531799085e+00 -2.732515875695551433e+00
1.000000000000000000e+00 4.057987817627216387e+00 -4.485429374757077703e+00 3.376838132463980902e+00 1.058443876632589431e+00 8.108919935141315705e+00 -6.507757211229577621e+00 9.958980674939752475e+00 -8.661796122091887540e+00 3.061474781075727680e+00 -2.385254326898899269e+00
0.000000000000000000e+00 -6.801101630059859460e+00 -3.596811127511897244e+00 -6.274314949108987349e+00 5.548879753513029200e+00 3.386883408331202272e+00 -5.073274814186950366e+00 -8.435928945639609822e+00 5.672745651621839080e+00 8.642140237136885617e+00 -7.129914234012240115e+00
1.000000000000000000e+00 4.039647091499595888e+00 -3.498414019513962359e+00 5.702651443325120084e+00 1.073078478861269058e+00 8.721109933769433553e+00 -6.161563299202907018e+00 9.717228886362368812e+00 -1.098780008035573630e+01 3.198414985330597204e+00 -2.370145411212616349e+00
1.000000000000000000e+00 3.699391567122324975e+00 -3.303995889276796216e+00 4.328006425610094077e+00 2.218723731777290098e+00 8.390576015089159512e+00 -7.979552598390313278e+00 8.373993842667179166e+00 -9.622820936039998330e+00 2.740610709686062574e+00 -1.721563204709410044e+00
1.000000000000000000e+00 2.446326408414185138e+00 -3.787736225543436142e+00 4.205367387931771006e+00 9.958913639744149116e-01 7.078289966615491480e+00 -8.261083020365289187e+00 9.693674702988376524e+00 -8.916412427316425138e+00 1.896006866218281628e+00 -4.257870965984409395e+00
1.000000000000000000e+00 2.615914609454959461e+00 -4.097431025119264270e+00 4.166038055113157057e+00 1.603983018691544693e+00 8.117262603758145900e+00 -8.442455365016702018e+00 1.054833800122258936e+01 -1.132623428994056880e+01 3.463809626359682703e+00 -3.687589118737230720e+00
1.000000000000000000e+00 4.444793706973255709e+00 -3.133539962795834022e+00 5.010919425557379014e+00 2.771920215449727998e+00 8.511266879304026034e+00 -7.797406623598221564e+00 8.667459043223056270e+00 -9.365355802884229419e+00 3.319851692263931398e+00 -4.317270735853348640e+00
1.000000000000000000e+00 3.940556297083475101e+00 -3.585373486768884899e+00 4.377010011159690350e+00 4.053354049703086215e-01 8.301298973932176750e+00 -7.041506876952185578e+00 9.957534292600630721e+00 -8.614463360930947999e+00 2.398325153227827133e+00 -1.263136760067046449e+00
0.000000000000000000e+00 -7.558008679768377647e+00 -1.718760465158410078e+00 -8.425863804808269464e+00 6.850334134782755768e+00 2.095682997947247550e+00 -6.771577564813264338e+00 -8.959831342669456689e+00 3.739481013968919854e+00 9.537245882388859286e+00 -7.011896873178813827e+00
0.000000000000000000e+00 -9.672691591764140284e+00 -3.863676936317067767e+00 -7.445329619855380443e+00 7.517547478919992976e+00 4.991130750565556440e+00 -7.210968073858397887e+00 -8.615036336970980813e+00 4.751943473394161899e+00 8.183363286686816451e+00 -7.269184435146883949e+00
1.000000000000000000e+00 2.365577892110341640e+00 -4.362138679385078710e+00 3.170230683078322009e+00 1.492006211419111050e+00 7.630581299646398641e+00 -6.169268945368147961e+00 1.084934119287448873e+01 -8.971023036306421616e+00 3.378863340171765373e+00 -1.736419933681291772e+00
1.000000000000000000e+00 2.918452953713630116e+00 -4.255365920595430396e+00 3.303268363703067312e+00 1.556095017785956491e+00 7.595552016122022465e+00 -7.979878391188544917e+00 1.024307360216653784e+01 -9.274230397132848580e+00 1.271448194643147955e+00 -2.293110354725659494e+00
1.000000000000000000e+00 3.360059773793330429e+00 -3.039711787945015953e+00 4.074085838563399342e+00 9.835007888462856673e-01 7.740574722751107473e+00 -8.915033436776836240e+00 9.384297572521807851e+00 -9.703969788626739756e+00 3.613492177190907206e+00 9.459996173614069193e-01
0.000000000000000000e+00 -7.488124983453600336e+00 -3.134434690686472180e+00 -7.139944656396942868e+00 5.794352112982104508e+00 4.443420051501735024e+00 -6.996812216240348548e+00 -8.975360079529801638e+00 4.441356914230555120e+00 7.742925833376260947e+00 -5.463274043934166713e+00
1.000000000000000000e+00 3.141730918914470649e+00 -2.700374328195315865e+00 4.923443785121625282e+00 1.361159334032946644e+00 8.522077300548074774e+00 -6.776921710407409094e+00 1.063550264928599454e+01 -7.163094143303318617e+00 1.282672105779020688e+00 -1.854923998822175735e+00
0.000000000000000000e+00 -7.413982752363831530e+00 -2.300123417262124992e+00 -7.617561623508709800e+00 7.302055757610175668e+00 2.913687144461966305e+00 -7.932801326959842747e+00 -8.937576562649663714e+00 2.631663552901860825e+00 8.033463890457706924e+00 -8.498223064368762181e+00
0.000000000000000000e+00 -9.295643608659190704e+00 -2.671628934816138834e+00 -8.448574149094005392e+00 7.364483334807429671e+00 3.256993344388836586e+00 -7.417634376556049070e+00 -8.383521648669390203e+00 4.684312188948174693e+00 7.934750726380869423e+00 -6.410803678916068726e+00
1.000000000000000000e+00 4.039112443822229892e+00 -4.420568592806374042e+00 4.181449002538253801e+00 2.494074939606538699e+00 6.562760649761231413e+00 -6.594843291159116383e+00 8.808530917756353773e+00 -7.697821198175600621e+00 3.602910073921255396e+00 -2.488040207963850392e+00
0.000000000000000000e+00 -7.281456241190209511e+00 -3.470173604749899887e+00 -6.519260437435599798e+00 6.821346612043928559e+00 2.057878063134351621e+00 -6.538301419299465955e+00 -1.010059036394954290e+01 1.614275711792769297e+00 8.384066598318653973e+00 -8.317321805747091901e+00
0.000000000000000000e+00 -7.590359312485126075e+00 -3.477750132436866259e+00 -7.294532915560271391e+00 7.264670372988329738e+00 3.645047940328113967e+00 -8.586593515468367244e+00 -6.760736837744998340e+00 4.018233113591322514e+00 9.556325657977769339e+00 -8.806542879958879411e+00
0.000000000000000000e+00 -8.805619414987258864e+00 -4.925693054636295365e+00 -7.629807082685823971e+00 7.823670222720776835e+00 4.426733153128697751e+00 -8.314573640112740804e+00 -8.565729377108198150e+00 4.120026743489331622e+00 8.176166406147048704e+00 -8.833426808283421749e+00
1.000000000000000000e+00 2.467896811946574509e+00 -2.693500372875200277e+00 5.887910649640100580e+00 3.885548638515567976e+00 8.621316858542773076e+00 -9.062533988575040667e+00 9.247704007955130479e+00 -9.527719603927875980e+00 3.250085939733960316e+00 -2.250246851526177760e+00
0.000000000000000000e+00 -7.990134719716266432e+00 -2.021630283942957629e+00 -6.349667002849248121e+00 6.811980653056989077e+00 3.374843185498219711e+00 -7.871416088590226678e+00 -7.606882614282110211e+00 4.253591799914702598e+00 9.216355069626912311e+00 -5.370367304997821556e+00
1.000000000000000000e+00 2.268907730632313324e+00 -4.496206465791425799e+00 3.420437038960417730e+00 1.658525900225119809e+00 8.483693892837923300e+00 -7.947619609665124152e+00 8.541250026603160350e+00 -1.084741608047557193e+01 2.374479612676149820e+00 -2.455261381692955602e+00
0.000000000000000000e+00 -8.990992717900116560e+00 -3.331564070475642847e+00 -7.292022790749957295e+00 5.952867907382776380e+00 2.925301391253849026e+00 -8.730140198447761790e+00 -7.479024247942863468e+00 3.548161408333784461e+00 9.176575233376070173e+00 -8.346229325851231451e+00
0.000000000000000000e+00 -7.582342117282940386e+00 -1.873603147841179206e+00 -7.103260383132123046e+00 7.604645195020019344e+00 3.903413387433616766e+00 -7.010781953113111697e+00 -6.994865261233533360e+00 4.342154403821010256e+00 7.226325192797389718e+00 -8.244644007026574073e+00
