0.000000000000000000e+00 6.434724879157146304e+00 7.452399098284395729e-01 -6.000574724917446812e-01 1.254939795017087967e+00 -1.970294281770703204e+00 1.275278589877105961e+00 4.420201627893920460e+00 9.137504360824018068e-01 -4.430254407325659116e+00 -3.546670207070143022e+00
1.000000000000000000e+00 -9.797038139043233729e-01 1.503269854494785784e+00 3.082717955786587472e-01 -3.631732062692270446e+00 1.815104853296087395e+00 1.820830423856218960e+00 2.022846605279307042e+00 -1.266705425914874117e-01 -2.766651086924029279e+00 1.247682855482774578e+00
1.000000000000000000e+00 1.098483853533652521e+00 1.742095802128291737e+00 5.009282000569416082e-01 -1.071477376220063782e+00 4.958980968211159635e-01 3.770069327202565823e+00 1.230219171893326635e+00 1.170652947555239215e-01 -1.979522284977164759e+00 2.757507943398729733e+00
1.000000000000000000e+00 -3.243029034738282856e-01 9.683210824797463534e-01 6.046812902678381230e-01 -1.052596761362993849e+00 1.915540258498887205e+00 2.874005823727259656e+00 1.551871677700454422e+00 1.781056816976849255e-01 -2.361037007797126108e+00 1.778205008037496704e+00
0.000000000000000000e+00 4.305921895585876236e+00 1.857288429651548167e+00 -2.141227296072343744e+00 3.188436759812622867e+00 -1.397919685183061311e+00 2.696604519963804236e+00 3.906849178900677177e+00 4.330491928513260369e-01 -3.970390410523684022e+00 -2.880634238032389938e+00
0.000000000000000000e+00 5.209942082182273282e+00 -7.573949851225347807e-01 -3.444136696909485096e+00 1.098532742061641310e+00 -1.838124089845180942e+00 1.315861785646019966e+00 4.853355147481689613e+00 2.894712401982342254e+00 -5.275950895731307710e+00 -1.421332345335939884e+00
0.000000000000000000e+00 5.068734861739295994e+00 2.745869485096328333e-01 -8.942249747297217333e-01 2.117474882792268254e+00 -2.096582334049269747e+00 -5.802253968007964335e-01 5.258830745056492617e+00 6.190433139324056366e-01 -6.532498488810291271e+00 -1.357762887336595892e+00
0.000000000000000000e+00 5.458987172060645321e+00 2.801810769450995831e-01 -7.287381811772262186e-01 1.994936866946135590e+00 -2.587841297550069974e+00 -3.635924243662100874e-01 4.674817045845263586e+00 2.051481640826199104e+00 -3.898019614985066994e+00 -2.632283376854068990e+00
0.000000000000000000e+00 4.622992414662153493e+00 -1.569781926456614851e-02 -1.650295874968078724e+00 1.201936065284472832e+00 -1.874147446719653942e-02 2.559420082575922351e+00 4.532510783912046648e+00 8.370762735854305747e-01 -5.562081548507929796e+00 -8.909062748070870619e-01
1.000000000000000000e+00 -1.615416190115717410e-01 1.494350764582263569e+00 -2.042136892075801374e-02 -1.441929377787225519e+00 1.946700786678150497e+00 1.590636699106349639e+00 2.059075178530814121e+00 8.724538160915977780e-01 -1.314549696227970355e+00 1.428819771803073291e+00
1.000000000000000000e+00 -3.305435183889854911e-01 2.000594983349980538e+00 9.369879507986195177e-01 -2.340611745548033529e-01 1.626301780883729453e+00 2.572656546627683838e+00 2.537864315750741007e+00 3.067523020354611107e-01 -4.022823561516728486e-01 4.245891370359690775e+00
0.000000000000000000e+00 5.720520468492161115e+00 9.833456941139875340e-01 -3.119965140156435002e+00 2.804785420056246092e+00 -2.064962902239940501e+00 8.803944947912567542e-01 5.460276674629784388e+00 2.435603838493563877e+00 -4.202598290126053016e+00 -1.773335460711545686e+00
0.000000000000000000e+00 3.194799767053736250e+00 1.328053940005128553e+00 -3.305518445740211142e+00 1.217376217152839057e+00 -2.778425726768066761e-01 2.183238071880065689e+00 3.713028524788788420e+00 2.005130833413537594e+00 -5.907819716351501604e+00 -2.319950420209234032e+00
0.000000000000000000e+00 4.967737124569277185e+00 9.079947505826233556e-01 -2.910248974009894685e+00 2.063051400966897653e+00 -2.140119938085772944e+00 1.746243836300299002e+00 4.096210055613060952e+00 2.359165651731786273e+00 -5.197453285606276729e+00 -3.002228084954083442e+00
1.000000000000000000e+00 -2.643657300384202546e+00 9.902200462773699252e-01 -1.290761105450904389e-01 -1.633290891305381187e+00 9.758786327817031703e-01 4.210233595796718298e+00 2.626403865173928320e+00 -3.645833379068955105e-01 -2.418452404440646575e+00 1.688123148271594598e+00
0.000000000000000000e+00 4.165528859826861385e+00 9.851769892850331667e-01 -2.387710231572050645e+00 3.511248863645128893e+00 -9.377034326129141117e-01 2.618801780182790750e+00 5.255314873543630583e+00 1.782244218967524718e+00 -6.629411576630690917e+00 -8.508027285158594744e-01
1.000000000000000000e+00 1.166560918840477079e+00 2.389436435970849981e+00 1.401041641885494737e+00 -6.674666416805271618e-01 1.670013516878866788e+00 3.613701009685978960e+00 1.546499137661628831e+00 3.173414947085888560e-01 -1.058728026592666183e+00 1.630096097202409666e+00
1.000000000000000000e+00 -7.654612538892433538e-01 1.398381228471345938e-01 3.076721624834184432e-01 -1.064032371090522178e+00 1.473687908981608619e+00 3.612757029934078545e+00 2.378586144952039128e+00 -4.058957510646621358e-01 -2.738309633597067805e+00 3.617167332114643141e+00
0.000000000000000000e+00 4.547433484123917680e+00 1.442491301783719537e+00 -2.231241084329051105e+00 3.117377740447251355e+00 -1.081909557502813035e+00 1.082953834322547770e+00 5.013950638922194614e+00 1.843499014154972748e+00 -4.489946456776809036e+00 -1.501614455955247562e+00
0.000000000000000000e+00 2.565283208499184120e+00 -1.321967660287138191e+00 -2.111548648459672162e+00 1.556919426416008001e+00 -2.036305037598904466e+00 6.786739199356851548e-01 2.853574267009741483e+00 3.161163663152198211e+00 -4.667337125351830984e+00 -1.324335503519125101e+00
0.000000000000000000e+00 3.336693754844945126e+00 1.704182299870673711e+00 -1.992413744094410522e+00 2.280628474205724565e+00 -1.765196685084357897e+00 6.628218856522052338e-01 4.627270051765448144e+00 1.010231415839201619e+00 -6.755294535612661910e+00 -1.038365482274391516e+00
0.000000000000000000e+00 4.025338306697165969e+00 2.217978690585458601e+00 -2.534961968555606848e+00 5.872349429949139665e-01 -3.823308697729561167e+00 1.270463113390152277e+00 3.826808269124956752e+00 2.358191021857855674e+00 -5.504618360035760105e+00 -1.531786229079818984e+00
1.000000000000000000e+00 -1.553972943439801746e+00 2.743748185354309754e+00 6.399928318933455484e-01 -1.739216734342341031e+00 1.743727740876406918e+00 2.189043313434572369e+00 3.631173550370784930e+00 -1.256262109125721116e+00 -2.411876969190787090e+00 2.595348790566504693e+00
1.000000000000000000e+00 -1.433251806594979749e+00 4.693507861726442520e-01 -1.127721837252516068e-01 -1.647977463636981721e+00 2.364460825666881760e+00 2.166737346417508814e+00 2.378491134958351516e+00 2.432322238316318996e-01 -3.534308767559868336e-02 2.876856127957755582e+00
1.000000000000000000e+00 -4.646517416178428395e-01 -8.269498717599210735e-02 -3.358782830134751651e-01 -5.127268319395333895e-01 3.540688050668201470e-01 4.123614373068663852e+00 2.159439392519362677e+00 -6.823241607124004293e-01 -1.888339975663569703e+00 2.230801140147016248e+00
0.000000000000000000e+00 4.127848867969921010e+00 1.751841185107905652e+00 -1.669600617780045759e+00 3.139269749781804730e+00 -1.921090910435188093e-01 5.194693519001505333e-01 2.904365273750655341e+00 2.448679706215913132e+00 -5.434051826638738980e+00 -2.104081946671865211e+00
0.000000000000000000e+00 4.920221409952780789e+00 5.271344274274399888e-01 -1.410333186529572069e+00 4.998164056013738588e-01 -1.393339153268770225e+00 1.326326632869467836e+00 3.488320374922815770e+00 2.018396444459930272e+00 -4.992498379419594734e+00 -1.519916534170709266e+00
0.000000000000000000e+00 2.974715468325075829e+00 -2.316350533475869389e-01 -2.915181913688090987e+00 2.499705977750042329e+00 -2.153495905485808493e+00 2.199941811030758032e+00 4.684047836016222099e+00 2.034908146973679166e+00 -5.477541898771092654e+00 -2.303220197774062949e+00
1.000000000000000000e+00 -6.951807800698124318e-01 1.751212907433396637e+00 7.357674460835248453e-01 -4.196703869160758327e-01 1.088710263490811680e+00 3.055144069383433969e+00 1.948126444786225875e+00 -1.124427630389825294e+00 -2.152112344527041365e+00 1.374307468514290420e+00
1.000000000000000000e+00 5.763185910035160120e-01 2.030171692829602303e+00 3.649815685388723696e-01 -1.782808312561992015e-01 2.091459545553928656e+00 2.674718684060327867e+00 9.488501424009230245e-01 -7.476784540197056739e-02 -3.869870458070406194e+00 1.312296449832794920e-02
1.000000000000000000e+00 7.454392466777537418e-01 1.476764042474995042e+00 3.207768235496235021e-01 -1.121890310450875727e+00 1.347439080055589100e+00 2.144617751804314132e+00 1.713303583127798735e+00 -9.347719729943382294e-01 -1.747568293912263648e+00 1.942385948690490416e+00
0.000000000000000000e+00 4.941060233686601855e+00 -4.041341821376209786e-01 -1.754109206299650836e+00 3.397007439304839060e+00 -9.754256378049575016e-01 -1.820800228147094746e-01 5.066857132926815055e+00 1.081180193043633775e+00 -3.368783034598568094e+00 -1.313033324922590062e+00
0.000000000000000000e+00 5.246537797975681983e+00 -7.573011667891687004e-01 -3.224882093561445284e+00 2.413686413397225561e+00 -7.647057300883285391e-01 7.065375776389914986e-01 5.868936513334831240e+00 1.008963198284045237e-01 -5.347050398829934714e+00 -3.311587293247831632e+00
1.000000000000000000e+00 -2.208339650148904987e-02 7.652474811038210145e-01 -8.482029611397023938e-02 -2.074937502744925055e+00 6.802638282850037577e-02 1.192966474959952006e+00 3.410946932976434809e+00 8.911390682997624157e-01 3.205687303014004286e-01 2.117126920583453753e+00
1.000000000000000000e+00 -2.137016093099167457e-01 1.388193499329930081e+00 1.260623661965347142e-01 7.199818611552670777e-01 1.533672328474757984e+00 1.415810768709679479e+00 2.350788456303833485e+00 -1.262145611215415020e-01 9.371003529003583132e-01 2.554274812987049614e+00
0.000000000000000000e+00 4.346166478141902267e+00 7.232758931382478051e-01 -2.983272421151778708e+00 2.211528533051176471e+00 -1.348390097512722319e+00 2.950223346104055011e+00 4.851128242919348743e+00 2.132933668140056138e+00 -5.376006811343385650e+00 -3.070236789984392090e+00
1.000000000000000000e+00 -8.239063948156721828e-02 2.297861540538930658e+00 -3.822328038655746774e-01 2.027997525374960475e-01 1.024643758747459499e+00 -5.318666562088258942e-02 2.173872867052268454e+00 1.764648600305924298e+00 -1.638129519725522121e+00 3.509707336203094385e+00
0.000000000000000000e+00 6.464730013952488363e+00 -3.505310545766837649e-01 -2.933077391200073603e+00 1.935482523608313965e+00 -1.648776421601569897e-01 2.796621070212848892e+00 5.027470316747486123e+00 5.192578387971780174e-01 -3.958211212841049154e+00 -3.230235816857381259e+00
0.000000000000000000e+00 4.641034125709478708e+00 9.685512960272186778e-01 -2.627726822969878473e+00 2.326185894348629546e+00 -9.471664559041264031e-01 9.625608698964298604e-01 3.680855408583280308e+00 3.034061620490830613e+00 -5.214816693778490553e+00 -1.033193481347126852e+00
1.000000000000000000e+00 -1.407061293911211708e+00 1.530560551215269349e+00 -4.570623327644210976e-01 -3.933346973983655182e-01 1.256797285593858726e+00 1.878016881246685088e+00 2.874225048517758285e+00 -1.143323245334109339e+00 1.020907046150696385e+00 1.951445387289129751e+00
1.000000000000000000e+00 -6.999981099881988911e-01 8.306521203368847361e-01 -4.677085802732992015e-01 -1.519966627601581965e+00 7.049132449657369293e-01 2.521208876524800413e+00 2.656520338465898412e+00 -4.863731458014561859e-01 -7.595398796514232220e-01 1.838381233236087819e+00
1.000000000000000000e+00 -6.778013783107326162e-01 3.661624580542012009e+00 8.531610590520365411e-01 -1.146963282629343883e+00 1.286498691937457917e+00 1.810350628772388948e+00 2.415333839180606734e+00 -1.254189875247182728e+00 -2.516977623343801707e+00 3.915055411084766845e+00
0.000000000000000000e+00 4.482409222385022929e+00 1.275628253741414753e+00 -4.139641678265486568e+00 2.084614323359160526e+00 -1.452494862081049165e+00 1.926494257601410798e+00 3.786084037013787817e+00 1.398283725934610366e+00 -5.821945642302899238e+00 -1.493968275040875593e+00
1.000000000000000000e+00 9.146339439734501031e-01 9.151206980612183184e-01 1.538815690377236312e+00 -2.327091430627967306e+00 2.545037380805634797e+00 4.032863729474073011e+00 2.509107492085174584e+00 -1.733243034233302060e+00 -2.541221148724819745e+00 2.092947290212287648e+00
1.000000000000000000e+00 7.049007652825600712e-01 3.255649646146570042e+00 3.100832677921991354e-01 -2.069820586982379584e+00 2.234878770582104934e-02 3.892412207534125645e+00 1.445486405042260447e+00 9.539525045356106459e-01 -4.504992036952624179e-01 2.385511523791892241e+00
1.000000000000000000e+00 2.009550775551726121e-01 1.490716165612476107e+00 1.597584935443267184e+00 3.627224924775342974e-01 3.397372168034595408e+00 1.607393783219732031e+00 1.848182755794872234e+00 -1.562480445496883918e+00 -2.527109326393119471e+00 1.443992564593897798e+00
0.000000000000000000e+00 5.085949533705705683e+00 6.004459211455099865e-01 -1.088203198134196192e+00 2.479093418385228453e+00 -9.480526242321205554e-01 6.013826778363325909e-01 5.085969364871404608e+00 2.356987459921405570e+00 -5.946348984528215809e+00 -2.562827135151017455e+00
0.000000000000000000e+00 3.362730821938188619e+00 -4.612224608672939041e-01 -2.117314328259019884e+00 9.751149209045997246e-01 6.150935055716422184e-02 1.585531557060438246e+00 4.091700189115184294e+00 1.825806103536578462e+00 -6.230693952815651748e+00 -3.571605509415952895e+00
0.000000000000000000e+00 5.622141426936561714e+00 -6.689167906437609723e-01 -3.191559310565302177e+00 2.036035856943195554e+00 -2.512985954808817368e+00 5.213637009066114381e-01 3.880845892810800724e+00 1.448607865016482865e+00 -5.451614650821532848e+00 -2.255841582891807917e+00
0.000000000000000000e+00 5.611032504741492843e+00 -5.425019106422996895e-01 -1.097242744549993265e+00 1.356245115165215287e+00 -2.466443609057374919e-01 2.150522168046546501e+00 4.415051897830954530e+00 1.832393334428084497e+00 -3.797852168029908881e+00 -3.394940407250876646e+00
1.000000000000000000e+00 3.601157344291940898e-01 8.115233271358697209e-01 7.584682908572054627e-01 2.940447305659241728e-01 1.737664149235931044e+00 2.352464128799722776e+00 2.762258279216442958e+00 3.736475104995972130e-01 -2.032180049578283576e+00 2.623136591534874107e+00
1.000000000000000000e+00 -1.177052701071297225e-01 2.670193990846326138e+00 6.510141300043172929e-01 -2.234848964392775361e+00 -5.310112211341273536e-01 2.278538739876700969e+00 2.466458929421602164e+00 1.418292473212968252e+00 -1.173267555246044092e+00 1.673912432564177877e+00
1.000000000000000000e+00 -1.678702625895332756e-01 2.543075895466609282e+00 -1.580797126497811289e-01 -4.090016893858331448e-01 1.308113769582307739e+00 2.807106743126701609e+00 2.602996992514523100e+00 -1.095339589212087850e+00 -3.121062973075050984e+00 2.098997834465767820e+00
0.000000000000000000e+00 5.231523006953983312e+00 2.134582177240625711e+00 -2.803782740603669943e+00 1.124721296756262312e+00 -5.605495905514447097e-01 9.070142672412802032e-01 3.852272442643720041e+00 1.720957433848307350e+00 -4.925909123331284611e+00 -2.262134803158462493e+00
1.000000000000000000e+00 -1.380777716030719748e+00 2.337177778964934838e+00 6.400155138179538516e-01 -1.723486233925429545e+00 1.164904283434781807e+00 2.667514841307959905e+00 1.335114146389228207e+00 3.114601785467233652e-01 -2.038735542887434082e+00 1.457380652590918757e+00
1.000000000000000000e+00 1.431213015581039860e-01 -1.088006575270330067e+00 1.500846379050377211e+00 -1.423917431433382674e+00 3.706658881486240453e+00 2.751049503873970181e+00 2.629624282662280432e+00 5.426159939943610011e-01 -2.226256208127299629e+00 2.169441862642745633e+00
0.000000000000000000e+00 6.375938874984016458e+00 -9.484670413445805970e-03 -2.069038640452555367e+00 2.370458161516947548e+00 -2.228807450436936399e+00 -2.873906858271428888e-01 5.794477313308735944e+00 1.921344538363993770e-01 -3.955460449995662486e+00 -3.437491885379787782e+00
0.000000000000000000e+00 4.148038115747019638e+00 1.011236055379366006e+00 -2.835545439154731895e+00 2.918878900346759231e+00 -1.413422809587629114e+00 -5.925801719627492581e-01 3.396551838502956944e+00 1.500800242938770346e+00 -4.925820656840913969e+00 -1.253732381939276941e+00
0.000000000000000000e+00 4.543876781287618627e+00 1.829900593420899169e+00 -3.995064441518962894e-01 3.548714956763169504e+00 -2.061657401148592861e+00 -6.491172835787988316e-01 3.916292978958289428e+00 1.053615039264548692e+00 -5.933811724914775709e+00 -6.167928781504938840e-01
1.000000000000000000e+00 -9.326144713756825411e-01 3.808983136135729808e+00 7.360564001552934998e-01 -7.140216618141714822e-01 6.661114084676644786e-02 3.679213456846045727e+00 2.131950939451845883e+00 1.732756382900572101e-01 -8.263308857794715578e-01 1.539021438231605643e+00
1.000000000000000000e+00 -2.334982767967392014e+00 1.095640000178260909e+00 -1.534937822829603782e+00 -9.253301593850075113e-01 -2.758076381166882918e-01 4.064396841693300289e+00 1.349382542276747809e+00 7.271825951236544627e-01 -1.714904447732376713e+00 9.704101714682609181e-01
0.000000000000000000e+00 5.143458692818725808e+00 7.106820463529429643e-01 -2.462654110804166852e+00 2.843594319011206295e+00 -7.056244813782159842e-01 1.096351575929293221e+00 5.925306338073976775e+00 3.184033475201202279e+00 -4.594341190722730950e+00 -1.278126759054366568e+00
1.000000000000000000e+00 1.686552873257209928e-01 3.531236397807252736e+00 -9.761068054275143790e-01 -2.244020553219693515e+00 2.947908873835038968e-01 2.995199517497348918e+00 2.315297486778574054e+00 -2.339084108669922668e-01 -2.305444801354737283e+00 3.469060914959212649e+00
1.000000000000000000e+00 5.633131246888217758e-02 -6.087316480938005370e-01 -1.885307825067848109e+00 -5.145405501209832089e-01 1.135751241521134158e+00 2.665632254888955277e+00 9.179944447775780780e-01 4.335647301214413107e-01 -1.985746081213876746e+00 2.376753909475617377e+00
1.000000000000000000e+00 1.600189459272625125e-01 2.079971756211514755e+00 3.871526998646914741e-01 -6.857370269878734215e-01 1.399753735311000113e-01 9.743937979268697536e-01 2.134807103188836042e+00 -8.321424677130563330e-01 1.411999141933308888e-01 3.552862176504363756e+00
0.000000000000000000e+00 4.966193106536932689e+00 1.725491839681872586e+00 -2.286562677397314225e+00 1.520896522046248256e+00 -1.023114737794780682e+00 8.614316178459906492e-01 5.604408224895749413e+00 1.215571115925200285e+00 -5.279430534451543977e+00 -2.226769879133773333e+00
0.000000000000000000e+00 6.036680847873125089e+00 2.385539624204688014e+00 -9.734846053428287682e-01 1.695192441529083993e+00 -8.691400653715493085e-01 1.201985102507080239e+00 3.914915697937572769e+00 3.317765550169852418e+00 -5.670894212084506947e+00 -2.992470675564363525e+00
1.000000000000000000e+00 -7.191435711581946055e-01 1.957791583420849690e+00 -1.465376212713218884e-01 -3.457058618381607107e-01 8.873302920839920560e-01 1.736220742437839304e+00 2.944408423119186935e+00 -7.131165144931281841e-01 -6.883030213981158330e-01 2.030637779471394122e+00
1.000000000000000000e+00 -1.912995188060140128e+00 3.890641433883341715e-01 3.017857850447041440e-02 5.218512761863884908e-01 1.766406735039909304e+00 2.725544129202217114e+00 1.543617156521142064e+00 1.043523357219062309e+00 -2.136191730607145178e+00 3.402351622305643364e+00
0.000000000000000000e+00 4.422639773236475946e+00 1.734551055142623310e+00 -1.153085747010940798e+00 2.860628725774422509e+00 -6.951497887445423629e-03 1.332668774572207893e+00 4.764487237132820852e+00 1.214039425925498517e+00 -5.068204115772781293e+00 -1.547571074354035403e+00
0.000000000000000000e+00 5.455115732803362150e+00 9.013409763425850318e-02 -1.431613211116937956e+00 5.284983720273683794e-01 -1.325735064720032108e+00 1.601166524940944136e+00 5.049517808618353421e+00 1.511185285562618219e+00 -5.776416330860369541e+00 -1.802025881849537825e+00
0.000000000000000000e+00 5.560853279404671667e+00 1.745861770057453022e+00 -1.107015208141832296e+00 2.894396253884370385e-01 -1.108268893055918580e+00 1.711917034273993554e+00 4.143611722996388025e+00 1.921009665823119494e+00 -5.957534622147393044e+00 -1.863190500550772066e+00
0.000000000000000000e+00 5.416005616533376532e+00 3.303734324758627605e-01 -1.486081969562963900e+00 -8.233896793822763627e-01 -1.867086988798889458e+00 9.729039003589536883e-01 2.562041169503456839e+00 2.140875203095813806e+00 -4.932314341378970290e+00 -1.920001553870494648e+00
0.000000000000000000e+00 4.896193764977777363e+00 1.176116072896847164e+00 -3.220309038048240424e+00 2.226482445159191581e+00 -2.010968799592355971e+00 5.028783384063558737e-01 4.846505639852440872e+00 2.663789409281064113e+00 -4.586422133745309715e+00 -3.809417578992024822e+00
1.000000000000000000e+00 6.390074844866260317e-01 2.121550187524168685e+00 8.401475561467082187e-01 -2.717824595738396187e-01 7.197980046374523599e-01 2.414461794883223877e+00 2.350710118311098551e+00 9.891012606726502510e-01 -2.514158198032582447e+00 1.963325338617541771e+00
1.000000000000000000e+00 2.492551593802047050e-01 1.445404347607177620e+00 1.330535948130445734e-02 -5.076451108066926121e-02 -3.345950523993379555e-02 2.890545733542137619e+00 3.646402093719848470e+00 2.226544178080428260e+00 -6.349794327599267429e-01 2.651873732604808076e+00
0.000000000000000000e+00 4.982508230633481361e+00 4.784507557794312471e-01 -2.608817240689548012e+00 2.120423028079525540e+00 -1.063430014547923186e+00 1.763440619517258501e+00 3.506791950003061764e+00 1.723750177413719831e+00 -3.976168861522906273e+00 -3.377635814244426271e+00
0.000000000000000000e+00 5.361495360573286462e+00 -4.529107521545698845e-01 -9.758444514025703675e-01 9.129469563042194036e-01 -1.181847992107211587e+00 -1.374203401073953223e+00 4.492641271106734280e+00 6.195941834124953917e-01 -6.463575617508916515e+00 -9.803289034683095871e-01
1.000000000000000000e+00 -3.907587994200497072e-01 2.346159806082742438e+00 2.127417370408075659e+00 -1.319298086529114844e+00 2.511445387459725342e-01 3.082340792185199518e+00 2.258764434791236120e+00 -1.051377909807785560e+00 -1.471071533779766405e+00 2.906738314286056557e+00
1.000000000000000000e+00 8.034084385100181969e-01 2.082292316164714219e+00 -1.224787238787134747e-01 -4.973936481315821556e-01 3.211850651075999430e+00 9.329076725939571268e-01 3.318993560272721854e+00 -1.429015204551010720e+00 -1.692027073340069077e+00 3.164455090897212219e+00
0.000000000000000000e+00 3.182251478853313831e+00 1.717046513816956832e+00 -2.357257118920142336e+00 1.665831089387433295e+00 -7.827678467627466885e-01 9.293762523377004925e-01 4.969493120472512793e+00 1.965651056490213433e+00 -5.129637197629844714e+00 -2.530609474077658572e+00
0.000000000000000000e+00 2.991954215381938731e+00 1.858335799613381578e+00 -2.783670476531822757e+00 2.585210248098793517e+00 -1.206246040503762496e+00 2.341992984236850539e+00 3.673082339816781783e+00 8.063303425244405798e-01 -5.274340751022642770e+00 -8.637481337117214331e-01
1.000000000000000000e+00 -7.397763021827331587e-01 1.291756963314099504e+00 -4.353155714940919463e-01 -2.906612823483997854e+00 2.151581712114561284e+00 3.912677519762312706e+00 2.212440717917572908e+00 7.114166739196015055e-03 -7.076528613889083719e-01 1.989003821739236511e+00
1.000000000000000000e+00 -1.159903294227847326e+00 8.200359157926315756e-01 -1.407316437843197710e+00 -1.400959230616322992e+00 1.861798040939334653e+00 3.855170359403652824e+00 2.016289598163785612e+00 1.921491005665777907e+00 -7.614268169084792426e-01 3.051472162927281850e+00
1.000000000000000000e+00 -6.778944497791236090e-01 3.962788557472969320e-01 -3.966199090328410004e-01 8.139154248301943007e-01 5.934823241740705413e-02 3.567762676173636294e+00 1.928267197638914077e+00 -6.846285127986297958e-01 -7.919626360138244392e-01 2.756925837132392587e+00
1.000000000000000000e+00 -1.194002472109223945e+00 1.221259597694330346e+00 -7.830363097348841395e-01 4.489233260970446615e-01 9.533334024767770032e-02 3.021480406071684666e+00 2.966432640512039143e+00 4.857704806764855943e-01 -1.188480332423023533e+00 1.594648738312220981e+00
1.000000000000000000e+00 1.214395783823510655e+00 1.454027484014523752e+00 5.852110209378984518e-01 5.278686288349574429e-01 2.957041386216865853e+00 1.688862919207888336e+00 2.147135319389189778e+00 -2.823329897503873420e-01 -2.235901391826870643e+00 2.857075780231032702e+00
1.000000000000000000e+00 -5.532393585548683879e-01 2.203446088040005968e+00 -4.104741583333307853e-01 -2.260356987924794225e-01 1.967633016927996970e+00 1.860316981082697829e+00 1.287682915271764372e+00 1.025012961706120773e+00 -2.384128320096631004e+00 4.260178534917975490e-01
1.000000000000000000e+00 -1.897403824497705671e-01 2.207206992276294244e+00 2.167478864598450239e-01 -8.721696850530515910e-01 5.650938997586907320e-01 2.611095889904284650e+00 2.278559281057362718e+00 -1.581394198073039492e-01 -2.185261167499742196e+00 2.067386825400339134e+00
0.000000000000000000e+00 5.369964486905729473e+00 4.228109696455649713e-01 -1.993879389697746030e+00 2.106712946663272579e+00 -1.037070913919182935e+00 1.995387750090545698e+00 5.365354868082159001e+00 1.483243206441649864e+00 -7.175825309346958392e+00 -5.973379258926156954e-01
1.000000000000000000e+00 4.870415367603914136e-01 4.916848436099654496e-01 7.620401928821262105e-01 -4.441924908879860134e-01 5.539423189455892071e-01 1.199174663708131527e+00 2.820090645560288323e+00 1.690569471379185229e+00 -1.471454462742426195e+00 4.090752266477828414e+00
0.000000000000000000e+00 5.662096463009095970e+00 9.968111749763078899e-01 -2.215548765072857584e+00 2.137347455542400354e+00 -3.387720503132641836e-01 1.689475403331814007e+00 4.702923912870697443e+00 4.267455808874326628e+00 -5.247591682403851543e+00 -1.928415846779838461e+00
0.000000000000000000e+00 3.760539874978347186e+00 9.723025096306642245e-01 -2.810100770924498725e+00 2.526150146833884502e+00 -2.894196987823111300e+00 1.971912659586782635e+00 3.546886465248701104e+00 1.600297554468887551e+00 -5.411387263238275125e+00 -1.394448423088419764e+00
1.000000000000000000e+00 -2.069170117218846805e+00 7.719114174172281295e-02 -7.576746333038956172e-01 -9.268855348974847086e-01 2.579881924940379712e+00 1.815221279156403966e+00 2.239902462641912173e+00 8.845287801846327680e-01 -3.364272088107103098e-01 6.862645783344492045e-01
0.000000000000000000e+00 4.295125827207908031e+00 -7.436021299041417620e-02 -1.456081829635559766e+00 3.109821008508418139e+00 -1.452942286425415341e+00 1.187723987301234629e+00 4.454112759553274792e+00 9.824510264893002720e-01 -3.775330583881600255e+00 -6.102386969559316920e-01
1.000000000000000000e+00 -6.512455009992945687e-01 6.786104799775221075e-01 6.371730641826988117e-01 -1.567176100639733338e-01 2.824830890959328045e+00 2.370356094892946075e+00 2.979276600143362597e+00 7.396620155107945793e-01 -7.508980830576040821e-01 1.557404790999001198e+00
0.000000000000000000e+00 3.850311545355277865e+00 2.652464869330287689e-01 -1.982583617334336301e+00 1.164877852028396887e+00 -7.671715758928570050e-01 1.108807092366308478e+00 1.699742843798583980e+00 2.762615207351554858e+00 -4.434541802337026439e+00 -1.880098974402857337e+00
0.000000000000000000e+00 4.566551167266991840e+00 -1.322684261874381706e-01 -3.428880401978176451e+00 2.684129007072470596e+00 -1.064106397481311417e+00 1.110164911620001194e+00 3.196963277531755132e+00 1.010163084927391486e+00 -4.955423135628047149e+00 -1.745131719983036067e+00
1.000000000000000000e+00 -1.049062645259543958e+00 1.313542916198102262e+00 7.583682772539243611e-02 -1.751525029053180971e+00 2.334430504400248019e+00 2.103156801874903614e+00 2.030417993488784045e+00 2.103770180427361858e+00 -9.794753638177507993e-01 1.743532100692001485e+00
0.000000000000000000e+00 6.088918108348785552e+00 -3.235100112100264269e-02 -3.509941662493029746e+00 4.521993148821339403e+00 -3.005050069374667121e+00 3.451457203734262347e+00 5.847621317867040425e+00 1.720819904451627247e+00 -4.300988191373934733e+00 -1.961105451949500811e+00
