1.000000000000000000e+00 -6.644693309420957039e-02 -8.337967560955282798e-01 -1.506572787590775064e+00 -4.230357679681377547e+00 -2.828151006070207529e-01 -5.330332488590983964e+00 7.228255402757620907e+00 7.391739029778908510e+00 -5.909485102611439444e+00 4.544970453015400480e+00
0.000000000000000000e+00 4.575206414506823194e+00 -6.006364301073787715e+00 -4.488062532319686326e+00 -4.447758230612693708e+00 -1.572241049478630526e+00 -7.180783462489958247e+00 -1.335793514610874588e-01 -8.822859521772565827e-01 8.084104915488905974e+00 -5.379768768132708878e+00
0.000000000000000000e+00 2.136098501557625262e+00 -6.697443767096666001e+00 -3.152154436105707447e+00 -5.518398763711353183e+00 -1.755458055866053302e+00 -7.579495885846593950e+00 1.724566212791862618e+00 2.339928575657672205e+00 1.089004604334300907e+01 -6.474896309563169083e+00
0.000000000000000000e+00 3.056714419010460482e+00 -6.909892587178354972e+00 -4.871205233285704317e+00 -4.971833680586261295e+00 -1.535471948644768103e+00 -8.551395026217429418e+00 -5.319903020764416013e-01 1.113624696970908712e+00 9.783440749925754076e+00 -6.397305914975247809e+00
1.000000000000000000e+00 -1.228300334428099605e-01 9.116396676713889313e-01 -3.172857291705155180e+00 -5.240570875113006899e+00 -2.845378525928656810e-01 -4.599591115003793362e+00 8.096978576501779656e+00 5.710032786451472830e+00 -4.841273057788353817e+00 5.144185644945221014e+00
1.000000000000000000e+00 -9.357062260745815374e-01 -2.603066217745385380e+00 -7.214246152699468340e-01 -5.541557235000328596e+00 -1.057059669691652187e-01 -5.211900621583204440e+00 7.887709063306128421e+00 6.392997187734175135e+00 -5.868979912794588749e+00 7.081019295637142719e+00
1.000000000000000000e+00 -1.456663952375782500e+00 -2.195940348320293722e+00 -4.028191421101976033e+00 -3.304993339602599889e+00 -1.663179884075689507e-01 -4.348710142541786006e+00 7.389359028859105116e+00 7.578778231199794213e+00 -5.506780225807130336e+00 8.135412830811603158e+00
1.000000000000000000e+00 -2.349321062452862208e+00 -1.655986993381418637e+00 -2.327297157611746492e+00 -4.693695366185835383e+00 6.050908590377307439e-01 -6.146652839359440179e+00 8.128621115666813779e+00 6.032159538125303477e+00 -6.329802759456963912e+00 6.141253207748582632e+00
0.000000000000000000e+00 3.988254837311809187e+00 -5.253287654650151239e+00 -4.357368059916018943e+00 -5.848798220740807352e+00 7.469527705460925482e-01 -6.505054283568995288e+00 1.913373732513355296e+00 4.084533772156733744e-01 9.921802177638356923e+00 -5.514632923284830568e+00
0.000000000000000000e+00 6.129668884810751450e+00 -5.961190649696951560e+00 -3.882635452367558582e+00 -3.685672309703857064e+00 -9.894291616086687835e-01 -8.456311075000964905e+00 1.369167772967236907e+00 5.754648716486469029e-01 1.093751072735229357e+01 -6.628699840352882511e+00
1.000000000000000000e+00 -1.518238328109831947e+00 -3.051647487246949897e+00 -2.263985217416585982e+00 -5.322640362571995354e+00 5.726154473272241363e-01 -5.547019330570085671e+00 6.864115872117139361e+00 8.560160276318111272e+00 -6.963355437990230712e+00 6.890298819503674288e+00
0.000000000000000000e+00 3.424756323340604869e+00 -6.378425839683306897e+00 -4.093473210478653534e+00 -4.341072089412802093e+00 -4.872222977798457144e-02 -8.517500538890663719e+00 2.320642711692380900e+00 1.288833834185526328e+00 1.140473129166290711e+01 -7.883705858577384262e+00
0.000000000000000000e+00 4.356741869598504735e+00 -7.418308588143061044e+00 -2.983720331526203751e+00 -4.813010326117616700e+00 -9.362659825072647823e-01 -7.820372437142213862e+00 7.272884343639992588e-01 2.810144774446550198e-01 8.755041701931785880e+00 -7.906595978936837632e+00
1.000000000000000000e+00 1.981896711151311941e-01 -8.770625333836096216e-01 -8.448889443606686367e-01 -6.508738468113691056e+00 -1.210951767417059344e+00 -6.770929141297493459e+00 6.009017206117651000e+00 8.426038381659632037e+00 -5.683783645123848594e+00 5.295631779707249187e+00
0.000000000000000000e+00 5.296335748186245418e+00 -4.629360458972140435e+00 -4.571406938504199324e+00 -5.479913056665880688e+00 8.934663492152772335e-04 -8.056548374014418812e+00 1.962788104713109050e+00 1.989094499832898988e+00 9.842616348346480137e+00 -5.854389831056373339e+00
1.000000000000000000e+00 -9.014470109767976913e-01 -2.600335025131920830e+00 -5.912011532035361672e-01 -4.770558804674110753e+00 6.597603940371378206e-01 -6.307671814394304910e+00 6.764757916469226195e+00 6.129290259498228366e+00 -7.292698916678648224e+00 6.293030142499314472e+00
0.000000000000000000e+00 4.324001256150737937e+00 -5.340301953257751144e+00 -4.140485036539355512e+00 -4.902654580974547649e+00 -1.052025648188400497e+00 -8.419597760475705073e+00 -3.680510826974114913e-02 -2.207861270854528657e-01 9.220112992973442445e+00 -5.420561211179435901e+00
0.000000000000000000e+00 4.879846825032226221e+00 -3.132861821711638850e+00 -3.982091839391681543e+00 -4.102587113403769692e+00 -1.153228349421749899e+00 -7.927169113148790025e+00 1.566649984536002682e-01 -6.885821002515493117e-01 1.239232423842902975e+01 -7.096528428212648620e+00
1.000000000000000000e+00 -6.190526694237572514e-01 -2.133732091664602315e+00 -2.706056555088710791e+00 -4.382722135873564184e+00 -4.879182936492109102e-01 -5.013397675432282874e+00 8.294220872702918967e+00 6.400247030241168922e+00 -6.757085746921887015e+00 5.430664916951386978e+00
0.000000000000000000e+00 3.529931821864574992e+00 -5.614530490677474894e+00 -2.725119068416716139e+00 -4.760347959279267904e+00 -1.277571052915987160e+00 -6.553306606041074289e+00 -3.749381169885868115e-01 1.455236273634947786e+00 1.132457454277153275e+01 -6.420435379940409248e+00
1.000000000000000000e+00 -3.001528632426236243e+00 -1.235011811945354587e+00 -3.089980778706613140e+00 -5.394577882794666657e+00 1.406953263094317563e+00 -6.276293766341972891e+00 7.549287275518814511e+00 5.299089655864889004e+00 -6.878056570969866890e+00 5.961294049671288953e+00
0.000000000000000000e+00 2.492016372353977438e+00 -5.131188442996069909e+00 -3.194121016519430700e+00 -5.149581037059109967e+00 -2.758148575068555264e+00 -7.317910812835256351e+00 -3.455278435096713618e-01 1.818212311888025789e+00 9.025840180061509344e+00 -4.915030324972358144e+00
0.000000000000000000e+00 3.213737215608424513e+00 -5.082953626649894474e+00 -4.705550082846385429e+00 -5.446306607913331987e+00 -1.771259351972358065e+00 -8.137503385502354192e+00 -4.943196305101427157e-02 1.243909735647860559e+00 7.600965207633550769e+00 -6.263813841100573931e+00
0.000000000000000000e+00 5.085968750758154577e+00 -6.739804367260688878e+00 -3.299579960431644476e+00 -4.584654773282326623e+00 1.844220702276682111e+00 -8.885277391395046465e+00 7.734190642186022924e-02 4.473534465564402707e-01 9.523272275230899808e+00 -7.517292147376439360e+00
1.000000000000000000e+00 -6.971479187489106888e-01 -6.583479302500665487e-01 -2.820510688232467533e+00 -6.096820364229748712e+00 7.554397491482814919e-01 -5.360778127877511956e+00 7.547175865712697274e+00 5.691196168193620508e+00 -4.801003332114994748e+00 5.714498884650601518e+00
1.000000000000000000e+00 -8.671506301679642315e-01 -2.637204371886696208e+00 -2.750535653895775923e+00 -5.127573343636042225e+00 -4.750291864645393991e-01 -4.929876140988599609e+00 7.654408292264810676e+00 6.858848902153122040e+00 -6.805026961967800325e+00 5.931522088934406689e+00
1.000000000000000000e+00 -2.620808170452057162e+00 -2.451330316995754988e+00 -1.017286717610859537e+00 -3.814605671603196413e+00 -1.318337798615815126e-01 -6.949710881146148544e+00 7.263772195829409917e+00 7.347753091796949576e+00 -5.823264562164594871e+00 4.984553233102084313e+00
1.000000000000000000e+00 -1.642853800520263308e+00 -2.694944352784676589e+00 -1.446803093364935844e+00 -3.995538797164892575e+00 8.007462344178074565e-01 -5.991193213352198121e+00 7.348857606036196977e+00 6.944565027849832539e+00 -4.089493426910702389e+00 5.693377179395958443e+00
1.000000000000000000e+00 -2.015336516289790048e+00 -1.844772203299137381e+00 -1.455671513671108475e+00 -5.171442950645498193e+00 5.392390656363236223e-01 -5.753366307491440068e+00 7.618767421778227522e+00 6.477565333697763883e+00 -6.579166874010992316e+00 6.258309551161356232e+00
1.000000000000000000e+00 -1.124397350324242373e+00 -1.897403107259752586e+00 -1.725813696879225922e+00 -5.217482514655751302e+00 -7.575287705579440978e-01 -4.968015380786690471e+00 7.998091831173868016e+00 5.899393570240794915e+00 -5.229920742954826451e+00 6.476409672997575306e+00
1.000000000000000000e+00 -1.465394711535373817e+00 -2.332372543504017237e+00 -4.164451726646030139e+00 -4.657021136274150486e+00 -2.090209310417544264e-02 -4.622762599861406585e+00 5.559844131143318435e+00 7.172838389571460915e+00 -4.574106824904689894e+00 4.198136072416229325e+00
0.000000000000000000e+00 3.967738573295025883e+00 -5.957272943608035831e+00 -5.570988350343638373e+00 -2.950895845159859476e+00 -1.084534371663050223e+00 -8.192784676950124023e+00 -2.695728902291512075e-01 3.664295528471565033e-01 1.043967839563078037e+01 -6.632394485101069215e+00
1.000000000000000000e+00 -6.832423562361569225e-01 -2.351044130277146316e+00 -2.196084118184227663e+00 -6.214909183187184993e+00 -7.867342459936559340e-01 -5.322636799889317594e+00 8.042242364706600810e+00 7.342317331372687939e+00 -4.915711659752578733e+00 7.082619819631204905e+00
1.000000000000000000e+00 -1.997641590727783800e+00 -4.700183027004249947e-01 -2.131709214948286135e+00 -4.858962325684595740e+00 -8.152501589155143336e-01 -4.687301898968115665e+00 7.023915154024331642e+00 6.971583499753804425e+00 -5.860381749644595573e+00 6.227626563569604201e+00
1.000000000000000000e+00 -9.273292962573723708e-01 -1.138800283182773709e+00 -1.824338527606495175e+00 -5.639836523176537497e+00 6.297745770316853786e-01 -6.162214360182605155e+00 5.807488430115463451e+00 6.839931959971274900e+00 -5.525620107552953186e+00 6.647359649163408157e+00
0.000000000000000000e+00 4.951770774064383929e+00 -7.650052297834060155e+00 -5.187157731132312932e+00 -4.245054351465726405e+00 -4.092429562207440252e-01 -7.515692285204047529e+00 1.195394648641242341e+00 7.883058078866189700e-02 9.205113220915455585e+00 -6.959526092284566978e+00
1.000000000000000000e+00 -1.538664110135617324e+00 -7.365699125536550040e-01 -2.952447779695637653e+00 -4.442947219838185191e+00 -6.371141087368785705e-01 -6.101394735317678730e+00 7.518409620000112703e+00 6.931347135635870238e+00 -5.451807670042891019e+00 5.103287647766554969e+00
1.000000000000000000e+00 -2.612938816472643033e-01 -5.108769174176914785e-01 -2.851910638834894485e+00 -4.983598135503287452e+00 2.063980051698973139e-01 -6.020110607412077819e+00 7.782087241463170102e+00 6.267687152655959437e+00 -6.165301823563181571e+00 7.453681542864135423e+00
0.000000000000000000e+00 5.599864351231947701e+00 -5.907769703183674892e+00 -3.800188128057571557e+00 -5.704682522833787850e+00 -1.068473449112649520e+00 -7.938971424976529079e+00 2.417041610415435748e-01 7.293780222809104208e-01 1.164772736440897205e+01 -7.415604882856245972e+00
0.000000000000000000e+00 3.790723656583797396e+00 -5.418088854390320286e+00 -4.792404529541389735e+00 -4.725173022895319264e+00 -1.111451893524622481e+00 -7.302045552408729989e+00 1.278171513829592820e+00 -6.065864020530291612e-01 1.071267497265100666e+01 -7.303733173517267474e+00
0.000000000000000000e+00 4.131816301850031792e+00 -5.762229013753352724e+00 -4.105959799645614083e+00 -3.752217668599725720e+00 2.660227480656314203e-01 -7.226740529795551815e+00 9.431010374560694354e-01 1.585328595312696542e+00 9.866462732223974186e+00 -7.430983690599656022e+00
0.000000000000000000e+00 4.464341637623931547e+00 -3.858021581472416361e+00 -5.002864745727801044e+00 -5.411619729282674207e+00 -8.796950806669509015e-01 -7.640208673748706047e+00 1.342615856808374586e-01 6.558258075437701784e-01 1.049929049266198078e+01 -5.740278511215199941e+00
1.000000000000000000e+00 -2.040196723376413779e+00 -2.913906662422518501e+00 -2.971413033071848897e+00 -5.308290483973120644e+00 -2.364281314404986512e-01 -6.642592462413722920e+00 6.491890512998199192e+00 4.997668208512401122e+00 -6.732747698939122394e+00 6.828160710257358268e+00
0.000000000000000000e+00 2.797181581137613726e+00 -5.513332592676253086e+00 -4.250400339137256012e+00 -4.880995101972989580e+00 7.485413497209068012e-01 -8.182099022384651477e+00 2.404777778460271076e+00 1.151184507453697936e+00 1.154577533426029134e+01 -7.073430979246949413e+00
0.000000000000000000e+00 2.675168303489519950e+00 -3.602287861565867555e+00 -3.872496285826972251e+00 -3.769629379193399465e+00 -1.449019394875127764e+00 -7.569744260442284656e+00 5.613560691321296536e-01 1.300203929653037660e-01 1.215288836393524363e+01 -7.271281948402592121e+00
0.000000000000000000e+00 3.152138848721499187e+00 -5.164259534114157724e+00 -2.588139923227519290e+00 -4.782399765826369276e+00 -1.533456658353249846e+00 -6.890055291248548208e+00 -6.074633253079739781e-01 1.377701757917475511e+00 8.450348320016313863e+00 -5.981688582755836592e+00
1.000000000000000000e+00 -3.986913531036758718e-01 -8.588821951922607223e-01 -1.374122671807803897e+00 -5.270843189209591273e+00 7.147393933234550412e-01 -5.479770748227359434e+00 6.607459225316444140e+00 7.187824046815339152e+00 -4.638331960144427057e+00 6.204760967758726764e+00
0.000000000000000000e+00 3.937061439436233545e+00 -5.237176930627963856e+00 -5.694885342749135937e+00 -7.476606899379183879e+00 -1.283690296392378638e+00 -8.261197940223015124e+00 7.886713499104905933e-01 1.820777614588339866e+00 1.014017755763148187e+01 -8.352092010622722995e+00
1.000000000000000000e+00 4.631365194517667039e-01 -1.027822532686520685e+00 -1.580510287652181267e+00 -4.855729530706312858e+00 1.051659431306697368e+00 -6.320793858095058226e+00 5.457546509548057756e+00 7.837502393444818694e+00 -6.982010802896565949e+00 5.460721799960824185e+00
1.000000000000000000e+00 -8.402758069610211100e-01 -2.841758182895921969e+00 -2.412137066378813532e+00 -5.502053357435734426e+00 -8.874567693457580120e-01 -6.425074819332271758e+00 7.156941320334326839e+00 7.187017742487039840e+00 -6.130485875433111964e+00 6.542693753375107946e+00
1.000000000000000000e+00 1.349214225599455474e-01 -1.766886491852079688e+00 -1.695562738039709139e+00 -4.785088183107488291e+00 -9.568284904149473302e-01 -5.476994473241140859e+00 8.035132714507412288e+00 7.182634766528038561e+00 -5.997284496901801987e+00 4.709584715729670634e+00
1.000000000000000000e+00 -1.182108823564957278e+00 -2.057101939827110648e+00 -3.047726580131732366e+00 -5.934802282659015660e+00 -3.673181839823871364e-01 -5.269866880275461796e+00 7.328174440842954773e+00 6.892402626364070528e+00 -6.842397299054389315e+00 6.219978396402410681e+00
1.000000000000000000e+00 -1.209035791525056247e+00 -1.745109600597149369e+00 -2.136331716962537097e+00 -6.011511963717945051e+00 -1.313976178331123901e+00 -4.509449285755048997e+00 5.929007382469666965e+00 6.633098527100842468e+00 -6.060645913680050789e+00 6.633469592009563875e+00
0.000000000000000000e+00 3.290602660652528044e+00 -6.232352367134706306e+00 -4.852438272328884139e+00 -5.054994915086440166e+00 -1.730571184284528385e+00 -6.997478088600724178e+00 9.975556264945089069e-01 3.718581499016857528e-01 1.000194784274426496e+01 -8.154810619367493629e+00
1.000000000000000000e+00 -1.745191737716647484e+00 -3.268267746355935088e-01 -2.405251328275436862e+00 -5.010872943536546664e+00 4.669911509981263809e-01 -5.124132195242122378e+00 7.448428579044812814e+00 6.843381978463882298e+00 -5.425979080441847735e+00 7.587919185071594796e+00
0.000000000000000000e+00 4.175682518724947556e+00 -6.089832866472166373e+00 -3.420576059354362375e+00 -5.679998442512517620e+00 4.378681149719101384e-01 -6.547031925975201005e+00 9.220021810151375341e-01 7.274947859133298333e-01 9.348018603997095610e+00 -7.610378451425022561e+00
1.000000000000000000e+00 -5.185118746146823998e-01 -2.013330480450874038e+00 -3.191481680214113936e+00 -4.898021403944518681e+00 -1.051625110743480640e+00 -6.380863218447749396e+00 8.149674673603721331e+00 6.531758572408181251e+00 -6.775043286426392974e+00 6.636160812056411729e+00
1.000000000000000000e+00 -2.140210185221564032e+00 -1.399130927305538341e+00 -2.495136934452869770e+00 -3.414674919956815380e+00 -1.062758146437980500e+00 -3.963142596177637866e+00 7.558031022949995403e+00 7.565208270580931149e+00 -7.985295089445003214e+00 5.788709788613074281e+00
0.000000000000000000e+00 3.897855688768745885e+00 -5.653457308427354278e+00 -3.013566783668426119e+00 -5.332005830207052099e+00 1.041110296985110040e+00 -7.690125425270363024e+00 -3.533668542473578089e-02 -6.852576121516802399e-01 1.061631917400544367e+01 -7.143488725883402779e+00
0.000000000000000000e+00 5.100084670518532093e+00 -6.920599350135292482e+00 -4.568133274352992323e+00 -2.305665939111130935e+00 6.402069393346401238e-01 -7.827855571689181780e+00 1.217096558745735191e+00 8.926713571959671301e-01 9.081157989844843570e+00 -6.679880573017431544e+00
1.000000000000000000e+00 -9.164165637455202740e-01 -1.294637625944679016e-01 -2.276200532741527116e+00 -4.998148235552682728e+00 9.974823411726607691e-01 -5.618214368560653149e+00 6.626855880521185682e+00 8.463823846836083575e+00 -7.928131432584317295e+00 6.587364560409250558e+00
0.000000000000000000e+00 3.413238736573367405e+00 -4.344180680848573672e+00 -4.444676187143599577e+00 -3.884203201046196874e+00 -2.107938554379587881e+00 -8.893036145059530995e+00 2.648188351355474923e-01 1.355568447607169880e+00 1.047179335740164241e+01 -6.368629276269160755e+00
1.000000000000000000e+00 -8.707088765223933713e-01 -2.103463686848285441e+00 -2.431252495435515915e+00 -4.947235513862797696e+00 2.041306657328387786e-01 -6.142513254693467317e+00 7.298554011333559188e+00 6.311182064491788424e+00 -6.937870853995939946e+00 4.665036527376878794e+00
0.000000000000000000e+00 2.969134999477027748e+00 -6.005942223966730609e+00 -4.411459301903049024e+00 -4.983205179174097665e+00 -2.466476541525056909e+00 -8.211759459667884897e+00 1.775542383702287896e+00 2.262257438503269213e+00 9.725433823895578200e+00 -6.859908682966237237e+00
0.000000000000000000e+00 4.608258234649460938e+00 -6.134525715558030612e+00 -1.990036320726229491e+00 -5.238935271607226163e+00 -1.241401952449490809e+00 -9.026640462654404118e+00 4.924956643133637790e-02 1.257319287380583628e+00 1.061357751738950839e+01 -5.611741254969701664e+00
0.000000000000000000e+00 3.887745765166894962e+00 -5.236942252007167120e+00 -3.847420066568892238e+00 -4.866265337454855455e+00 1.114145468809544459e+00 -8.694506198196700453e+00 -4.011760510283106651e-01 -6.875537684520272030e-02 1.001271755793198182e+01 -8.321851258512360516e+00
0.000000000000000000e+00 3.586994589855960758e+00 -6.174407048529438669e+00 -4.636265726862025538e+00 -5.129682652148240152e+00 -5.653582139504018667e-01 -9.826979059265386951e+00 1.105429368821574165e+00 7.354809760577571964e-01 1.088600930378220077e+01 -7.044444306885784712e+00
0.000000000000000000e+00 5.319754831667213857e+00 -5.106472078922940305e+00 -5.024728922919697638e+00 -5.285224285543672629e+00 1.245958027496843146e+00 -8.313720628059554585e+00 -1.203049245067865369e-01 1.270625853237346004e+00 8.981691018049312802e+00 -7.139379231995215846e+00
0.000000000000000000e+00 3.936259289860351895e+00 -6.223264109570606273e+00 -4.235504982941361796e+00 -6.871350946732912135e+00 8.420444352954625788e-02 -7.433793156475320352e+00 -1.963991815327974511e-01 1.760172160352731163e+00 9.297527650925729858e+00 -7.165677520621953178e+00
1.000000000000000000e+00 -2.191076037033992563e+00 -2.117206492689583719e+00 -9.940460715535746061e-01 -5.118896750700329790e+00 -8.531466278655679414e-01 -6.776073130201962336e+00 7.369208373864916339e+00 6.470687249848715794e+00 -6.345433072424515153e+00 8.619759301402385887e+00
0.000000000000000000e+00 5.859725665483836110e+00 -5.693534584651655628e+00 -5.186674778945050690e+00 -3.805141250373408557e+00 -3.136688670314713434e-01 -7.033275788154984554e+00 2.450635114836158035e+00 9.559585177987171001e-01 1.031151774553547007e+01 -5.685727351527019025e+00
1.000000000000000000e+00 3.982089335623582027e-01 -1.230318057902882956e+00 -3.453723372663386471e+00 -5.728886473413650648e+00 -1.546085563567646259e+00 -5.855164712611021116e+00 7.004323709829800571e+00 7.622531188604239283e+00 -4.338983753599338300e+00 5.867195268076127235e+00
1.000000000000000000e+00 2.117132896364271044e-01 -2.521999455588530559e+00 -2.418674285622359754e+00 -4.353400388297800738e+00 3.697293988041350232e-02 -4.250570038565538056e+00 6.241498713940673682e+00 5.104707608097650784e+00 -5.319032316903054891e+00 6.926188587327688495e+00
0.000000000000000000e+00 3.271680503323056488e+00 -5.860484260186401784e+00 -4.819584716954692816e+00 -4.676216286562532964e+00 2.494708272729393439e-01 -9.010772718345400278e+00 1.546591950718039676e+00 3.997891542968750600e-01 9.017413910859156445e+00 -6.260533486298534456e+00
0.000000000000000000e+00 2.089092406902559151e+00 -6.512534878576857089e+00 -4.884508988948955022e+00 -5.056637793098451183e+00 -9.432665313347484703e-01 -7.937487406534853740e+00 4.781970559132581178e-01 -2.751166414769521396e-01 1.044270589842736285e+01 -5.903083596106558417e+00
0.000000000000000000e+00 3.981050064100621455e+00 -4.668717987705711003e+00 -3.627029168574795293e+00 -6.150760409306021970e+00 -6.646572580293242938e-01 -8.005661904214957048e+00 2.169532079031604610e+00 9.015267275692431248e-01 1.038994417904984502e+01 -7.066948403339670115e+00
0.000000000000000000e+00 2.743051408446210537e+00 -5.457090445056267392e+00 -3.179282661100356400e+00 -4.401077392481586692e+00 -7.647421691776408181e-01 -6.330064958471504966e+00 8.947218149466198422e-01 -2.684260580380652961e-01 1.168025991360932281e+01 -8.731553890465361789e+00
1.000000000000000000e+00 -1.942638989750452350e+00 -7.279641598724646556e-01 -3.115235966267313472e+00 -4.721985404175914169e+00 -3.361452477907790337e-01 -5.228121674854913969e+00 8.103417285685065252e+00 7.281652912247587928e+00 -6.378048614519230775e+00 5.245600626441455638e+00
1.000000000000000000e+00 -1.159627984047876037e+00 -2.016640685938131838e+00 -2.392315837980508952e+00 -4.806156764267555559e+00 -7.873866464588783476e-01 -6.822386422715426946e+00 6.149187154170388858e+00 6.859928168855881303e+00 -6.587069955634116347e+00 6.043233327343313199e+00
0.000000000000000000e+00 4.816059794145263417e+00 -5.521316674474929798e+00 -4.399175638753113127e+00 -4.638027886748506745e+00 -2.167658977024039757e+00 -7.369305871166665689e+00 9.549151529012762651e-01 4.670291122349606860e-01 1.171339756320895553e+01 -6.338335168831251920e+00
1.000000000000000000e+00 -5.268621020866606219e-01 -1.647952322480151333e+00 -3.119854068312049478e+00 -4.224575591372804695e+00 2.590099447100068231e-01 -4.563289158015320979e+00 6.429426828116106662e+00 6.681656467978092984e+00 -6.876601797640058855e+00 6.365746035189377316e+00
0.000000000000000000e+00 3.809820734449263391e+00 -4.718755214833134204e+00 -5.156006494507796134e+00 -7.004115065784865202e+00 -1.771460618903119455e+00 -8.095590168954593935e+00 6.314549228282066995e-01 1.084362302982763371e+00 7.998735294756124325e+00 -9.824492241793228331e+00
1.000000000000000000e+00 -1.806990989719718499e+00 -1.319692620460201971e+00 -3.017066768104408769e+00 -4.039663182607878156e+00 2.437382266241377438e-01 -5.382238210465106754e+00 6.730694481802216522e+00 5.894657212889643283e+00 -5.569134249965942196e+00 5.715110868335827377e+00
1.000000000000000000e+00 -2.317191361053628107e+00 -1.301054641955637470e+00 -3.394579536693050237e+00 -3.751345488281840446e+00 -8.388762240808469439e-01 -6.111579786548501758e+00 8.208982419464064151e+00 6.280599478644406375e+00 -6.795984201284635873e+00 6.492040275329590493e+00
1.000000000000000000e+00 -1.619691974472570184e-01 4.213043991700839985e-01 -2.516461678265339952e+00 -4.431488651659637235e+00 4.330537337996858138e-01 -5.323026276103608900e+00 6.122653446206817840e+00 6.396682115452182238e+00 -6.792560253255798486e+00 5.853079228106319754e+00
0.000000000000000000e+00 3.551894803493493402e+00 -5.880808127598245783e+00 -3.535069914392861889e+00 -6.927368869928864470e+00 -9.227258926301075137e-01 -9.161143757539969457e+00 1.058962544851555609e+00 -2.184479581665820236e-01 9.529589724229573733e+00 -6.469098041195361581e+00
0.000000000000000000e+00 3.792850496726117626e+00 -6.922162692993060418e+00 -4.389420900548191895e+00 -4.280482666579274564e+00 -2.499819130339229645e+00 -6.930596953177633246e+00 1.705784108193352022e+00 1.442551847233049855e+00 9.901735610460290715e+00 -7.189920046635602802e+00
1.000000000000000000e+00 -6.830525787760466372e-02 -1.694977901826351996e+00 -2.139611254973665666e+00 -4.737541655673843444e+00 1.191607126659502081e+00 -7.195072191081321122e+00 7.907767784430784985e+00 7.740727556964146494e+00 -6.452317293129536502e+00 6.127298806126591835e+00
0.000000000000000000e+00 4.222288306411098091e+00 -5.280451216974331174e+00 -3.089953857795432413e+00 -4.569976443891720308e+00 -1.210346400382760201e-01 -8.123389768275041334e+00 1.232726530600096515e+00 3.612669672906299589e-01 9.728232271590506741e+00 -7.316799732505961273e+00
1.000000000000000000e+00 -3.100452969101100464e+00 -1.895194000415316493e+00 -1.972316641469759491e+00 -5.601527364674586451e+00 7.119422370491447216e-01 -6.533799534238847961e+00 6.592288972612804443e+00 6.480141419112428913e+00 -7.633010327970134234e+00 7.101055280415306648e+00
1.000000000000000000e+00 -3.028718783416595173e-04 -5.557838413909338415e-01 -1.585771038767944008e+00 -2.810431825137041706e+00 9.666721550244765648e-01 -5.131839986885973204e+00 5.762237443253746427e+00 7.435443427932654004e+00 -7.126919647332153218e+00 6.099885170105933341e+00
0.000000000000000000e+00 4.123399339732320534e+00 -5.176037600790714066e+00 -4.422058051121302569e+00 -3.645282875656591592e+00 -7.696021150312033487e-01 -6.503000816977362319e+00 1.302846254027155481e+00 2.671709832537810247e-01 1.093786295680203047e+01 -6.471220921954430771e+00
0.000000000000000000e+00 2.920196723650025028e+00 -5.330972433083725370e+00 -3.699652295773122379e+00 -5.175045743042285373e+00 -1.332284081363171779e+00 -8.962537641353534923e+00 1.812884896249316258e+00 1.597562559332202259e+00 8.952444284667944174e+00 -6.520825485356847473e+00
0.000000000000000000e+00 4.530457533734300490e+00 -6.229154056665982431e+00 -4.242848091226542273e+00 -5.325367711878131516e+00 -8.925666567331793644e-01 -8.197339301930904654e+00 1.796966512645459257e+00 2.473434281148312319e-01 1.040538878323037864e+01 -6.489465425927224196e+00
1.000000000000000000e+00 -1.185654749789189388e+00 -1.105445034282498407e+00 -1.298025559322810052e+00 -5.392580676487577662e+00 -9.560141501054328361e-02 -6.758552679397788587e+00 6.708974065725153757e+00 9.029292038883845350e+00 -5.195432016064364333e+00 5.419298487116319230e+00
0.000000000000000000e+00 5.655438498212898679e+00 -6.297244384252642213e+00 -4.178940220690441798e+00 -2.789628576308197161e+00 -8.720252864019923944e-01 -7.639107330932813689e+00 1.857427405009266286e+00 3.690845320968334509e-01 1.003740300938506991e+01 -7.090363610695010088e+00
1.000000000000000000e+00 -9.147747083654131917e-01 -4.590861180901455452e-01 6.394909317116681535e-02 -5.831383526121134864e+00 -1.251222068915816554e-01 -5.965188590190528828e+00 7.827878927618617588e+00 6.612671775631497439e+00 -6.177534334932717641e+00 5.686578985662899655e+00
1.000000000000000000e+00 -1.284099995172548025e+00 -1.177390885077754135e+00 -3.896707774391399592e+00 -4.152080522462352263e+00 2.414670832061973083e-01 -5.314177153841352030e+00 6.972033143653348475e+00 7.612009974121023426e+00 -5.525209014757956894e+00 7.179370226286480694e+00
0.000000000000000000e+00 3.073980682879764892e+00 -3.550906199136863783e+00 -5.097896027723122003e+00 -3.904580214064742538e+00 -6.155725585452926918e-01 -7.732362736699554873e+00 7.469484472130109021e-01 9.361191320696349294e-01 8.799896643051868139e+00 -7.751282854591836191e+00
1.000000000000000000e+00 -1.245180243124891506e-01 -3.071852509577952084e+00 -2.410895222677949423e+00 -6.195286820272527528e+00 -2.797083464161210786e-01 -7.186438335331465588e+00 8.090261122083909129e+00 6.973058019778082262e+00 -5.376076535383023547e+00 6.372492924912331880e+00
