1.000000000000000000e+00 -7.850374087360904696e+00 7.507417733115276270e+00 8.712979474398508728e+00 8.099568493710199490e+00 4.438440517141222230e+00 -6.290402883935841238e+00 -4.566924887115690446e+00 -2.853881353868863879e+00 -6.739741935280475715e+00 6.406234280010573379e+00
0.000000000000000000e+00 -4.348072360220709420e+00 -1.819409924043689397e+00 3.411347796546659872e-01 -5.185520219144597043e+00 -3.691211342091923697e+00 2.718367020614334884e+00 -3.526583906173037075e+00 -8.892470652838017742e+00 4.043000234304950702e+00 -6.354744237919861760e+00
1.000000000000000000e+00 -1.036539006948951958e+01 6.072029145832832597e+00 1.004383663034434804e+01 8.470363484314665570e+00 3.315478983991437811e+00 -5.538872332835911294e+00 -3.863599036346227589e+00 -2.457220070617499363e+00 -5.035925053652117178e+00 5.010973953766177935e+00
1.000000000000000000e+00 -8.410824320777823715e+00 6.449820733445069898e+00 8.630125984495682800e+00 9.647461420422914102e+00 2.021484825047315415e+00 -6.497077832415224741e+00 -4.315513472051926591e+00 -2.313128805763540186e+00 -5.399161752001255365e+00 4.367401387477108266e+00
1.000000000000000000e+00 -9.447864507367011555e+00 7.273110435502007753e+00 8.986437763030421522e+00 8.774617283682671243e+00 5.544937892197737028e+00 -6.414602293928679089e+00 -1.994739141728463450e+00 -1.845318963721052752e+00 -6.268377756433605619e+00 4.184739503496201607e+00
0.000000000000000000e+00 -5.565310624216430746e+00 -5.942167426112416884e-01 -1.041976795288912516e+00 -6.033449750947691648e+00 -3.858382061102838101e+00 3.079609967639210577e+00 -4.138002741776091398e+00 -8.208282459002495202e+00 4.344687602270316695e+00 -5.650165547298497515e+00
1.000000000000000000e+00 -9.719738056143972571e+00 8.223062585966266269e+00 9.651759890100624517e+00 8.662138153913669925e+00 1.725456829011932092e+00 -8.413983282064840807e+00 -4.412716467003561682e+00 -1.288904673167997839e+00 -5.117094037423937536e+00 4.637891918852311335e+00
0.000000000000000000e+00 -4.996079160721079049e+00 -1.924012941188711023e+00 -1.948329071525660705e+00 -5.083157169068939218e+00 -4.564814710894321337e+00 2.865022456740273782e+00 -3.213528427987615288e+00 -9.280754967433285429e+00 3.894752362427527981e+00 -6.417206168228382523e+00
1.000000000000000000e+00 -9.210699798619703671e+00 7.890498477166463687e+00 7.399250265754805156e+00 9.220001870338270678e+00 4.709722941543136088e+00 -6.356693459655178735e+00 -3.494974704645648966e+00 -2.765831216113118884e+00 -6.145347303188281707e+00 3.494351035092593261e+00
0.000000000000000000e+00 -7.214744420707404515e+00 -2.272978333706111354e+00 -2.026783984383745185e+00 -6.226756754151978157e+00 -2.992016381642398581e+00 3.134964514780926859e+00 -3.745263551109937250e+00 -8.572915020884646964e+00 3.330057270406418191e+00 -6.355376187624877105e+00
1.000000000000000000e+00 -8.619964894308484560e+00 6.716577540703176474e+00 7.670226867243126634e+00 9.361036989057016200e+00 1.855810030177069470e+00 -7.555556097893554757e+00 -4.694175343763676622e+00 -2.616964198183859835e+00 -4.668225172386217814e+00 5.224235081388322044e+00
1.000000000000000000e+00 -9.807549985220935795e+00 8.031171951926301844e+00 7.502433764783512871e+00 8.450493642054569321e+00 3.403787907425841919e+00 -7.419998371868403275e+00 -4.298161843782985159e+00 -3.311411873617237767e+00 -6.732131453092353723e+00 6.231004657976015437e+00
1.000000000000000000e+00 -9.429101325976931847e+00 7.649230512650021296e+00 9.116758157001152441e+00 8.502477338734749424e+00 3.933362890371048692e+00 -6.872726198667888475e+00 -3.843310479740158936e+00 -1.724542136440602391e+00 -5.545355127493881930e+00 4.872355746048381953e+00
0.000000000000000000e+00 -3.648711975468328816e+00 -1.219553867596012697e-01 -1.886150150219398025e+00 -4.778260080932549947e+00 -4.150190688526940619e+00 1.763820192755995553e+00 -4.589552786124352579e+00 -7.725511779841790272e+00 3.104510386782699971e+00 -6.018225485553781340e+00
1.000000000000000000e+00 -9.040082185729598763e+00 9.013372498545065170e+00 9.775472152152477889e+00 7.621769339527496356e+00 1.856245902392811731e+00 -8.035975613793787886e+00 -3.458542522876648651e+00 -1.642883198901703867e+00 -5.173248579725072460e+00 5.289614387119598859e+00
1.000000000000000000e+00 -1.005347175934133297e+01 8.721508710871374248e+00 8.704100582126610419e+00 9.097147123811947012e+00 3.172020234063109179e+00 -6.092082824705356003e+00 -3.215428769933756037e+00 -1.538916074760407815e+00 -5.646180265609438642e+00 5.400668281254064063e+00
1.000000000000000000e+00 -9.754612358474423317e+00 7.695861972495439574e+00 8.588617710813460704e+00 9.722881752540153855e+00 2.985112285614410332e+00 -5.954256142695920850e+00 -4.676041686326297686e+00 -1.230252128649367060e+00 -4.783714901387028817e+00 5.150720522980201110e+00
1.000000000000000000e+00 -9.492581181398650259e+00 9.047875799125749907e+00 8.673100837349458914e+00 8.666476257586927190e+00 3.576592025467078884e+00 -7.610942770040162841e+00 -3.537116803445367719e+00 -2.892860681180265736e+00 -5.520746046102814830e+00 6.260855274207511201e+00
0.000000000000000000e+00 -5.743156677776475760e+00 -1.292339971310073610e+00 -2.070475615064681474e+00 -5.790125190437565017e+00 -4.159658896290316044e+00 1.560745671608740226e+00 -4.237955385374894135e+00 -7.381385094677906267e+00 4.220606870149068435e+00 -5.809780072433294862e+00
0.000000000000000000e+00 -5.425760850387971956e+00 -1.872475585352427974e+00 -1.014313545671117200e+00 -4.253237879328501059e+00 -4.168290994206339306e+00 3.436903401439187267e+00 -3.400178883618734993e+00 -7.087702713255579212e+00 4.773184339592853043e+00 -6.380073671682416681e+00
0.000000000000000000e+00 -4.679125995644308311e+00 -2.231882926279424417e+00 -6.211931684657383546e-01 -6.841265204831885605e+00 -5.363451595665090998e+00 2.832582349557823509e+00 -2.093909621902581453e+00 -8.860874409381876760e+00 6.318120600617328719e+00 -5.680072018863694616e+00
1.000000000000000000e+00 -8.808862523517783316e+00 8.627256757936901721e+00 8.591605474939013831e+00 8.691583064774356160e+00 1.879290064631703228e+00 -6.825775416718444788e+00 -3.074697772928140616e+00 -5.002390956995579785e+00 -6.093951721903366092e+00 5.621570926482189812e+00
0.000000000000000000e+00 -4.333851768661147297e+00 -2.538207751914703714e+00 -2.055828055109079511e+00 -6.266056315638539154e+00 -3.646561930779077088e+00 2.546585139026138034e+00 -4.527625234899092632e+00 -7.730102598861655849e+00 3.840050747584865309e+00 -3.637395171821208972e+00
1.000000000000000000e+00 -1.050493516963646634e+01 6.766596020652310806e+00 8.024381201885162795e+00 9.996569791442217578e+00 1.585153367492434739e+00 -7.408021744078062909e+00 -3.906615111272125684e+00 -1.994881182808047271e+00 -5.015434295047464630e+00 4.424604838641011284e+00
0.000000000000000000e+00 -5.450570848141426339e+00 -2.106245043732303479e+00 -2.301666254455350114e-01 -5.948386052417805381e+00 -2.370350870197414750e+00 2.567328235746826337e+00 -2.137068206166912621e+00 -9.421199550764933761e+00 4.409882184771588776e+00 -5.168962255128865202e+00
0.000000000000000000e+00 -6.076086115660885412e+00 -2.720083287912135273e+00 -1.029043857640525639e+00 -5.387196707763565406e+00 -4.364399494817823744e+00 2.687236658058794525e+00 -4.511483912973207389e+00 -7.688518518039398231e+00 3.729113664443418408e+00 -5.361186872145725424e+00
0.000000000000000000e+00 -6.622645037847862071e+00 7.729856428634107601e-02 -1.638249710356238786e+00 -6.478216088425508445e+00 -5.629892317414730840e+00 3.625141580611568770e+00 -4.966417857298319305e+00 -7.901471130331175097e+00 4.844071362836975148e+00 -7.170302614094463678e+00
1.000000000000000000e+00 -1.013924920012354036e+01 8.008482829548819737e+00 6.781643514222738922e+00 1.051912965450867787e+01 2.503616491614855555e+00 -8.065824261466374878e+00 -3.510350018449822418e+00 -2.861134920092976319e+00 -4.511693403412988523e+00 5.923061348573130935e+00
1.000000000000000000e+00 -9.617480586008227306e+00 7.380761591521837417e+00 9.604093168906061351e+00 8.686503058441065406e+00 3.724114099786452581e+00 -7.284025073447348397e+00 -4.174255759120836906e+00 -2.271336735446099819e+00 -4.978213203184525426e+00 5.157886861150291047e+00
1.000000000000000000e+00 -1.001513852677907757e+01 7.236320498530345091e+00 8.345026389928113630e+00 8.845485659752975849e+00 4.134852431943704332e+00 -7.214107574792960165e+00 -3.459860820736462284e+00 -2.638580307637815370e+00 -4.956523535486369703e+00 5.876598380160635848e+00
1.000000000000000000e+00 -9.629188105503574846e+00 7.150652668189612982e+00 8.958164972285535654e+00 7.707613054418372300e+00 3.407224051208210813e+00 -5.863120804948520615e+00 -3.371608698161791651e+00 -2.005053300826591389e+00 -6.642558093983907952e+00 3.269490364147262795e+00
1.000000000000000000e+00 -9.385926825158739106e+00 8.034152280962628012e+00 8.921291550932668457e+00 8.603507549255157372e+00 2.219084769509345190e+00 -6.689664493335721218e+00 -3.327857416765889642e+00 -1.268619905806798620e+00 -4.889618136340441623e+00 5.911103953258167287e+00
0.000000000000000000e+00 -7.099052150135217509e+00 -9.088468699063989575e-02 -1.988246452952818766e+00 -6.123106985634668931e+00 -4.456689038060619446e+00 1.697245201505716894e+00 -4.704020435398276412e+00 -9.282583494664343959e+00 4.363048189116722320e+00 -4.698186189992328288e+00
0.000000000000000000e+00 -5.473807674461698802e+00 8.242952118290505226e-01 -2.423337312980251568e-01 -5.851040976622574163e+00 -3.128414772469457095e+00 2.947026426307600921e+00 -2.324938928152421980e+00 -8.184737199493840265e+00 5.519627971971059921e+00 -5.882910366456834517e+00
0.000000000000000000e+00 -7.024284519714467656e+00 -6.018822217718817758e-01 -2.141280918349589335e+00 -6.256639189584388028e+00 -3.281439875089282587e+00 3.578581806930283715e+00 -4.446863020820805090e+00 -9.997968271843900467e+00 5.350485779971783096e+00 -7.279545543731969381e+00
0.000000000000000000e+00 -4.356704979236174502e+00 -2.093662328085216906e+00 -1.758103760927488990e+00 -5.018889295878438794e+00 -4.326570681787702988e+00 2.539653517998078147e+00 -3.468902200191170238e+00 -8.863571394247921731e+00 3.870686488207137899e+00 -5.662549978899940939e+00
1.000000000000000000e+00 -9.179434410257274024e+00 8.739639501955576151e+00 8.038807449155006779e+00 9.443108376903973422e+00 2.286644290345923203e+00 -5.693717715885926900e+00 -4.362489832183530147e+00 -2.095235101884173723e+00 -6.417955772170152784e+00 5.675268976836483681e+00
1.000000000000000000e+00 -9.960786456448335713e+00 7.647860073268092584e+00 8.159015446519024550e+00 7.448234031431361757e+00 2.524917270466532582e+00 -6.867169026867621540e+00 -2.727259653562819963e+00 -2.775794531298593881e+00 -6.117924710890570772e+00 5.212208699356436270e+00
0.000000000000000000e+00 -4.085155079947862866e+00 -1.452782946557396482e+00 -2.189691876897330136e+00 -5.096905372548129698e+00 -4.185912054466617072e+00 2.586451929664609128e+00 -4.888820671678619334e+00 -7.978432673935699881e+00 5.689229082179332764e+00 -6.110979069311929024e+00
0.000000000000000000e+00 -5.592050805298359961e+00 -1.480890489122111298e+00 -1.557235309446737270e+00 -4.082709796284697212e+00 -4.950517936302536448e+00 3.206453131634754428e+00 -2.410546987328412438e+00 -9.681120395427596392e+00 4.110851160429827011e+00 -6.162605773610156490e+00
0.000000000000000000e+00 -4.668798321118886818e+00 -1.322124596234465210e+00 -1.997754661220337624e+00 -4.876691090665141282e+00 -4.747839771618528992e+00 3.906954601815316508e+00 -4.042868594051799214e+00 -9.571542126325402577e+00 3.841331574611140276e+00 -6.617914009401444808e+00
1.000000000000000000e+00 -8.514343360449556641e+00 7.662166543895278181e+00 8.870289081428136768e+00 8.151152183855071343e+00 2.204035279332694053e+00 -7.491632806816228118e+00 -3.883921679535891069e+00 -2.610107223220391237e+00 -5.815820939911660048e+00 3.024014084652962175e+00
0.000000000000000000e+00 -4.722889972375800660e+00 -2.134886968375086624e+00 -3.184954350902225784e+00 -3.349772619541489416e+00 -4.736107227887655036e+00 2.687679275158221248e+00 -4.479351846810888382e+00 -8.757309473047929060e+00 3.344676895305059183e+00 -4.992083259377712245e+00
1.000000000000000000e+00 -1.000587586807948348e+01 1.049375511313179032e+01 9.364060706717349802e+00 7.899201315303620241e+00 4.250165541672240366e+00 -5.655020621931022617e+00 -3.991268528949953431e+00 -4.374397380080186082e+00 -5.796628677655008666e+00 5.937649460305792992e+00
0.000000000000000000e+00 -6.506776570151798111e+00 -2.400437617287142444e+00 -2.092238777197029442e+00 -5.143283562357796157e+00 -4.163063808946997568e+00 2.390683696809944969e+00 -4.904466412981415502e+00 -8.946349460466679560e+00 3.968835486401368406e+00 -6.289098989953105345e+00
0.000000000000000000e+00 -5.500287781498000683e+00 -6.305359913285615292e-01 -1.339725032007631711e+00 -6.202211888659933336e+00 -2.748234785610076170e+00 1.729938320370172589e+00 -2.397123762119402812e+00 -8.405841013796615968e+00 4.816807346946070822e+00 -5.980655197310571047e+00
1.000000000000000000e+00 -9.368958995731784256e+00 7.492895585111060797e+00 9.669811671353530258e+00 7.465441917458831789e+00 2.959828574802160883e+00 -8.611409331994586580e+00 -3.180277681999410078e+00 -3.006676598018126256e+00 -4.927886775444433098e+00 5.055953016050029447e+00
0.000000000000000000e+00 -5.626647263678263400e+00 3.340233527621894183e-01 -7.106656694467792246e-01 -5.527999708563837267e+00 -4.899790425071071098e+00 3.075631639304428511e+00 -1.792631135192060965e+00 -9.325208218025066387e+00 5.077608349124035136e+00 -4.891559439024144140e+00
1.000000000000000000e+00 -8.659099114753542992e+00 8.470154645356656076e+00 8.585162901267404223e+00 7.115783976218547302e+00 4.423291613034416869e+00 -7.023266212409508213e+00 -3.409077218669595677e+00 -1.077445476701947680e+00 -7.326824506099635315e+00 6.585674943809374682e+00
1.000000000000000000e+00 -9.671727891122007037e+00 9.284499196758259743e+00 7.527652857951526499e+00 9.540594042399710872e+00 1.239308199421683243e+00 -5.847910886847784262e+00 -3.683616318557187519e+00 -2.326798725901344955e+00 -5.825710953311768137e+00 5.206525850758568552e+00
0.000000000000000000e+00 -5.930215373945734392e+00 -1.691042093681405456e+00 -2.265424374353365522e+00 -6.208691292654524574e+00 -4.035220124362035143e+00 4.078862819953169350e+00 -2.322952876209328554e+00 -7.736754280846405152e+00 4.003122452940128362e+00 -6.223871323414869039e+00
1.000000000000000000e+00 -9.673351723814432646e+00 8.569579155423438621e+00 8.884010855785206218e+00 7.556389877465733207e+00 2.603394569142342352e+00 -6.827080045659498886e+00 -4.122730006412651527e+00 -2.784749719641144594e+00 -5.723035345895234549e+00 6.616873711819478920e+00
1.000000000000000000e+00 -7.861041805599535692e+00 9.075364228251830312e+00 9.914414668783853912e+00 9.510645491491445114e+00 3.819257173945993067e+00 -6.972827140402775292e+00 -3.861429643788864219e+00 -1.479732612512425716e+00 -6.141021120886106743e+00 4.262661241948595858e+00
0.000000000000000000e+00 -5.421852397127945089e+00 -1.239013955062760353e+00 -1.680064222236609339e+00 -5.319079546767679467e+00 -3.844934098217877683e+00 2.974862934670224668e+00 -3.181533267114748043e+00 -9.058890171355212573e+00 5.187011299682683152e+00 -5.709622963025059228e+00
1.000000000000000000e+00 -9.774666305742783834e+00 9.716762490656298823e+00 1.003038918825601122e+01 9.108241124902839658e+00 2.492579895425297565e+00 -7.006427225601499664e+00 -2.861658772692811326e+00 -2.605084252670879064e+00 -5.675226247400218860e+00 5.292250531603608366e+00
1.000000000000000000e+00 -8.665592716552771080e+00 6.734886636426012707e+00 8.764950156715295648e+00 9.182966229090135712e+00 3.194948766238971061e+00 -6.268461896643399811e+00 -2.639320696656358045e+00 -2.655340965883128401e+00 -4.471667585975871440e+00 7.374636621365515232e+00
0.000000000000000000e+00 -4.573922137600090920e+00 -1.431399290710521965e+00 -2.381732013568743866e+00 -6.456596373654692300e+00 -3.244173661827669974e+00 2.594845389568449345e+00 -2.698488306072669651e+00 -8.207253816858642637e+00 3.971853635013457229e+00 -5.790058760909274405e+00
0.000000000000000000e+00 -3.769906282689949428e+00 -2.192554933393562333e-01 -1.368770224564039628e+00 -4.368709564324719352e+00 -4.814985490093470766e+00 4.201276312089144760e+00 -3.195034179588724932e+00 -8.780128045811943949e+00 4.284694928136780767e+00 -5.840737541924314158e+00
1.000000000000000000e+00 -9.825296181357346725e+00 8.271582677684847340e+00 7.910754237445932091e+00 8.124254216330074385e+00 4.315703021730592504e+00 -6.068671488227202815e+00 -4.393506383863080345e+00 -2.191325404452307168e+00 -5.424607692168922135e+00 5.401930787307328785e+00
0.000000000000000000e+00 -3.975250297582710424e+00 -2.407505539440023767e+00 -1.753091691467484781e+00 -5.348226655705667021e+00 -2.575160307674543958e+00 2.322482917099580213e+00 -3.922086196406076475e+00 -6.810076658221882795e+00 5.515313385364725818e+00 -6.293203362457242100e+00
0.000000000000000000e+00 -4.975456203706173142e+00 -3.326401087102972554e-01 -2.348713651419989112e+00 -5.266907717319893045e+00 -3.822408046991549568e+00 2.164365127301112413e+00 -1.832590871380337827e+00 -8.942181260256621300e+00 4.228723044240934037e+00 -4.754919451476861347e+00
1.000000000000000000e+00 -1.030986378657296676e+01 9.159197684198883138e+00 8.441995064839575846e+00 7.547905033147205067e+00 3.268014338028205401e+00 -6.600665955629407833e+00 -2.674503302082597678e+00 -3.836524643711167748e+00 -4.914256951189277522e+00 6.331817894942835423e+00
1.000000000000000000e+00 -1.079221231360969391e+01 8.988603309967729160e+00 8.298598530657121941e+00 8.742512298148815475e+00 1.136149818199637229e+00 -5.659636823580568077e+00 -5.574712592452460314e+00 -3.600621630477623292e+00 -5.675692199712324637e+00 5.903975589053583661e+00
0.000000000000000000e+00 -5.068441588102881923e+00 -2.682714897718436298e+00 -1.765415299337057098e+00 -6.890224881948119773e+00 -4.307290553568502212e+00 2.814620204316931940e+00 -3.824796674722200862e+00 -7.503414035988887676e+00 4.634829811173357683e+00 -6.138100188938745205e+00
0.000000000000000000e+00 -4.330226267590515654e+00 -9.110948685462894048e-01 -1.144002537181196377e+00 -4.817613565630925798e+00 -3.475873851435003825e+00 3.143352069139152771e+00 -4.356049106539714444e+00 -8.001912838360652813e+00 3.367304576167246211e+00 -6.785212392407045101e+00
0.000000000000000000e+00 -5.455046306956456981e+00 -7.793475125828059902e-01 -1.070598564538780328e+00 -5.084975953129290183e+00 -6.171208819274852431e+00 2.958865862979437988e+00 -3.306268042486786296e+00 -8.516294034398574908e+00 5.594510074219479989e+00 -4.885869371326475807e+00
0.000000000000000000e+00 -4.435996457023805739e+00 -2.150818814241790555e+00 -5.756514082610119099e-01 -6.038912194029304459e+00 -2.829283479032703497e+00 3.467955097708918633e+00 -3.267829257934377729e+00 -9.891612465356665496e+00 4.782760497304971992e+00 -5.814955002273910267e+00
1.000000000000000000e+00 -8.047961039625928237e+00 7.478650177733790372e+00 8.700932319208172672e+00 8.626512838194919652e+00 1.685831547707223876e+00 -6.863195730865470523e+00 -4.212470014358132175e+00 -3.951954347850284321e+00 -6.269714954683497155e+00 6.072170014039441455e+00
1.000000000000000000e+00 -1.040415316839943571e+01 7.462339309643126306e+00 9.698417069007534863e+00 8.600156178513927330e+00 3.244118377406750575e+00 -6.158654620556288428e+00 -3.091999030901139367e+00 -2.487442217960823321e+00 -3.705859480857338184e+00 5.055005529317480040e+00
0.000000000000000000e+00 -5.999753042316739560e+00 -3.062146236167859747e+00 -2.203994738044124269e+00 -4.930161527422457723e+00 -4.112388017887720792e+00 3.336589263899240265e+00 -4.461974712754953387e+00 -9.413079224595188421e+00 5.090557957427896518e+00 -5.368452098230966030e+00
1.000000000000000000e+00 -1.010366777206535005e+01 6.922645614104460776e+00 7.900464232920426433e+00 8.065958968039534938e+00 2.927732574354310557e+00 -6.354709618316223718e+00 -4.036837709035757449e+00 -1.186780602441283250e+00 -6.801909365547357034e+00 5.263651491402018934e+00
1.000000000000000000e+00 -9.429682101537444794e+00 7.439666702130985243e+00 8.348086704397333691e+00 7.598981375221986134e+00 4.072161412718676488e+00 -7.540408297667267945e+00 -4.893603605939466306e+00 -1.664074905708063268e+00 -5.664899657802904720e+00 3.697081792840263503e+00
1.000000000000000000e+00 -8.466543441159513961e+00 7.966372416578192173e+00 8.145652543659556599e+00 9.013593418288410319e+00 4.322684976297241022e+00 -5.812059244657485912e+00 -3.917520811917302836e+00 -3.599689728497850627e+00 -4.560945380035935415e+00 4.837647188112025098e+00
0.000000000000000000e+00 -5.849505682388157268e+00 -1.172790677715683350e+00 -4.190063250028601693e+00 -4.929242698007288759e+00 -5.194740106445381755e+00 2.779684546087964669e+00 -3.591931290962624423e+00 -8.728002050913062249e+00 3.552615738173914295e+00 -4.350865259075092695e+00
1.000000000000000000e+00 -8.962216182607427584e+00 8.721772461613060301e+00 9.681094802915847453e+00 8.671808412784434594e+00 2.814193012647042913e+00 -7.594361661060463398e+00 -3.501896178846942931e+00 -2.162896418814969746e+00 -5.512760969606439687e+00 6.158664796267075303e+00
0.000000000000000000e+00 -6.522458805905048784e+00 -8.536682255625560600e-01 -1.163859570371448493e+00 -5.299714343290697016e+00 -4.546792922368529943e+00 2.921483508600850598e+00 -2.967889340832271738e+00 -8.702324169269692433e+00 4.671133239057463804e+00 -6.858331168735926298e+00
1.000000000000000000e+00 -9.755398715300191981e+00 7.805834107365532404e+00 8.032298412481305050e+00 8.032127012764451734e+00 3.527837378951220959e+00 -7.049299436582407985e+00 -5.483460470605681536e+00 -2.686437970789954832e+00 -6.227637370885966028e+00 6.104821470280820783e+00
1.000000000000000000e+00 -9.484979303003424178e+00 7.601610206571123740e+00 8.669028623021082680e+00 9.246165303789483758e+00 2.151474734797125699e+00 -7.511448897905504296e+00 -1.889113253219668165e+00 -2.570147039043993775e+00 -7.037585619665112091e+00 6.180867999769272814e+00
0.000000000000000000e+00 -4.773399821515411645e+00 2.571081211199466310e-01 -3.700679049004640397e-01 -4.838424190940650682e+00 -4.980246491633456785e+00 2.796542479382597701e+00 -3.456290449722266178e+00 -9.717844648367323757e+00 3.991491432399647543e+00 -5.139242046527367158e+00
0.000000000000000000e+00 -5.338813793186353074e+00 -2.309188935757905625e+00 -9.619057333673259880e-01 -5.649474096855806593e+00 -4.297366322283991735e+00 3.325553109713329292e+00 -3.663890612520560808e+00 -8.070893840956385290e+00 3.076787489942757858e+00 -4.670055628165531658e+00
0.000000000000000000e+00 -6.254932318773962940e+00 -1.132081568522931292e+00 -9.421037380761034807e-01 -6.153109950399787031e+00 -3.690038817567834695e+00 1.360717810413431872e+00 -4.561513084342450952e+00 -8.304766545170245706e+00 4.420840950899766142e+00 -6.452373718381413603e+00
1.000000000000000000e+00 -8.914084652607664694e+00 7.321338984525856297e+00 1.074358958138644660e+01 8.983958074670262306e+00 2.312322767532311474e+00 -6.103082457007653616e+00 -2.676776669714691526e+00 -6.177834892705411640e-01 -6.156597924087258811e+00 5.115259003076426225e+00
1.000000000000000000e+00 -9.649141445964470876e+00 6.461440620629511855e+00 1.059719345271179947e+01 8.338933338463256462e+00 3.669221035807376907e+00 -7.315070473091568104e+00 -4.364999004805586225e+00 -2.581688339740401794e+00 -6.732318400130645308e+00 5.760525723632322403e+00
0.000000000000000000e+00 -4.991162974849474132e+00 -1.904625264119036210e+00 -1.870246853580130875e+00 -5.126160849073457371e+00 -4.277653199931178207e+00 2.586495799069933987e+00 -3.584430668778132656e+00 -8.551438017527047464e+00 2.708629564447422311e+00 -7.129972599853457105e+00
0.000000000000000000e+00 -5.986405473458654924e+00 -2.188728183870510158e+00 -1.557803755582228167e+00 -4.244087918643150381e+00 -4.316209194947862926e+00 3.081069398910414758e+00 -3.545122634701702413e+00 -8.553628663787455011e+00 3.938581958803582417e+00 -6.235676991780136902e+00
0.000000000000000000e+00 -6.308560879649692588e+00 -2.128451644577977753e+00 -1.974178594775406914e+00 -5.652043986524850183e+00 -3.960090219695520108e+00 3.208640068560101088e+00 -4.349464914159863582e+00 -8.941170446339368638e+00 4.750416828847218831e+00 -4.787867412929867506e+00
0.000000000000000000e+00 -6.573957640660291979e+00 -1.613295265459113059e+00 -1.978273224656071028e+00 -5.973571273704225248e+00 -2.364537162089222377e+00 3.394124410667566316e+00 -3.757522360388616978e+00 -9.616942530803745726e+00 3.707960083211120139e+00 -7.083555094658091633e+00
0.000000000000000000e+00 -4.752971414072376000e+00 -5.467618401139011652e-01 -1.926951258801391287e+00 -5.656933612166332281e+00 -5.995102946332953486e+00 2.582753525041096232e+00 -4.911700010740978506e+00 -7.515748679064685689e+00 4.856876756116908389e+00 -6.094966086290774854e+00
0.000000000000000000e+00 -5.205942190161256811e+00 -3.642346450987443696e-01 -3.105711975880945275e+00 -4.636887238092502805e+00 -2.790999351324325417e+00 2.772004891140193106e+00 -4.120005699197717419e+00 -8.887694112714466854e+00 3.676142382647293871e+00 -6.358803484101354542e+00
1.000000000000000000e+00 -9.263920197735258100e+00 8.016727962611968294e+00 9.102708647252532259e+00 8.025392227061498573e+00 2.246366949051303408e+00 -6.431637243230090561e+00 -5.567181839551510691e+00 -2.091727172594065376e+00 -5.417433245533280761e+00 5.382357040027757833e+00
1.000000000000000000e+00 -9.690898500629824497e+00 7.146739277935874490e+00 8.522795753360428606e+00 9.863317622575891619e+00 3.348803081898889644e+00 -6.230762331135500709e+00 -3.363615251440851051e+00 -2.561035172332569054e+00 -4.400819500044635291e+00 4.258951582140318770e+00
0.000000000000000000e+00 -3.145800190488533321e+00 -2.683996924048603461e+00 -1.259259430244713096e+00 -5.083704774161299511e+00 -4.762218136003399493e+00 3.291453493205980241e+00 -3.539678609491216488e+00 -1.010749002858193712e+01 4.030651951108889186e+00 -4.839410925692228638e+00
1.000000000000000000e+00 -9.395963786156212194e+00 8.331422597765639537e+00 8.017150529629395450e+00 7.590819820438124310e+00 3.236725304419920679e+00 -8.044563099135219275e+00 -3.922680813179681092e+00 -2.275739388482866499e+00 -5.063611137180547672e+00 6.833668134329193400e+00
1.000000000000000000e+00 -8.171265925181847578e+00 7.383740835702146121e+00 8.965431913719326573e+00 8.789949527721072187e+00 3.061292760441524319e+00 -5.510262242829634616e+00 -3.709147684217294128e+00 -2.596171855072751278e+00 -4.200274932239330461e+00 5.496020361378197272e+00
0.000000000000000000e+00 -3.723938563935896617e+00 -8.008394784256963606e-01 -1.092859823357855920e+00 -5.241238665506831040e+00 -5.043827538218968343e+00 3.148597822038310845e+00 -4.559213911881637493e+00 -8.725722230980021976e+00 4.639333188921142437e+00 -6.242153350723286032e+00
0.000000000000000000e+00 -4.044128021516980809e+00 -3.074757258481027655e+00 -2.153480602519000087e+00 -5.905682444471333170e+00 -4.229668550349662048e+00 2.769776804146439009e+00 -6.023280080346525622e+00 -8.113487214577940421e+00 3.547179225103364697e+00 -6.206903002150320425e+00
0.000000000000000000e+00 -4.025473960162017306e+00 -2.573316167266166410e+00 -6.122093393943635053e-01 -6.096364104586240451e+00 -5.102547843757375468e+00 1.631383865084435225e+00 -4.075963571432007271e+00 -9.920084307910508770e+00 3.114315643491771812e+00 -5.866073808066302853e+00
0.000000000000000000e+00 -6.215614176604590035e+00 -3.125211071072222069e+00 -1.232808801626763096e+00 -6.700322604361655721e+00 -4.762892615594809698e+00 3.641936615145628497e+00 -2.925575898956367826e+00 -9.531613093958247518e+00 6.485651957277885238e+00 -5.284072805684724372e+00
1.000000000000000000e+00 -8.425564360991410595e+00 7.581886155910058100e+00 8.277708444988133962e+00 8.513601990356891136e+00 4.242781590342874942e+00 -7.129050205412815089e+00 -3.557406021552012021e+00 -2.762105237215355391e+00 -4.795830543440226634e+00 6.276572417007295179e+00
1.000000000000000000e+00 -9.142183616478975594e+00 6.777869035885320415e+00 7.972296551130337861e+00 8.914418749960924870e+00 4.263360666988133652e+00 -4.137831172862465934e+00 -3.122418856783054864e+00 -3.571005746049379592e+00 -5.493706591728659383e+00 5.214362038917198738e+00
