1.000000000000000000e+00 -1.416389207147258078e-01 2.497891685935455519e-01 1.035401915344435597e+00 6.929813314221684450e+00 -3.141426949788125533e+00 -3.854700284852166092e+00 5.522689755461644090e+00 9.424024069485470889e+00 6.646654376493941641e+00 7.224481771737690572e+00
1.000000000000000000e+00 -6.238708008884555900e-01 9.170259444915911384e-01 1.276814057127473534e+00 7.573946945890249083e+00 -2.757765828269606700e+00 -6.237603466155061227e+00 7.996189063176037060e+00 1.005084748140045114e+01 7.242666077519130496e+00 8.186081007618403405e+00
0.000000000000000000e+00 -5.992230192526269761e+00 -1.244788545663864987e+00 5.634221189589651679e+00 2.732003644379909613e+00 3.286704239460530808e+00 -4.207055063069515377e+00 7.288706015905415114e+00 -6.705886514220640748e+00 1.115476353381564811e+00 9.616277862407272892e+00
0.000000000000000000e+00 -8.239770346905155307e+00 -1.589797471808100715e+00 4.388925328697462547e+00 2.354103591553609487e+00 2.320059438436264720e+00 -4.138400924938606451e+00 7.718477555262884593e+00 -8.532792917912514596e+00 -1.804051554544610636e-01 7.834227736716294466e+00
0.000000000000000000e+00 -8.072464654434819309e+00 -7.267348698980229393e-01 5.755097222902373133e+00 2.385577222545212095e+00 3.536541807337825194e+00 -3.977308723978128402e+00 7.244068949817498826e+00 -8.530905598756472585e+00 1.540281852175764632e+00 9.229596961451285608e+00
0.000000000000000000e+00 -8.684526641509105360e+00 -9.107403729295271422e-01 4.132357719611650104e+00 3.447315069993063474e+00 3.855894764294699240e+00 -2.703711903676723871e+00 8.412922942394587267e+00 -8.798108308324858129e+00 -3.048382612230643440e-01 9.141045320321172341e+00
0.000000000000000000e+00 -6.501958946715798326e+00 -8.102060475501823289e-01 5.568642574876059292e+00 2.908818735305551684e+00 4.466897140626356233e+00 -2.170458460691237157e+00 8.792271202818451314e+00 -8.425974299473693918e+00 -1.057226361803415005e+00 8.710685396076435438e+00
0.000000000000000000e+00 -8.495067075249259858e+00 7.967835806552863165e-01 3.866192804298730135e+00 2.519595599588751789e+00 4.082134399602124653e+00 -5.199403577279626987e+00 9.496196683843445285e+00 -8.201711194080068879e+00 8.431786835861806439e-01 8.245951581105376960e+00
0.000000000000000000e+00 -7.905328450230842741e+00 -4.967245356704703685e-01 6.170754148332155964e+00 2.159956482697642954e+00 4.893177144747214768e+00 -4.234833081326241810e+00 8.942529823641752529e+00 -1.027214123842872873e+01 3.349805215854891327e-01 8.198376709176349308e+00
0.000000000000000000e+00 -8.020824392597150521e+00 -7.899350256556957328e-01 4.946326503528728935e+00 3.332464404007075665e+00 4.154415525397787690e+00 -1.581924978521635161e+00 9.597919908260303501e+00 -8.663927723327214281e+00 -1.048700604498194799e+00 8.831756170657707017e+00
0.000000000000000000e+00 -8.468383932296049466e+00 -1.873542870583215780e+00 4.082946377825935613e+00 3.505874441024352972e+00 3.097701548904369773e+00 -3.925487838412072605e+00 9.219657461890456318e+00 -7.927552833945944677e+00 1.379994227692374897e+00 9.262490354262714831e+00
1.000000000000000000e+00 1.936584830768518228e-01 1.558945122563361707e+00 -1.047459900943060962e+00 6.599826525085664919e+00 -4.133261403717564342e+00 -3.799395920700336049e+00 6.077889702113909998e+00 9.829854490311383586e+00 7.842261521886296549e+00 6.023458831657242385e+00
1.000000000000000000e+00 -1.028732007917781743e+00 1.112040368156822945e+00 -5.731709217204723483e-01 7.194128156419317577e+00 -4.868710847435580469e+00 -5.693662086940523892e+00 7.195391392360642513e+00 8.265225611770247838e+00 6.984138704874668591e+00 4.876546584869013046e+00
1.000000000000000000e+00 -3.492686526922014201e-01 3.487093104159700863e-01 2.884293990544462005e+00 7.191046079005133151e+00 -3.757841833962785483e+00 -4.711205647463227564e+00 6.236805738152988887e+00 9.151687945610024855e+00 8.463515094828977681e+00 7.228708935124753765e+00
0.000000000000000000e+00 -6.390720364791731001e+00 -5.629773315879095241e-01 5.022351597738787810e+00 2.659643976448364366e+00 3.018624265697959608e+00 -3.721471807908417695e+00 8.224665030241604669e+00 -8.068135265590612448e+00 -2.287551138175438759e-01 9.264116951175880743e+00
1.000000000000000000e+00 6.537241240452241753e-01 1.019925054234354311e+00 1.932542821325612614e+00 8.173264819574251661e+00 -4.784277875115721557e+00 -4.350244379251083870e+00 7.293826940407183379e+00 8.519077520015111205e+00 8.092925922605779476e+00 7.413078070500431771e+00
0.000000000000000000e+00 -7.606228114772445537e+00 -4.980291103811356201e-01 4.805485390151334357e+00 1.477178358090582844e+00 4.027196886183872060e+00 -3.553431573300754653e+00 8.174658636091509223e+00 -8.162145526113583571e+00 9.487939599868977503e-02 8.557071305085351298e+00
0.000000000000000000e+00 -6.930529779740189689e+00 -1.304649874960191802e+00 4.076122470005593357e+00 2.849867218734474683e+00 3.010667240425874081e+00 -3.292147434193102296e+00 8.204236790255931666e+00 -7.758736382335500004e+00 3.966967137588464642e-02 9.332566075736686173e+00
1.000000000000000000e+00 -9.793585244154084934e-01 1.875514261619052991e+00 1.445179947490164096e+00 5.350525108573278565e+00 -4.664286157276856137e+00 -4.214905762824521673e+00 6.359645767822539320e+00 8.238794121806421344e+00 7.156873361223479613e+00 6.492186311859696524e+00
1.000000000000000000e+00 -4.472422782354174009e-01 1.234197951609675714e+00 -4.344978322272683435e-01 6.060648015477823058e+00 -3.568620329090769427e+00 -3.587747334387892728e+00 7.848239057687744769e+00 1.007266047873953596e+01 6.624546046032302904e+00 6.520876031162043063e+00
1.000000000000000000e+00 7.784275226834378447e-01 2.454597080540792398e+00 1.227059070033037269e+00 6.537914870914368848e+00 -3.950048719132022157e+00 -3.668640619467117059e+00 6.893682912687544295e+00 9.139427563235733132e+00 6.330357175768765998e+00 6.214224076880950243e+00
1.000000000000000000e+00 9.004312867090242811e-01 -1.544248540170082284e-01 1.459616811550457971e+00 6.557150680950923238e+00 -3.811374253272624912e+00 -6.449345877818503325e+00 6.478488303937810500e+00 9.087615230575865510e+00 7.014977316480264236e+00 5.709203313487870801e+00
1.000000000000000000e+00 1.925658057101047038e-01 1.396325884313295740e+00 8.602283012627484071e-01 7.620789014689793639e+00 -4.434452752577183965e+00 -5.121759987346662157e+00 7.356049105931064425e+00 9.467445997462988316e+00 5.770093660210056541e+00 5.610178828648687777e+00
0.000000000000000000e+00 -7.143254600382771713e+00 -1.348700105042933250e+00 5.210833845467664815e+00 1.357080592245967665e+00 3.887625094325114716e+00 -5.416715787429534856e+00 9.496540852199405691e+00 -8.368078342658183288e+00 -8.634852967988602135e-01 7.131288928106940261e+00
1.000000000000000000e+00 -4.757025555894255353e-01 1.727910492319164604e-01 6.796723274734721709e-01 6.616264871795589642e+00 -4.138515040800197831e+00 -4.889520190543529488e+00 7.084227883550244798e+00 9.381311767604106677e+00 6.869006390858877431e+00 5.960538045084374126e+00
0.000000000000000000e+00 -6.276474619663883203e+00 -1.173407276615898498e+00 5.067194593927149882e+00 3.087209549250989671e+00 3.358417249005105187e+00 -5.089835666069806308e+00 8.734194670779455549e+00 -9.720495393229592551e+00 2.440962908654751851e-01 8.323545460490285208e+00
0.000000000000000000e+00 -5.657816733125991426e+00 -8.656179767965890282e-01 4.550560099751825405e+00 2.328660773275868401e+00 3.547213552731995900e+00 -4.297521756300944240e+00 8.776659340784698671e+00 -8.530334634388164972e+00 -3.976734332401165029e-01 8.244819895423209033e+00
0.000000000000000000e+00 -8.182629279274809875e+00 -9.645818791963528538e-01 4.988016971970949953e+00 3.136866285057223536e+00 4.130608976121136422e+00 -3.587175553152462726e+00 7.942039462065773492e+00 -8.576902155945441919e+00 3.980229654719303900e-01 9.786772696303213337e+00
1.000000000000000000e+00 -8.888988116113409887e-01 1.174047976233430379e+00 1.288960055549561057e+00 6.477460002265297057e+00 -5.666500602404598297e+00 -4.813441546880374844e+00 3.450841827063575007e+00 7.078727688559050435e+00 6.985308916730271989e+00 5.922632293368007339e+00
0.000000000000000000e+00 -8.877386126696602986e+00 -3.992256569741092775e-01 2.484916105894756644e+00 2.547524221867230043e+00 3.845259847085350735e+00 -4.431707121140457950e+00 8.621138427404483551e+00 -8.310071115454688240e+00 -7.481795797293103734e-01 9.122817799125268579e+00
1.000000000000000000e+00 5.759161182092743525e-01 5.756020956020817536e-01 1.887106100502856654e-01 6.880945594789650066e+00 -4.570198731733933428e+00 -5.309880305297649095e+00 6.919721432702905517e+00 1.039985464719753416e+01 9.040065177146813014e+00 6.195469400820583061e+00
0.000000000000000000e+00 -8.065072264026081683e+00 -2.050856086055297123e+00 5.641186685165259007e+00 3.364507767470890975e+00 4.885575952610848205e+00 -3.002975575031999522e+00 7.603405826915444088e+00 -9.422255253678946119e+00 -1.299274731162445295e+00 8.542596901469609705e+00
1.000000000000000000e+00 -7.447956907290678163e-01 1.191190146950689144e+00 -4.778143970491164350e-01 6.708186584062949542e+00 -3.152252485761405154e+00 -5.456026122977717385e+00 6.228613202672703686e+00 1.017961894774082054e+01 7.995246915393622977e+00 7.565584463427616591e+00
1.000000000000000000e+00 2.757094867441552744e+00 4.677728457420515795e-02 1.264412743150530316e+00 7.275005924527468970e+00 -3.624639434991862252e+00 -5.274712696006334411e+00 7.622813961458023257e+00 1.004024852128994638e+01 5.672061304810537941e+00 6.531075321679842283e+00
0.000000000000000000e+00 -5.782390384390527771e+00 -9.713200577429472737e-01 3.985867027419094377e+00 1.430259874603809100e+00 2.894198603513471468e+00 -2.481085426967322149e+00 7.982136838238957033e+00 -7.994813113259521486e+00 2.088346366672932386e-01 8.772727373570832654e+00
0.000000000000000000e+00 -7.414457866744426973e+00 -5.147471079366194857e-02 4.563360859178673401e+00 4.145230172703239901e+00 4.196886315978007431e+00 -3.723279161751617217e+00 8.575007261695498428e+00 -9.140030197788711064e+00 1.650012066660203613e+00 8.324708623900837878e+00
0.000000000000000000e+00 -8.391282685744503311e+00 -5.891870872463803588e-01 4.901709779253316412e+00 2.524917053969268466e+00 3.074195423777406511e+00 -3.908690324979920305e+00 9.818292907615605358e+00 -8.338071047583252238e+00 -5.221216259995082876e-01 8.778449332816030903e+00
1.000000000000000000e+00 -2.363664358989298331e-01 -1.577532634620948393e+00 1.898237052874132136e+00 7.889625505481742351e+00 -4.648480814257851534e+00 -5.841615165392853193e+00 6.313754854534945338e+00 7.803799783259467659e+00 8.433006865278370512e+00 7.233477235692836516e+00
0.000000000000000000e+00 -6.687422466140667154e+00 -2.146924001688024664e+00 5.293106247637727080e+00 3.846787201997023953e+00 3.787410164100255106e+00 -2.907851803007744707e+00 8.603548547330081675e+00 -8.580797189819099557e+00 -2.573044047647016774e-01 8.671495463721129227e+00
1.000000000000000000e+00 -4.424571902815726543e-01 -2.018450374609672693e-01 1.041954453076085807e+00 7.536432947389215542e+00 -3.617564320473728223e+00 -5.105722043816358635e+00 6.745540522540721007e+00 9.915252693678013429e+00 6.936686264363965293e+00 6.691678343875528512e+00
0.000000000000000000e+00 -6.961983289512111206e+00 -1.964710940713153997e+00 5.011615565816777362e+00 3.011558643960909443e+00 2.075816674975182963e+00 -3.826528784853270970e+00 8.855243416257021494e+00 -8.829056039354981067e+00 4.645286214532894364e-01 8.349265198876530292e+00
1.000000000000000000e+00 -4.315408063913955816e-01 1.078553712256943298e-01 1.321566393348068802e+00 6.225237120463877893e+00 -4.114902640717725824e+00 -3.046096451317364284e+00 5.972630254906492020e+00 9.395674478457779699e+00 7.734648440632994948e+00 5.169438209479215729e+00
1.000000000000000000e+00 -3.227091667339167524e-01 6.725439309446217262e-01 2.410311729860378893e+00 7.032655119606000760e+00 -3.860105336417395172e+00 -4.559484256020538417e+00 7.343828562749028066e+00 1.101280601591331276e+01 6.961167093246915627e+00 5.647541804949835154e+00
0.000000000000000000e+00 -6.781620438137728968e+00 -9.606153175003053768e-01 3.617206487287896621e+00 2.643012927773353393e+00 3.828134254377073997e+00 -3.781152688174374443e+00 8.589831398227424586e+00 -8.212864607524654303e+00 5.465458899441710816e-01 9.053259798663882307e+00
1.000000000000000000e+00 1.085767780621006207e+00 6.428631078646099839e-01 7.610674579464428158e-01 6.766341520822526157e+00 -3.321660002855858718e+00 -6.238644397921663476e+00 6.545933781985033839e+00 9.519587637393959412e+00 7.200973282496119232e+00 5.397964952596886690e+00
0.000000000000000000e+00 -7.590942992398423961e+00 -4.850795287969409397e-01 6.545844426852069020e+00 3.328693785876644995e+00 2.974710915202986250e+00 -4.300851654779885180e+00 8.992814034980472826e+00 -8.364647538021230844e+00 1.267242510785694831e+00 7.988768758116022717e+00
0.000000000000000000e+00 -7.389686545111256777e+00 -2.806032093687603535e+00 5.231319756975906898e+00 2.719828138466128031e+00 4.785345858820399201e+00 -3.612695115074100016e+00 7.469647942395591045e+00 -1.011171076646542488e+01 -1.867219193864297910e-01 8.603770168655291428e+00
1.000000000000000000e+00 -8.625942683269721689e-02 1.406033506079691353e+00 2.651116461495891530e-01 5.383971518370713305e+00 -2.844464392491365956e+00 -6.148466957049911308e+00 6.840220758036656967e+00 9.397771278251905613e+00 7.638714839701012949e+00 4.230591583467436578e+00
1.000000000000000000e+00 -4.826116224262336774e-01 -6.218919916162868322e-01 1.231458753429208741e+00 6.137283356230405218e+00 -3.301228117926791494e+00 -3.805626844908237327e+00 5.923963222656549732e+00 8.072363444568757984e+00 7.147929350730128029e+00 5.098828794754383331e+00
1.000000000000000000e+00 5.247194778341790489e-01 1.411251915337568219e+00 1.279579341040680607e+00 6.334856731653079720e+00 -4.818576771459659902e+00 -6.200714290777282756e+00 7.713469310487859332e+00 8.708105071790098961e+00 8.622356466821360144e+00 6.364860168842938037e+00
0.000000000000000000e+00 -6.878854257004590522e+00 -1.018160286008756632e+00 5.380707292708979850e+00 3.073160781079389281e+00 3.440939474693123223e+00 -4.287030703512121121e+00 7.335289921515180112e+00 -8.646864603096954482e+00 -2.980733080127082602e-01 8.446205675707846083e+00
1.000000000000000000e+00 2.565296587023367381e-01 6.501712907020451571e-02 1.307936965345313896e+00 7.022760298452988437e+00 -5.165029717977200008e+00 -4.684019287514708196e+00 5.709329615268946334e+00 9.822214582808552308e+00 7.075403092209119116e+00 7.766722896070031190e+00
0.000000000000000000e+00 -6.687387342753451591e+00 6.294169538870963976e-03 5.010741112041301015e+00 3.350459436107367850e+00 2.818389924743026853e+00 -3.339938708377227172e+00 8.427459654307488890e+00 -8.809627475725315904e+00 -5.547287117220274233e-01 1.011381651319573649e+01
0.000000000000000000e+00 -8.091899227256400096e+00 -1.060528505065373217e+00 4.242532403578642253e+00 2.195858911530025992e+00 4.631484115066401230e+00 -4.672211574120007427e+00 8.467086407237294665e+00 -9.173977086070769005e+00 -3.855841490437578178e-01 8.724393746245835857e+00
0.000000000000000000e+00 -8.252464628387555123e+00 -1.322135883375705978e+00 3.922208412121753973e+00 2.057084621841350103e+00 2.659432880355138362e+00 -4.461029190365683128e+00 8.983414573203878817e+00 -9.457152897563455340e+00 -9.229520208493893207e-01 7.428060342577104791e+00
1.000000000000000000e+00 1.620982201538894441e-01 1.597133281436788232e+00 -5.659681015319857345e-01 8.118528118645780722e+00 -3.335387323104458623e+00 -3.182941375756911384e+00 6.773833457170513661e+00 8.481068869467325300e+00 7.306672044660203369e+00 7.374727113642963516e+00
1.000000000000000000e+00 -3.225209747690984119e-01 1.724604180383271457e+00 1.696146433762896866e+00 8.227370545861738549e+00 -3.683981654165662256e+00 -3.687578621766607778e+00 7.628557978858836464e+00 1.009023238610833850e+01 7.523536033626095687e+00 5.434519247241468953e+00
0.000000000000000000e+00 -7.069627645261649107e+00 -1.010156890064479729e+00 4.384017663310599389e+00 2.815213239577738502e+00 3.206574619950050220e+00 -3.974799298764513544e+00 8.746286607433109594e+00 -9.710471878314415051e+00 5.451221562377234209e-02 1.055367138750498057e+01
0.000000000000000000e+00 -7.417152956219637439e+00 -9.250040744347303168e-01 5.892014539502977044e+00 3.994503424418889281e+00 3.246268050449899967e+00 -4.337491958336698872e+00 8.628541371048140007e+00 -8.146480821109825854e+00 -7.725797179039582963e-01 8.202197761989079794e+00
1.000000000000000000e+00 7.071024886001864296e-01 -3.671772805608941592e-01 1.509077374200353594e+00 6.940489140565603066e+00 -4.085207604552492100e+00 -5.388169627811566720e+00 3.879066173628171743e+00 1.001686945408873264e+01 7.813828921548389594e+00 6.039925520456722374e+00
0.000000000000000000e+00 -7.143117165637174359e+00 -2.283075136706700370e+00 3.931521545239862636e+00 3.251924891865642930e+00 4.046655941667081535e+00 -4.641295789012318984e+00 7.993794023116891800e+00 -8.263151820673487080e+00 2.442630689596103633e-02 9.269673284789202938e+00
0.000000000000000000e+00 -6.424142801748528697e+00 -2.585203556747548426e+00 4.758895393777784477e+00 5.568845641788850109e+00 4.081951015761207557e+00 -3.945268034650229794e+00 7.307256434291563352e+00 -8.741929246625812056e+00 -3.910583427176659299e-01 9.201424931115901984e+00
0.000000000000000000e+00 -7.332964035713689377e+00 -2.265451042634325507e+00 4.283909603846549174e+00 2.496205536477417830e+00 3.052708405084864740e+00 -5.264827910965425239e+00 9.194218519140168411e+00 -7.787681835693094357e+00 -1.066500473628942514e+00 7.618020958535671738e+00
0.000000000000000000e+00 -6.331499381523808978e+00 -1.162132360881201310e+00 6.876292603638894718e+00 1.492964906122301372e+00 3.954667856500353462e+00 -3.501349600648661298e+00 7.750538127343697070e+00 -8.436189949265390453e+00 -5.959447835140402328e-01 9.028603898256161386e+00
0.000000000000000000e+00 -7.942997582492862030e+00 -3.359263735096617021e-01 4.941061833677061088e+00 2.211552394591595139e+00 4.116099880663590227e+00 -3.112632624911396029e+00 8.943638385375898281e+00 -8.335896904509066729e+00 1.586459514638294710e+00 9.670281370909938445e+00
1.000000000000000000e+00 -1.378472000146453436e+00 7.620903091295279097e-01 1.251294875984786614e+00 7.614173270959183171e+00 -2.515197518205043004e+00 -3.682747478847446576e+00 6.311575791184606210e+00 9.779576006774753694e+00 8.571533768924890495e+00 7.859812904497252006e+00
0.000000000000000000e+00 -7.067267205761666560e+00 -6.633517348965027871e-01 5.098663018530604774e+00 3.096188813967791997e+00 4.875154962798839975e+00 -2.700962585436846197e+00 9.031924695273296777e+00 -9.027524387021220065e+00 3.799391188276273201e-01 1.035074420293645048e+01
1.000000000000000000e+00 1.326573030725410884e+00 2.093365258206617008e-01 2.103851429840225773e+00 7.027408505390481785e+00 -3.650981920410654169e+00 -5.514225407793449385e+00 5.908576455309457742e+00 9.577851217965232422e+00 7.320342228247073812e+00 5.854637954319898085e+00
1.000000000000000000e+00 2.819590451975462653e+00 5.352650502791787002e-01 1.723070429175013629e+00 5.072765072257947594e+00 -4.427396047464739581e+00 -3.724548293039395386e+00 7.120783840587455060e+00 9.373329278825440980e+00 6.724928190862984323e+00 5.097425430026440552e+00
1.000000000000000000e+00 -1.661269697336562046e-01 1.713211478088099815e+00 1.534003600664353373e+00 8.334075261204286988e+00 -4.064376082148404734e+00 -5.329317703544299789e+00 6.856003626785470040e+00 8.813552490469961143e+00 5.673498991539362102e+00 5.158707390991585484e+00
1.000000000000000000e+00 -1.564728394173053316e-01 -1.185160071068293020e-01 -2.772214775235770645e-01 6.937778452523627237e+00 -4.925580278211254104e+00 -5.518010483279299550e+00 6.611247497043611254e+00 9.916308387695989879e+00 7.019304851671176237e+00 5.976816274564858311e+00
0.000000000000000000e+00 -5.572411208891938195e+00 -2.222984486348414279e+00 5.763406383539170008e+00 3.754445290115574707e+00 4.106527779622440200e+00 -5.726555585639534485e+00 9.625115567871803890e+00 -9.495664509924489849e+00 6.829553520253333065e-01 8.748761462159965419e+00
1.000000000000000000e+00 1.985318379873845518e-01 6.654705475538280623e-01 1.384980445607072674e+00 6.854231794216040896e+00 -3.322821438746046852e+00 -5.651769061737074828e+00 7.049475010996312463e+00 9.370991754954793862e+00 8.559427129411316670e+00 6.474107403418942752e+00
1.000000000000000000e+00 1.037001633927323030e-01 8.296769016248073392e-01 2.169680286007902303e-01 7.069621585109064021e+00 -2.523613816032880486e+00 -5.674847495664923969e+00 5.321316979510974932e+00 9.395230831215492628e+00 7.046217919475309621e+00 6.744386068549002466e+00
0.000000000000000000e+00 -9.398046307912757413e+00 -1.452289402203342794e+00 4.544616549390994464e+00 2.077476476128676808e+00 3.623503886146588471e+00 -3.881404475967185075e+00 8.262224816333196387e+00 -9.377140286600821995e+00 -7.416672180542780435e-01 1.083166281277776299e+01
0.000000000000000000e+00 -5.859269700508973777e+00 -1.312301881598021192e+00 4.969332277623498939e+00 2.932605094887922537e+00 2.859237631031120053e+00 -4.496341814638595835e+00 1.031222550388337567e+01 -9.516256853390972381e+00 -1.199749901507320970e-01 8.407692509341226028e+00
1.000000000000000000e+00 4.639241120097504778e-01 6.718746368797843260e-01 6.613180534916557329e-01 5.571234452286738303e+00 -3.995901832981809232e+00 -5.354296683552716374e+00 5.496581780354174995e+00 8.863307758147577431e+00 6.839540656432803623e+00 6.492761909279631816e+00
0.000000000000000000e+00 -7.834438799994797087e+00 -1.925037212721646407e-01 4.670642742924076884e+00 3.833327454906831910e+00 3.332230533662941419e+00 -3.331047197485792921e+00 8.152557062300004986e+00 -9.021642933535481745e+00 -1.025974189940940251e+00 8.712861707852482596e+00
0.000000000000000000e+00 -5.638313014747465601e+00 -2.039345597800865217e+00 4.089409875258527727e+00 3.419898016848969657e+00 3.589388801507712223e+00 -4.304719509134244504e+00 9.578886831374031630e+00 -7.061006866798839710e+00 4.533553285176853964e-01 1.092676778841749119e+01
1.000000000000000000e+00 6.733337370159679924e-01 7.803810631265615250e-01 1.445389425574871156e+00 6.026011602782197052e+00 -2.096591560905573637e+00 -5.475634714220237065e+00 6.374297994013554458e+00 8.677514464604092481e+00 7.920371863708162152e+00 7.090875227658369084e+00
0.000000000000000000e+00 -6.817170073422714083e+00 -1.976965656401904914e+00 4.574646005817716521e+00 2.996380451398079625e+00 1.686946576600464764e+00 -3.707699872058803248e+00 8.673787180631887139e+00 -8.255529957305533628e+00 -6.004850585218253212e-01 9.307784069255113479e+00
0.000000000000000000e+00 -6.295236743786983169e+00 -2.035055146125502645e+00 4.827390682879642902e+00 3.354180007217032244e+00 4.258147156177017223e+00 -3.972272979312923447e+00 8.124809994189771345e+00 -9.343189595531697478e+00 -1.631955621178454496e+00 9.946382257804645022e+00
0.000000000000000000e+00 -6.683269498167017986e+00 -2.290086067540716641e+00 4.752852251290015317e+00 4.296481546697160425e+00 3.299953893106013947e+00 -3.100001405729600812e+00 7.967375843654269651e+00 -8.519063422840776667e+00 2.073724439654381690e+00 8.062132265671808184e+00
1.000000000000000000e+00 1.157662258602242811e-01 3.551116237544926779e-02 1.017461212454156438e+00 7.028056845504605299e+00 -2.821273694084783124e+00 -6.245309889587800534e+00 6.666181012736760891e+00 8.634664692689129950e+00 7.927936622934513622e+00 5.986423622961994262e+00
1.000000000000000000e+00 -1.278582739924268630e+00 1.736154909337056518e-01 4.793173867282445322e-01 5.697846166985588212e+00 -3.428135090154230902e+00 -4.927064616337442970e+00 4.649575476495181547e+00 9.990132795927696208e+00 9.003901735612153345e+00 6.417476852141870580e+00
0.000000000000000000e+00 -6.521633282043554303e+00 -1.759664489962070588e+00 6.033056080691091339e+00 4.267299649394649563e+00 1.928430160084776190e+00 -5.142437912196729854e+00 8.687999747979077370e+00 -9.113944863326500112e+00 1.532665875697465152e+00 9.957242661469017264e+00
1.000000000000000000e+00 -4.890113916509566949e-01 6.098298499752076163e-01 -1.579918068157055711e+00 6.334720351049986320e+00 -3.680698433622239918e+00 -4.227993776687126726e+00 8.313559026419675035e+00 6.929078286187104752e+00 6.869442316711196206e+00 6.280814529655350142e+00
1.000000000000000000e+00 4.032708460307259934e-01 2.015666590043938555e+00 1.480216427090838227e+00 6.504239562212531744e+00 -2.920950885027643995e+00 -5.301035130166886766e+00 6.787162867288390800e+00 9.097464638625972100e+00 7.731706403915278969e+00 8.299617200162863639e+00
1.000000000000000000e+00 1.882607756298928237e-01 1.496182285409930035e+00 1.929954046864892803e+00 6.186269980477715258e+00 -2.956542778648571179e+00 -6.070969521384753875e+00 7.826141212415422821e+00 1.011370080319142062e+01 7.354679718794888466e+00 8.209747333250684065e+00
1.000000000000000000e+00 -9.722599352558590757e-01 1.184499460135227444e+00 -4.342593203132547597e-01 6.696797072379298221e+00 -1.369517830244910250e+00 -4.268810730153494326e+00 6.913763293407736654e+00 1.047954809035527113e+01 7.009152399652829324e+00 6.248471543207933188e+00
1.000000000000000000e+00 -1.494939023500789999e+00 -5.349734960011809370e-02 4.484961389340689220e-01 6.078405629073043492e+00 -3.737371380761368211e+00 -4.799098072197777398e+00 6.365857813790154474e+00 8.938944277431319918e+00 6.600866721256932301e+00 6.755973658450384001e+00
0.000000000000000000e+00 -6.663853519734299624e+00 -1.504854275437554678e+00 2.853489107126117474e+00 2.301013506081865501e+00 3.016003446121068521e+00 -2.339141933707365784e+00 8.352731565025075966e+00 -7.745775851215606522e+00 -5.574776915438032221e-01 8.568918020526803403e+00
1.000000000000000000e+00 -8.256494487630287038e-01 6.916883032622432870e-01 1.424551464146994961e+00 7.269607823317627116e+00 -4.254725576465663295e+00 -4.910813300606870158e+00 5.671005068287096940e+00 8.853671816375406678e+00 5.993074357078058689e+00 5.987106308164448443e+00
1.000000000000000000e+00 -8.277664060353511211e-01 -2.694943417192485757e-02 1.699272281225918446e+00 8.153711225498339488e+00 -4.994522067826651757e+00 -4.929724952417604555e+00 5.846695333402562866e+00 9.115336974370189083e+00 6.966612608809621854e+00 6.717657685112987664e+00
1.000000000000000000e+00 1.061506591205297445e+00 -6.016223937055618087e-01 1.120721723358039545e+00 5.564517412369790250e+00 -3.338231585253767619e+00 -4.556469470339693295e+00 5.891441709156888251e+00 1.134305029792012576e+01 7.634365893884674570e+00 7.140771854006845665e+00
1.000000000000000000e+00 -2.255761577495771775e-01 8.978853757841926964e-01 7.966631509836789027e-01 6.763649443705714859e+00 -3.304655975906346743e+00 -5.059021503519701923e+00 6.980118321851527696e+00 8.851783207314959157e+00 7.944140218049230207e+00 5.987343253726978176e+00
1.000000000000000000e+00 -1.008736345223892883e+00 1.507927405633944895e+00 1.221715907037302040e+00 7.106235340564547975e+00 -3.621981582336956329e+00 -5.189689062248499241e+00 6.156142846827420634e+00 8.870122338550356034e+00 6.421048028710600875e+00 6.175817696724715589e+00
0.000000000000000000e+00 -7.459095161431566368e+00 -5.930328816205108211e-01 3.869795445832310499e+00 3.287959144545020695e+00 4.495792130110815243e+00 -3.489428765983827230e+00 8.870790588209437999e+00 -7.743177582437620998e+00 8.466501352308606343e-01 7.767550960888916833e+00
0.000000000000000000e+00 -7.491800494862526527e+00 -8.776202819173439806e-02 4.103094726805486481e+00 2.161148801010230880e+00 5.095475228490903064e+00 -3.265965925247859225e+00 8.924377767733600919e+00 -9.767023724439058086e+00 5.135510140416856828e-01 8.326105050216085601e+00
1.000000000000000000e+00 1.621520250734815871e+00 7.206694357647827065e-01 1.619178665656086036e+00 8.000366842995106254e+00 -3.033568745934045019e+00 -5.155281374856810928e+00 7.852616227689408035e+00 9.313014640527725874e+00 8.076179737737463782e+00 6.844180845093712051e+00
