0.000000000000000000e+00 6.127295729308899652e+00 -2.300934944108509850e+00 -2.114406455508083038e+00 -5.955055119948441167e+00 3.410141952620298955e+00 3.728959038556127759e+00 -3.263914434221049543e+00 3.637364809317159331e+00 2.406174272132520997e+00 -5.252240221811287135e+00
0.000000000000000000e+00 2.745286102309752341e+00 -2.557205651935616331e+00 -3.234936522393299541e+00 -4.207458198017472562e+00 3.402367882560107137e+00 4.967914616836138109e+00 -2.033197492870491896e+00 1.310029840237702858e+00 4.269299892918515305e+00 -4.427190562027804255e+00
1.000000000000000000e+00 -3.809051893251545362e+00 2.357807578785796387e+00 -3.677320511393163738e+00 -6.658728243877267694e-01 -8.819936169023492312e-01 3.874123073882397961e+00 -6.083979473831782059e-01 5.876835948247226549e-01 2.012460065242088092e+00 -2.475338915034082987e+00
0.000000000000000000e+00 2.536498106265781871e+00 -9.574477155978298182e-01 -3.170215873086694280e+00 -5.049184342704483797e+00 3.534101363561299003e+00 2.944536825888847353e+00 -1.141869032382278437e+00 1.289364698496388906e+00 3.267909169117725554e+00 -4.116777433268493880e+00
1.000000000000000000e+00 -2.357156753309830766e+00 1.649163732216202050e+00 -2.843227458745511971e+00 -7.366623428493432879e-01 -3.355170085055044105e+00 5.496978950730198044e+00 1.133890127402671366e+00 1.775776679241810152e+00 1.119890476680064806e+00 -2.728891439343836378e+00
1.000000000000000000e+00 -1.679007623562522200e+00 1.736624320423105550e+00 -1.712098325133230459e+00 -2.434230131555906063e+00 -3.399503723569273106e+00 6.880946055806376194e+00 1.287508030309183260e+00 -8.167398591531536134e-01 1.571662388496168239e+00 -2.637591836642506404e+00
0.000000000000000000e+00 4.192550821706827691e+00 -4.603990960040322822e-01 -2.649119599520205259e+00 -3.537941972578284577e+00 4.208893420925611473e+00 4.215727473143041415e+00 -3.786883046580806766e-01 2.392936930118458871e+00 2.535107158066256083e+00 -3.314905487967259035e+00
0.000000000000000000e+00 3.420180445261038038e+00 -1.994956026181600617e+00 -2.124080641137287451e+00 -4.911231887482570002e+00 3.777636698568031193e+00 3.636280129715136145e+00 -2.068857256677346435e+00 3.593729805693865575e+00 3.226842566855266714e+00 -2.253115075049767491e+00
1.000000000000000000e+00 -3.510442480074822846e+00 5.083801609655480558e-01 -5.289688787847319773e-01 -2.830839177287886699e+00 -3.175036793762656018e+00 4.151022114397468599e+00 2.083096632058459630e+00 2.280558269336640187e+00 3.234173548761127837e-01 -3.678832355092001016e-01
0.000000000000000000e+00 4.135708473403627572e+00 -2.000177146631694214e+00 -3.590013042724366166e+00 -5.687527786265132335e+00 4.384158342554078658e+00 3.369966946584659784e+00 -3.727916737464184394e+00 1.216372844984944024e+00 1.712107682820919186e+00 -6.208331590612162998e+00
0.000000000000000000e+00 1.810918425720527747e+00 -1.401395646654987948e+00 -1.672022200925597613e+00 -2.825882351812619930e+00 4.912137184943278001e+00 5.898291720577623742e+00 -3.088888503515473616e+00 1.032872810261613372e+00 2.589084005109396180e+00 -4.103911384866967715e+00
0.000000000000000000e+00 4.286802208629235444e+00 -2.036023578799836642e+00 -3.099781461696934137e+00 -1.532451851455606029e+00 3.903301709002946929e+00 4.817790422924850269e+00 -1.241493075770720322e+00 3.993151257527827624e+00 4.272430988482279091e+00 -4.491664729742546491e+00
0.000000000000000000e+00 2.785769352706086721e+00 -2.569328345245502909e+00 -4.154201472307605059e+00 -4.894603045858962886e+00 3.964962176153606244e+00 5.553858131489373129e+00 -2.552735406673628304e+00 2.823392530188094884e+00 1.644198663278050532e+00 -2.002780040757508928e+00
1.000000000000000000e+00 -2.628815847994185440e+00 1.983096951776862404e+00 -2.453649486526482182e+00 -1.942912435467797350e+00 -2.635058409402098345e+00 4.709838456808723706e+00 1.635622197487270224e+00 2.412501743748479477e+00 -4.003622843886256444e-01 -3.044709733897687620e+00
1.000000000000000000e+00 -2.376319148297496575e+00 1.425439014803259852e+00 -9.006298402535709569e-01 -9.727349949683501418e-01 -3.032406766493447314e+00 7.414067366152112371e+00 8.280387978562617768e-01 -2.539734984329036216e-01 2.164671363780935831e+00 -3.268403993860415024e+00
0.000000000000000000e+00 3.856886328833533994e+00 -2.136230751951881501e+00 -4.504103606428041751e+00 -5.491579832571620301e+00 5.482596466167145799e+00 6.743924296181344147e+00 -1.445245417634457130e+00 2.947995281406757151e+00 1.222171845023517722e+00 -3.394877880591920860e+00
0.000000000000000000e+00 5.448225975419594747e+00 -3.922572429501300029e+00 -1.644215179759099810e+00 -5.012693538764352752e+00 5.035941227892860361e+00 5.673798618925246728e+00 -2.748427932199068557e+00 4.000037105935274617e+00 4.147930929598071970e+00 -3.333211748704944188e+00
1.000000000000000000e+00 -4.035513998733362584e+00 5.908351916548564287e-01 -1.416349279745421796e+00 -1.866035955142955949e+00 -1.013250782095192593e+00 4.505714244519733569e+00 5.916348477046100562e-01 3.560418931097949269e+00 1.647667960167390921e+00 -1.658059620915259824e+00
0.000000000000000000e+00 3.696634567008176830e+00 -3.684237327007574336e+00 -4.034434890336466850e+00 -4.724211994786152502e+00 4.734872700823482994e+00 3.989661094246573558e+00 -2.803153293390157508e+00 2.192677308470261099e+00 3.379620878513138305e+00 -2.553070293955472359e+00
1.000000000000000000e+00 -1.786619790966454513e+00 9.247820706419103143e-01 -5.529041076231167029e-01 8.742093944527074001e-02 -2.460831894105111051e+00 5.200779027597026705e+00 1.558650913236440338e+00 6.400946025135901829e-01 4.077881043613894585e-01 -1.195428557358348298e+00
0.000000000000000000e+00 3.432956797409092431e+00 -1.572571395272035044e+00 -2.610814736699103467e+00 -3.880796018648012602e+00 4.583578825638785936e+00 3.647597370469553013e+00 -1.317358326643784938e+00 3.317399914919316739e+00 3.042039896316415248e+00 -3.339492469755469095e+00
1.000000000000000000e+00 -1.003319736879004553e+00 3.298129895081453600e-01 -1.376174789495801853e+00 -2.496778215919723376e+00 -3.564868286682513432e+00 4.870257882581134901e+00 2.377361526173856987e+00 5.852870853264257045e-01 7.115180676484476052e-01 -3.053654400530840363e+00
0.000000000000000000e+00 3.515250958508628454e+00 -1.384234243616601301e+00 -8.729607437293105399e-01 -4.106712203149333718e+00 4.074205219565232738e+00 3.766746551695395517e+00 -1.544493783037208745e+00 3.581588121058477903e+00 2.549224695459122003e+00 -4.386042775025231322e+00
1.000000000000000000e+00 -3.341015205808877564e+00 2.830383922202166946e+00 -1.604476477384871869e+00 -7.552189956152896011e-01 -1.144292998343456880e+00 4.188575775092417075e+00 9.092696850501695849e-01 -3.988849579372153453e-01 2.176477332005704479e+00 -2.410506255878821058e+00
0.000000000000000000e+00 3.680678197004904728e+00 -2.273724668749964817e+00 -1.189400366069811588e+00 -4.028927405363717185e+00 4.249290855376814946e+00 5.193101941824715517e+00 -2.482225642863135739e+00 3.405307268606050819e+00 3.058869885062980298e+00 -3.989783677885815560e+00
0.000000000000000000e+00 4.278983591483487281e+00 -1.860394840936834049e+00 -2.353839500985525746e+00 -4.360661894828839813e+00 4.268741005547957990e+00 4.965855006618284939e+00 -3.210616327278265292e+00 1.332902195463668393e+00 4.330106905906721870e+00 -4.785922626033683791e+00
1.000000000000000000e+00 -3.621446868905790151e+00 7.749938065802197684e-02 -3.775473543427017464e+00 -2.341478907179995517e+00 -3.374166702791317363e+00 3.248669873995916113e+00 1.648358403933949612e+00 1.391145458200865548e+00 1.217660311593182776e+00 -2.882932769003082818e+00
0.000000000000000000e+00 4.505646734091929062e+00 1.047179757218104079e+00 -2.789054266038568652e+00 -3.958025289066299024e+00 6.110883392063300334e+00 4.984469935771057791e+00 -1.470802513677131218e+00 2.154631116359857046e+00 3.884292809229126675e+00 -5.679820442451753770e+00
0.000000000000000000e+00 3.847265267063934679e+00 -2.557298024020234539e+00 -3.874516105858791803e+00 -4.157747900597247082e+00 4.408741100858515338e+00 6.708038985446066249e+00 -2.859770667947352685e+00 1.684746953656181212e+00 2.744765348259626592e+00 -3.993734558639140619e+00
1.000000000000000000e+00 -3.062871477946408127e+00 -7.199926626254480322e-01 -7.919058258882858414e-01 -1.631994335222362480e+00 -4.747435839017557058e+00 5.150094933208062109e+00 2.564468099146635094e+00 1.065168424957460669e+00 2.419528504034349492e+00 -2.185796734890135706e+00
0.000000000000000000e+00 2.960263146809779755e+00 -3.357440521660743915e+00 -1.019207261080690596e+00 -4.034132063015835712e+00 5.462973688496591151e+00 3.399976078651214095e+00 -8.370582905226087167e-01 2.241008516047891419e+00 3.226397495416613914e+00 -3.455484401883971213e+00
1.000000000000000000e+00 -3.471125808017972769e+00 5.078867113679794709e-01 -1.809717740115909912e+00 -2.760541758368004750e+00 -4.008937908776962544e+00 5.322212488771315364e+00 1.839723574936817707e+00 1.404843489730408290e+00 5.882701203965702286e-01 -3.013724865993534952e+00
1.000000000000000000e+00 -3.731820749670131665e+00 7.405853726696226547e-01 -1.864051391094495136e+00 -1.666238397170771934e+00 -1.861825158566244864e+00 5.827894250877140969e+00 1.835391880975021373e+00 -4.037126002058104568e-01 1.416895574937779401e+00 -3.964266761958603613e+00
1.000000000000000000e+00 -3.549168924324598073e+00 -9.687308307662267914e-02 -2.244332128595834863e+00 -8.568402839535018689e-01 -2.862939483825449383e+00 7.050202010781855932e+00 2.032535311488698149e+00 -2.096055531914782222e-01 -1.762830629934986071e-02 -2.102062027423747814e+00
1.000000000000000000e+00 -1.814096776825844470e+00 -1.631385665287122588e+00 -1.357045292533915815e+00 -1.268098434614020054e+00 -1.614108678165276922e+00 4.671962710457695955e+00 2.148761388848337894e+00 8.488475509027155752e-01 2.018788056649728269e+00 -2.486866834703467255e+00
1.000000000000000000e+00 -1.026990721790723704e+00 7.017463586688754695e-03 -2.037837249319281785e+00 -2.133261678051539434e+00 -2.904462540043507346e+00 5.177150763309417592e+00 5.092457000250512067e-01 1.816832192900531773e+00 7.603457056765141608e-01 -3.741811467612059516e+00
0.000000000000000000e+00 3.823567648620409543e+00 -1.701217512496778106e+00 -3.031788797075197994e+00 -5.052348871008958575e+00 4.839911708994801387e+00 7.342739563884970622e+00 -1.824140234899293667e+00 1.627960527918960398e+00 3.606860090405646702e+00 -4.021685508499587947e+00
1.000000000000000000e+00 -3.880466098828785348e+00 2.205607665394652694e-01 -2.383889158242565198e+00 -1.087066698494802086e+00 -2.566940027270915969e+00 4.575528589421638870e+00 1.555423009531309519e+00 2.198654022723503410e+00 1.688684550972747278e+00 -3.090883410051738611e+00
0.000000000000000000e+00 4.680486586857677267e+00 -2.018826958230890423e+00 -2.302313638487826442e+00 -3.678659417539414722e+00 4.824012898783922587e+00 4.041433622869450737e+00 -1.979682592274188080e+00 1.953491912816557319e+00 3.380916922914812606e+00 -3.619385379965337268e+00
1.000000000000000000e+00 -1.944151221025282927e+00 8.388067154624565536e-01 -2.144188101782492417e+00 -3.093214516060080577e+00 -4.326456666661366413e+00 4.259221948410853109e+00 4.203128872110948322e-01 9.402794390410782466e-01 1.982827327052143929e+00 -1.624379981895817782e+00
0.000000000000000000e+00 4.607583464416517671e+00 6.795981754801916352e-02 -3.085949171825771664e+00 -4.428310420909782330e+00 3.885006532092607934e+00 5.282665423464446341e+00 -5.389212160840516574e+00 -1.668699517090215245e-01 3.282689798163230144e+00 -3.809406014977495314e+00
0.000000000000000000e+00 3.492960656211772541e+00 -2.391589944931753919e+00 -2.816458211434480052e+00 -3.220501960384354767e+00 4.265771670092527224e+00 2.568382628649356292e+00 -1.744975061532546334e+00 2.331792213060358776e+00 2.757034813280082819e+00 -4.235684963113081736e+00
1.000000000000000000e+00 -2.586858775317314230e+00 1.791304065416807312e+00 -2.615995523082030871e+00 -2.892044088164429372e-01 -1.253634327980175600e+00 6.670850702285306966e+00 2.178736566215939696e+00 7.251743091247608852e-02 2.168562576802627095e+00 -2.199676892367207426e+00
1.000000000000000000e+00 -3.164837150281395228e+00 -4.249577140704170475e-01 -3.060818705205024859e+00 -3.397712020418152790e+00 -4.229266616175183735e+00 4.713538070387281564e+00 1.343372285599048643e+00 1.564938725499997352e+00 1.313831082353686952e+00 -1.922446749942730904e+00
0.000000000000000000e+00 3.549973061152693621e+00 -2.700414916034234114e+00 -3.867527562461000379e+00 -5.186416109898428495e+00 6.067046862646231276e+00 4.221849381219921149e+00 -1.760077623210554165e+00 1.298614004326322791e+00 3.031402936953678129e+00 -5.204150691762585268e+00
0.000000000000000000e+00 3.709928560744035320e+00 -2.292374522574225360e+00 -1.345235241030859674e+00 -4.992794227958699871e+00 4.595638353281557897e+00 5.027284220565627848e+00 -3.012380651495185635e+00 2.605771129629292027e+00 2.137069702172460506e+00 -6.031765633342372368e+00
0.000000000000000000e+00 4.160427984933181556e+00 -2.281575710641638111e+00 -1.375979886275613850e+00 -6.452682172930742865e+00 4.200719368864435310e+00 2.393264332033169683e+00 -2.625150111719872115e+00 1.313344737844430954e+00 1.469251706956651304e+00 -4.557109819353849289e+00
1.000000000000000000e+00 -3.129234975407152675e+00 -4.546397831022892522e-01 -2.472463285917290143e+00 -1.359193292603895431e+00 -3.513276780453129078e+00 3.527745463798708236e+00 6.601137426898527893e-01 1.451629892404855182e+00 9.653123113279467038e-01 -2.194155101474967839e+00
1.000000000000000000e+00 -3.600861002191007021e+00 7.947455276043674521e-01 -2.592275955471371240e+00 -2.732571586545486486e+00 -2.748811314448179388e+00 6.588136511608772672e+00 1.241214994366752311e+00 1.014919993470261295e+00 1.217385631571478388e+00 -1.593449556977118986e+00
0.000000000000000000e+00 4.123531474625058202e+00 -1.372174872032570381e+00 -2.385911673783565057e+00 -4.345285847335656371e+00 3.711863898726208255e+00 3.689183090937300236e+00 -1.346494380684647663e+00 4.629152166687072523e+00 3.636789742139024728e+00 -3.616540894157068475e+00
1.000000000000000000e+00 -3.615696871126526712e+00 -1.193161406591967122e-01 -2.644308832781371521e+00 -1.588110629041330712e+00 -4.183331938600696631e+00 4.653147303061007989e+00 1.516709169425191961e+00 -6.738874034342412500e-02 2.982160037539967945e+00 -2.443140190168690662e+00
0.000000000000000000e+00 2.148808589851084250e+00 -2.187957146193512337e+00 -3.439121473116073524e+00 -4.929493352659060967e+00 2.185050586611291035e+00 4.487025829002838861e+00 -3.408674133453006405e+00 3.538483649371001682e+00 3.461096704931978962e+00 -4.577967738323484248e+00
1.000000000000000000e+00 -3.023955861036426107e+00 6.364539823007631103e-01 -5.353489787657554899e-01 -2.012617288954481332e+00 -3.092062514448475241e+00 4.762947638755680835e+00 1.222249849816819944e+00 3.644524395598964794e-01 3.933350896762966453e+00 -3.838244901593705016e+00
0.000000000000000000e+00 3.536222985889975412e+00 -4.050559082344371120e+00 -1.573608204457929372e+00 -4.575219654962895177e+00 6.207713698497316912e+00 4.119847701374194315e+00 -3.613554062804823719e+00 4.058564891879340664e+00 2.136618222835563685e+00 -3.239493799164664622e+00
0.000000000000000000e+00 2.908746619208777862e+00 -1.436747996213458389e+00 -2.150235587216138722e+00 -4.691289389259242881e+00 4.674500568988328553e+00 6.261015061399988646e+00 -2.574891631656938351e+00 2.405401935030664351e+00 3.589705512048759761e+00 -2.789877606633417884e+00
0.000000000000000000e+00 4.352409239765359317e+00 -3.112075290384335169e+00 -3.102714903067966823e+00 -2.053448963867278820e+00 3.853569478482905541e+00 6.018711162010578875e+00 -2.085924982723009524e+00 3.720816895729675444e+00 3.896164003107968288e+00 -4.113053323451993926e+00
1.000000000000000000e+00 -2.253539345764919322e+00 1.206368648780178798e+00 -2.078249063940677210e+00 8.567989579690000745e-01 -1.969589627312549718e+00 4.675268163280683176e+00 1.385444099539561602e+00 5.446830783051056502e-01 1.668752950651476219e+00 -2.088215143316024758e+00
0.000000000000000000e+00 2.870257489902053649e+00 -1.554931164421079481e+00 -2.853106270248137566e+00 -4.371929912794610296e+00 3.719247063764254957e+00 4.125916131285040755e+00 -1.278119845844059022e+00 2.412035694077772519e+00 3.222546382593138858e+00 -4.075013056003259138e+00
1.000000000000000000e+00 -4.425846968203929421e+00 -1.982145245446059745e-01 7.394510371798772574e-01 -4.422218374271420060e+00 -2.126142106643283292e+00 5.858108497613252474e+00 1.779292459922947156e+00 1.448324221782507859e+00 1.546722273445125362e+00 -1.458507710707448002e+00
1.000000000000000000e+00 -3.076626001110202235e+00 1.122085756775389243e+00 -2.661590087224799284e+00 -2.050872662751190845e-02 -3.363500799150714649e+00 4.982960514912989858e+00 1.813270537718540298e+00 1.364220079404318220e+00 2.111417492789975814e+00 -3.184155907205743929e+00
1.000000000000000000e+00 -2.439863147292452794e+00 5.232141405461928629e-01 -5.581782048345742542e-01 -1.195621813399859956e+00 -1.760450090381060928e+00 4.920038454537151829e+00 2.279629263638506487e+00 7.283838832152516041e-01 6.144487879127877861e-01 -2.070542992189715381e+00
1.000000000000000000e+00 -2.873285872847016087e+00 1.782743094416913809e+00 -1.439283846010413370e+00 -1.435864802261050288e+00 -2.213316034135186516e+00 3.188052706124405944e+00 2.084171650338788595e-01 1.544122007386904194e+00 7.064853188359808689e-01 -3.105723525971261445e+00
1.000000000000000000e+00 -2.075069531255848698e+00 9.198261222608477006e-01 -1.384629490706265287e+00 -1.343369576992128334e+00 -2.975683758389865208e+00 4.801540882531411647e+00 6.261966066471291725e-01 2.401923768148304106e+00 1.825490307741346019e+00 -4.955347153402931415e-01
1.000000000000000000e+00 -2.377952299332865227e+00 -3.124001103235319876e-01 -8.515212447894400238e-01 -3.169769211029960676e+00 -4.128855785192855343e-01 4.866551883667697531e+00 1.242608380274443647e+00 -1.772599767901527290e+00 1.503410506025132154e+00 -2.152163856561673860e+00
0.000000000000000000e+00 3.415272091059670778e+00 1.701299972615704093e-01 -6.391457323619187392e-01 -4.748873228666671054e+00 4.747176717789512779e+00 4.976225582562982197e+00 -2.820773522376859077e+00 1.508510239902053129e+00 3.723349351991326550e+00 -3.396209798660017931e+00
0.000000000000000000e+00 3.667605688813580844e+00 -2.184896456741901360e+00 -4.730813667780134679e+00 -5.426332482601791796e+00 2.377573704391707565e+00 4.198954682411657480e+00 -3.034626483247068851e+00 4.467463104524982853e+00 4.375297433311108541e+00 -4.949145764447359319e+00
1.000000000000000000e+00 -2.228458237528007757e+00 -1.350439454086284519e+00 -1.375215766385939897e+00 -2.323949310149578729e+00 -2.275533272455926070e+00 5.652077110468264109e+00 3.935422619309705272e-01 1.104827071841298691e+00 2.465231982876038508e+00 -3.601242207258084527e+00
1.000000000000000000e+00 -2.167995323168420363e+00 2.394812486913145300e+00 -2.182948891451361284e+00 -3.025710953654278335e+00 -3.606149245908918388e+00 5.226499594061255749e+00 3.112949707709376845e+00 3.307846169114587287e+00 2.194690017084787392e+00 -2.761098627863057597e+00
0.000000000000000000e+00 3.426031372318663060e+00 -3.075386519513468642e+00 -2.604225640737293901e+00 -3.970526659928117041e+00 3.385261435181802447e+00 4.313233449890715221e+00 -2.177336346408638601e+00 3.168216082529386135e+00 3.199556982301420049e+00 -4.476917697109593419e+00
0.000000000000000000e+00 3.419077066588098290e+00 -1.704688628000593731e+00 -4.606887353972911825e+00 -3.850251881872785109e+00 4.393603754741584488e+00 3.855662922128194392e+00 -2.895010501377786927e+00 3.610557208020658493e+00 3.956248270560608127e+00 -5.627719539633916135e+00
1.000000000000000000e+00 -4.769590738624985171e+00 2.661732593543926662e+00 -2.592255246953603098e+00 -1.637383976978864064e+00 -3.363559470424514863e+00 6.528815783952500063e+00 7.473406790859350446e-01 2.006832415857303875e+00 7.094576122052579370e-01 -1.123199646164074084e+00
1.000000000000000000e+00 -1.507215120441854239e+00 7.123950979297386521e-01 -1.913981721299705452e+00 -1.785528110499463583e+00 -4.281443205157838605e+00 4.787913894313331475e+00 2.274568371145957002e+00 1.501078925517999263e+00 1.986484921382451141e+00 -4.166786849454764408e+00
1.000000000000000000e+00 -1.248971105763717615e+00 1.236542002932095485e+00 -9.042145074575306252e-01 -2.381845746089003235e+00 -1.313502607377218023e+00 5.752789006739149613e+00 3.537299274692120132e+00 8.046462913937699746e-01 1.549740932775492963e+00 -2.739099395405324877e+00
1.000000000000000000e+00 -2.790539358945361315e+00 7.359292880005317006e-01 -1.566614562692525858e+00 -7.857228652026050364e-01 -3.081258117792586404e+00 5.587935823431169347e+00 9.510033048532168243e-01 2.212528815502983193e+00 1.137150531120168395e+00 -1.970864464844516384e+00
0.000000000000000000e+00 4.150119828641840591e+00 -2.165090182408063058e+00 -1.461676864722134983e+00 -4.363178073931408996e+00 5.354731514584683438e+00 3.904371549429098476e+00 -2.669203543921386146e+00 2.391476279214376444e+00 3.017365314800153797e+00 -4.303574919081398775e+00
1.000000000000000000e+00 -1.793211747972086378e+00 -1.597969343532401609e-01 -1.718653288700733306e+00 -3.081673407503743078e+00 -3.506762297265437311e+00 6.211120072056977470e+00 2.034353248570949901e+00 2.578386467453101183e+00 1.800293134096570880e+00 -3.407627797944204229e+00
0.000000000000000000e+00 4.325075243264021374e+00 -3.935237537569151733e+00 -1.523580442232235210e+00 -6.572248919727678995e+00 3.736374974051924092e+00 5.228310646244654691e+00 -4.112020799499709334e+00 3.618532734355304648e+00 5.165104269243970592e+00 -5.292361196729222783e+00
0.000000000000000000e+00 2.840894419538301463e+00 -1.120293046224637212e+00 -2.350759484417872081e+00 -4.019886166065798960e+00 3.630012163794034130e+00 5.706041568496897476e+00 -1.388157677916230792e+00 1.789210243254611754e+00 2.641178719389480456e+00 -2.456449497154308936e+00
0.000000000000000000e+00 1.511526723659967875e+00 -3.546336983393954867e+00 -1.946327460021668898e+00 -3.470014275321217312e+00 4.496949227785973058e+00 5.689999872478909815e+00 -1.321332981705355403e+00 2.217833084679883271e+00 4.533164331628409371e+00 -3.747866990724296521e+00
1.000000000000000000e+00 -3.902586636278053689e+00 -4.620380356105431296e-01 -9.684397322351563364e-01 -1.688759553625531096e+00 -2.554709280756966905e+00 5.841083621378655444e+00 1.743889591189151878e+00 -1.537943160043740320e+00 1.917594218307716369e+00 -8.373359590596656243e-01
1.000000000000000000e+00 -2.544071578033967107e+00 1.255102143161689110e+00 -5.190554624090455427e-01 -1.863584242470971875e+00 -2.539180205480285668e+00 3.870727251722015705e+00 1.816054538110089212e+00 7.168645536304216748e-01 1.434425936965099790e+00 -2.578676428450487279e+00
0.000000000000000000e+00 3.799761779272355700e+00 -6.315513211401275750e-01 -1.211120165246154512e+00 -4.784264937836090859e+00 3.758978613948938730e+00 2.949095207961452747e+00 -6.303366254041931072e-01 2.838171851271890755e+00 2.107813323531637639e+00 -5.167609585694489027e+00
0.000000000000000000e+00 3.348340439371756183e+00 -3.746304766114437523e+00 -3.728891562301690055e+00 -5.175587546999740773e+00 4.934158297202110077e+00 3.633095263325652802e+00 -2.459473138852550367e+00 1.434914943393194031e+00 3.967660537922332864e+00 -3.059828922448647237e+00
0.000000000000000000e+00 2.674949531952010684e+00 -2.250372637167963763e+00 -2.599055770379944175e+00 -4.351156672649975299e+00 3.774698029627255202e+00 3.900043154950003199e+00 -1.751410882241609901e+00 4.621594895622561872e+00 1.951892037986610928e+00 -6.121741630036126480e+00
1.000000000000000000e+00 -3.746855866429285697e+00 -5.495367153751207212e-01 -3.939216469785706387e+00 -2.737931028750178797e+00 -3.445175886291563128e+00 5.759791806773814749e+00 9.138590290630986823e-01 1.184414949152230667e+00 1.435502162147597183e+00 -3.313858708559100030e+00
0.000000000000000000e+00 5.759752325107131199e+00 -2.130831063520563617e+00 -2.467527649555958380e+00 -3.669308937298402462e+00 3.464279217185260329e+00 2.716764485326118361e+00 -1.632814194089361459e+00 3.627629036228606552e+00 4.078764762501325691e+00 -2.327533115898221538e+00
1.000000000000000000e+00 -2.110918029272605967e+00 -1.054579011233897301e+00 -8.452094084852770361e-01 -1.980084793536882604e+00 -1.071672594563498615e+00 6.946816969382686224e+00 1.651731551695798661e+00 -3.291690765377717209e-01 2.649618931523567422e+00 -2.197575888298727964e+00
1.000000000000000000e+00 -1.938915442340587658e+00 -3.836053914223527261e-01 -3.252043260596865437e+00 -2.812262145674850444e+00 -2.698988453205417581e+00 4.913859214545049703e+00 -2.179879153267392233e-01 1.297486968196061685e+00 1.035088520720685690e+00 -2.538654131672831493e+00
0.000000000000000000e+00 4.198491873189325041e+00 -1.907602848387063066e+00 -2.802957223003617493e+00 -4.349912396096841327e+00 4.869049167717575344e+00 3.280069557217739185e+00 -1.457697643985816915e+00 2.806459322500615361e+00 4.299020325661939701e+00 -3.191595501028040793e+00
1.000000000000000000e+00 -2.319169587923788356e+00 -2.255307803671707134e+00 -6.481764259987667920e-01 -1.875424253816913467e+00 -3.731279208098767342e+00 4.625728569310236793e+00 1.720013003015882669e+00 1.785047999224660620e+00 1.057237849059879053e+00 -2.580414228752434092e+00
0.000000000000000000e+00 4.332933589612090408e+00 -2.572190458396264034e+00 -2.224702843143121278e+00 -4.090461051797682046e+00 5.582608293465652238e+00 5.114287321619376492e+00 -2.006905696734583522e+00 2.639277186385212914e+00 3.530320763314382049e+00 -4.161518277893692996e+00
1.000000000000000000e+00 -2.655358922567414570e+00 2.106033909548298944e+00 -9.463367951091791186e-01 -6.608247655477412774e-01 -4.224115936141410010e+00 3.361669338695864262e+00 1.235333620396270149e+00 -1.546474174173995131e-01 1.824061808007543029e+00 -2.329227898246426509e+00
0.000000000000000000e+00 3.559047000584511622e+00 -9.579454044373809651e-01 -2.082774484828812778e+00 -2.277511047602760019e+00 4.608340616549639890e+00 3.866213675522705895e+00 -2.622707058330706609e+00 2.317822452543381484e+00 4.425998811149107759e+00 -3.026157243916433259e+00
1.000000000000000000e+00 -2.027455089612035355e+00 1.227964970278280776e-01 -9.000271295067255872e-01 -1.651040090238673930e+00 -2.336956687933729349e+00 3.909546842702027902e+00 1.736584519395129478e+00 3.007198783031023170e-01 5.207075814952323300e-01 -1.249993762325191993e+00
1.000000000000000000e+00 -2.968451477705477792e+00 2.962042825846663008e-01 -2.000776858686694304e+00 -1.504030901535300391e+00 -2.090752531026835559e+00 5.629421744321395416e+00 2.168483231896332519e+00 8.378120812706697507e-01 1.315550255150038428e+00 -2.655979706937436458e+00
0.000000000000000000e+00 3.267676012023250198e+00 -2.765989905231097890e+00 -2.940720487415104056e+00 -5.744070644956316585e+00 4.727648038336845104e+00 6.855991669332183847e+00 1.171935725354242841e-01 2.721517260775263569e+00 4.005672090672194763e+00 -4.956515860513864169e+00
0.000000000000000000e+00 4.530591138822614106e+00 -1.185647117370452364e+00 -2.066102193320098035e+00 -3.786106226081809911e+00 4.657889210016664450e+00 2.945957443394873643e+00 -2.807971830789119050e+00 2.916332327545259950e+00 2.026265999562032682e+00 -3.812953474353384831e+00
1.000000000000000000e+00 -2.569529837369589842e+00 4.336678338053321369e-01 -1.658157775024599712e+00 -1.590457022490206818e+00 -3.548856436867714237e+00 4.996329139667800234e+00 2.648547825543090539e-01 2.740429709467085306e+00 -3.696318362988475492e-01 -2.105129053184759069e+00
1.000000000000000000e+00 -3.574847589584724261e+00 9.564832063329768985e-01 -2.546707558442089514e+00 -1.520204067513569957e+00 -2.337291512900263157e+00 6.579631462472269376e+00 3.730672193160031735e-01 4.199019497257716615e-01 1.074781403294660986e+00 -3.164837452980768795e+00
0.000000000000000000e+00 3.863634545898956496e+00 -1.830225978256660335e+00 -1.199791395283083872e+00 -4.141493315537704945e+00 5.038647238470575829e+00 5.577445824071995517e+00 -2.605581275743283243e+00 3.810644177293170731e+00 1.429453916677962511e+00 -3.268640168378407651e+00
