0.000000000000000000e+00 -1.030904099354517278e+01 -7.063971250625401765e+00 -1.495581241976783105e+00 -3.115319316039308895e-01 1.000574563445124987e+01 8.481614192182137302e+00 5.809719677913655067e-01 -8.544514977162323000e-01 4.401545997016537370e+00 -5.206219841992933084e+00
0.000000000000000000e+00 -9.792588922855795630e+00 -5.997267204010799269e+00 -1.805018328269324623e+00 -1.954037884269671288e+00 8.576018163628882363e+00 9.107527731931000403e+00 1.212532821912761349e+00 2.313204970546730577e-01 5.364818497948583342e+00 -4.668880380105496108e+00
0.000000000000000000e+00 -9.848060314407202753e+00 -5.506510713148537128e+00 -2.308446696691889510e+00 -2.428333033813510511e+00 8.714860891989587799e+00 9.962931768065995897e+00 1.032814568735124450e+00 -1.307281898755640714e+00 3.587714700149638780e+00 -4.445468674833936262e+00
0.000000000000000000e+00 -1.012340528240137694e+01 -7.511851349952804568e+00 -2.223470698385304090e+00 -1.337310685414015765e+00 8.573019542203347498e+00 9.308984415749520736e+00 1.553654470332589188e+00 1.123093476228959053e-01 3.021336243798776522e+00 -5.073160282866539639e+00
1.000000000000000000e+00 5.583495944810255018e+00 5.614486461263730632e+00 2.725978691274824506e+00 -2.444462237485646450e-01 2.137638355376471289e+00 7.058591231132107069e+00 -5.256896114487770610e+00 2.337360204208890124e+00 7.705301343549876059e+00 8.289314636388414925e+00
1.000000000000000000e+00 5.431176749301968698e+00 6.797513455736229560e+00 2.970513750000381314e+00 -3.584410439499618461e-01 1.490798391404219991e+00 5.065480233771753049e+00 -6.633769674214929246e+00 2.772380863940480111e+00 6.601915987139167719e+00 9.737122926316112981e+00
0.000000000000000000e+00 -1.146017578833658845e+01 -6.922763949661746352e+00 -6.820748132582904466e-01 -2.660652300507567958e+00 6.563806420974676925e+00 8.619077196112852945e+00 6.095646954635711712e-01 -1.044174639351126421e-01 4.443338126795529419e+00 -5.915165673331635787e+00
0.000000000000000000e+00 -9.108888022551134611e+00 -6.437658037808279055e+00 -1.528764674248217270e+00 -5.722386137458816968e-01 7.872934101554222686e+00 9.061880245092131858e+00 9.958756859356490132e-01 6.123876974970399178e-01 4.357617478633192931e+00 -4.574764394104052556e+00
0.000000000000000000e+00 -9.105750985172758050e+00 -5.542242164087611833e+00 -9.936472020240626479e-01 -1.735636581860916738e+00 7.971266768807860004e+00 8.086313938770965493e+00 -8.162477644781895858e-01 -1.069723396948211391e+00 6.696115185426493532e+00 -5.672470804556023261e+00
1.000000000000000000e+00 6.593205731131899228e+00 5.295827042894856618e+00 1.918850791466433670e+00 -1.324929632674011426e+00 1.381757713413604982e+00 6.602309579823059771e+00 -5.983345971170797029e+00 3.033856673745640720e+00 8.019349049121336392e+00 1.022905237627007224e+01
0.000000000000000000e+00 -1.078550824388065976e+01 -6.874795195923786295e+00 -1.905255687804410236e+00 -5.498371797600274391e-01 1.027828435165644372e+01 9.785825031502099591e+00 1.295576651162689608e+00 -8.918784207003017661e-01 2.507711404876150407e+00 -3.436313723658013686e+00
0.000000000000000000e+00 -9.503593146579659035e+00 -6.227282325684404540e+00 -5.029977923042380228e-01 -3.262007176362847094e+00 7.660791242015858593e+00 1.080970354645682718e+01 4.711424404274255906e-02 1.152829568951079020e+00 3.375707496435203847e+00 -4.743246420631419547e+00
0.000000000000000000e+00 -8.534083452390252233e+00 -8.650301656163348341e+00 -2.569863843281757099e+00 -2.063015730419535565e+00 7.952073908297924376e+00 8.432932531173417345e+00 1.455990924906417128e+00 -2.296735047542049213e-01 4.957164121860949457e+00 -4.375739780109200616e+00
0.000000000000000000e+00 -9.449592869385663008e+00 -6.534378151479592667e+00 -9.258928706385005647e-01 4.841620120319647391e-01 8.756316507879219557e+00 7.508759057809808013e+00 -3.487530288231956987e-01 2.427305110838734459e-01 4.038076588834222491e+00 -6.524286391096493887e+00
1.000000000000000000e+00 5.889683794223836699e+00 6.980244071391984662e+00 2.948674096181662208e+00 -2.792954977640289549e-01 5.133883823679386005e-01 7.362738706003505662e+00 -4.017416783895838783e+00 2.152470009690523156e+00 7.556134592278536566e+00 1.038995345210832255e+01
1.000000000000000000e+00 6.300280100923848714e+00 7.658611425073543089e+00 2.405140626978712781e+00 -2.385530983577204278e-01 2.354771446378518096e+00 5.699576081800261207e+00 -4.307694862288229842e+00 4.757488563562148443e+00 6.025379906560350385e+00 9.002905902804847926e+00
1.000000000000000000e+00 5.988953801295241242e+00 6.857196607974875846e+00 2.601868246080390357e+00 3.111724370446529164e-01 1.654840554486585180e+00 5.721075268425384941e+00 -5.010597108571583469e+00 3.194547781606813075e+00 6.744540660103897523e+00 1.018610508329721931e+01
0.000000000000000000e+00 -9.792920488458134898e+00 -6.352261055287436342e+00 -1.072881410026414573e+00 -2.127094171871628969e+00 9.654835731520210018e+00 9.356001842277470004e+00 1.594842263654803194e-01 -1.096101841181087222e+00 4.129345729212269056e+00 -4.447049796083356377e+00
0.000000000000000000e+00 -1.051530619981567227e+01 -6.899426228296449359e+00 -5.424238990638858837e-01 -2.430398551068415625e+00 8.353015242386808481e+00 1.007877830353166004e+01 1.842511711602285107e+00 -1.141098783866968169e+00 6.158806240187834291e+00 -4.911218877596355448e+00
1.000000000000000000e+00 6.006089087403403859e+00 5.304316301565892289e+00 1.860143091148299899e+00 -8.481539673289983927e-01 1.654620128243835753e+00 6.517575330506996778e+00 -4.628144048711779313e+00 4.344335737401142872e+00 8.540268196427186709e+00 1.051508784979394129e+01
0.000000000000000000e+00 -9.040866374947128747e+00 -6.136015183342497181e+00 -6.904695573028333255e-01 -3.582046741539160362e+00 8.096927161443504772e+00 1.118015277590271594e+01 2.495817908102427873e-01 3.478304505740217323e-01 5.545911790592622737e+00 -5.119337549951076483e+00
0.000000000000000000e+00 -8.260451129985877827e+00 -7.779996763443890906e+00 -1.983369611045343150e+00 -3.066723162942499137e+00 8.776784801598902064e+00 9.345033299077911693e+00 1.441941642093110598e+00 -8.446510871069918824e-01 4.485439116357529343e+00 -4.055139915322229172e+00
1.000000000000000000e+00 5.990330932721696477e+00 7.129682627976509757e+00 1.060119111320623864e+00 -3.489114103815964540e-01 1.309134905348531275e+00 6.887272166471671397e+00 -4.476076398464480022e+00 2.914950755047909237e+00 6.341197931783757014e+00 1.128410148507079747e+01
0.000000000000000000e+00 -8.879183890844702276e+00 -6.529659835078716057e+00 -2.148122551054971296e+00 -1.416527444020564630e+00 7.871496078527999707e+00 8.939661269478568428e+00 1.320785847875439289e+00 -5.220824056995434503e-01 4.621102473849661330e+00 -4.989263578910489549e+00
0.000000000000000000e+00 -9.277170751443350127e+00 -6.961944139408654308e+00 -1.540105848917713294e+00 -2.949246698742124639e+00 9.259253896835256015e+00 1.026726034974621804e+01 1.309675957295217907e+00 -4.390436731705407714e-01 3.704951610804989137e+00 -5.353071278233214159e+00
0.000000000000000000e+00 -1.045782508076591810e+01 -7.952045862358610329e+00 -1.776058823913475582e-01 -1.182233599430823956e+00 9.666580849920833884e+00 1.025550441070137175e+01 1.203390506397047366e-01 -5.230388525017930501e-01 5.671792811385317101e+00 -4.720256070275809179e+00
1.000000000000000000e+00 6.228620852358099924e+00 6.180505279136088603e+00 1.107188402311211073e+00 -2.287902840452120667e+00 3.083490895075263083e+00 4.226319202191601399e+00 -6.031220351130096802e+00 4.107895749076619474e+00 7.457423055019064329e+00 1.022619266618176859e+01
1.000000000000000000e+00 6.293239063342096706e+00 8.094714266245077283e+00 1.742212085129458465e+00 -1.457228179710918559e+00 2.910724882055023333e+00 5.334985001591555864e+00 -4.629883202143866505e+00 1.515577964619320595e+00 8.088025424658562557e+00 1.023379774511885820e+01
0.000000000000000000e+00 -9.496276816075130967e+00 -7.708696020087110412e+00 -1.329511834426697403e+00 -1.897763092885570879e+00 8.206574793271490975e+00 9.796088247962520867e+00 -2.471554978757841692e-01 3.058458098652940826e-01 4.257750427143331962e+00 -4.998242231205972885e+00
0.000000000000000000e+00 -9.365000452985368540e+00 -7.357097566366483932e+00 -1.701375496799856224e+00 -5.583840605581373850e-01 1.040195400293615435e+01 1.005889651930310080e+01 -4.077782482528771180e-01 2.911274561035156472e-01 4.107720664213944772e+00 -5.129822855235532053e+00
0.000000000000000000e+00 -8.648716038239482984e+00 -7.430816378409577538e+00 -1.350248104335688204e+00 -1.040038272131782238e+00 1.042755788502148384e+01 1.036338744545298596e+01 1.778181805192065923e+00 7.329042136432835086e-01 4.113860492289290072e+00 -4.437031387729777343e+00
0.000000000000000000e+00 -1.071346318232024508e+01 -7.584484349290836036e+00 -1.133351329765910576e+00 -1.326014323262744821e+00 8.851933316730344004e+00 1.093117516741690309e+01 6.323940900243030239e-01 9.571917672079053307e-01 3.779923933043294326e+00 -5.005030008346146531e+00
0.000000000000000000e+00 -1.046294343728821907e+01 -7.193293918656510577e+00 -5.068518999191632401e-01 -1.183714049487120779e+00 9.691454680218503981e+00 8.891362371433302769e+00 2.605529553057382985e-01 5.250999514940507540e-01 4.228989910284650655e+00 -5.247569759786987476e+00
1.000000000000000000e+00 5.822116383516836358e+00 5.966665480437510993e+00 2.570375112773513937e+00 1.250170404640224442e+00 7.110146255600049425e-01 5.384001446545764402e+00 -5.934326311068035764e+00 4.022915305721446622e+00 6.080442831563159345e+00 1.009926699244138248e+01
1.000000000000000000e+00 4.927991331067927305e+00 7.836481586942287691e+00 6.348803736099892792e-01 4.982379838301098651e-02 1.896667900170695864e+00 6.520839979337809567e+00 -4.318302252766393678e+00 2.638181491392210365e+00 6.150758744774496911e+00 1.033003440842167464e+01
0.000000000000000000e+00 -9.411155994180090190e+00 -6.673413832778694932e+00 -8.346067692796539372e-01 -1.967170406780048175e+00 8.139714451180520172e+00 1.005476165291717194e+01 2.251445513808758569e-02 -5.222271510458625920e-01 5.311851466933288357e+00 -5.753639520399523200e+00
1.000000000000000000e+00 5.953364057000192666e+00 7.106665635352904964e+00 1.522934822815250167e+00 -1.436455524331050615e+00 8.750736771221737653e-01 5.133672946783124580e+00 -5.949696556659229252e+00 4.223416275946727083e+00 7.037872870117056756e+00 8.037946042190515783e+00
1.000000000000000000e+00 6.659874178303292425e+00 5.945002258276687712e+00 1.711030926446423406e+00 -7.521604507110524196e-01 2.831212720489665102e+00 5.930801903824460375e+00 -5.317716164851963079e+00 4.101341975727595290e+00 6.380634166951023367e+00 1.035741774257990855e+01
1.000000000000000000e+00 4.890394832517991119e+00 7.556067144880771025e+00 7.335716406269128242e-01 9.299315155269385347e-01 1.501743934305415307e+00 3.778440879984351408e+00 -5.967902275130988698e+00 3.469175384631413284e+00 4.690620408653613183e+00 1.082857701243421822e+01
1.000000000000000000e+00 5.684034206647999632e+00 5.375122662929475048e+00 -3.360973852549857810e-01 -6.874316549768018092e-01 1.250534005283155725e+00 7.851412347714957995e+00 -4.212182564178429622e+00 4.766065889131406053e+00 7.565576621980564020e+00 9.553878180641799389e+00
1.000000000000000000e+00 6.172148929318613142e+00 6.242951084036637788e+00 2.044592067419312986e+00 2.190944148000875114e-01 1.932317568019906506e+00 6.962310946607273898e+00 -5.477773490893776298e+00 3.876437605785908680e+00 6.100819824487171417e+00 1.083148884568555737e+01
1.000000000000000000e+00 6.370698948049787091e+00 5.420128912132594401e+00 3.220094998284065646e+00 -5.675825774980796101e-01 1.762117696679159629e+00 4.894310929144209510e+00 -4.837131565848507897e+00 4.301763114097736818e+00 5.349138802640357682e+00 9.830593075107730172e+00
0.000000000000000000e+00 -1.034599620467025893e+01 -6.443441379951321046e+00 -1.153274731224426697e+00 -3.053801814704194761e+00 8.917656438747251002e+00 8.812479301366318296e+00 8.783443151976541019e-01 2.184146205801037466e-01 4.879628029023733049e+00 -4.532338284651498128e+00
0.000000000000000000e+00 -1.000726985588659979e+01 -6.544486488298075777e+00 -1.805007744875017472e+00 -3.152904014322019499e+00 1.025610705133872891e+01 1.134102684127488558e+01 2.023277694847400277e+00 -4.809935349495116919e-01 5.152260863012412706e+00 -4.920600737837523830e+00
0.000000000000000000e+00 -9.244428113545396286e+00 -6.363094018134162866e+00 -2.293601057703370749e+00 -2.098858477456517768e+00 9.266277317620016163e+00 9.659402045948979776e+00 4.306657127313839872e-01 -1.184997023863532117e-01 4.067918868721790204e+00 -3.883101849959722074e+00
0.000000000000000000e+00 -1.127643425178852965e+01 -7.196695738143836785e+00 -1.615666366678636834e+00 -2.154661146235149705e+00 8.442880369899057769e+00 1.004433342759256753e+01 2.376366190415501123e+00 -4.794244782710649355e-01 5.465227621162371818e+00 -4.826884459464492849e+00
1.000000000000000000e+00 5.719500532473463572e+00 7.028611788413216210e+00 1.598517483949138729e+00 1.543994808189527168e+00 2.810432640065675614e+00 5.957303404009977932e+00 -6.222943767363555700e+00 4.616698997147880235e+00 7.232729719441908678e+00 1.137806567542310177e+01
1.000000000000000000e+00 5.037127433898174189e+00 8.638584158686775538e+00 1.929114279953855871e+00 1.378203310151083549e+00 1.559475200975071862e+00 6.519430966779707681e+00 -6.057180015508205173e+00 4.023683470392417583e+00 7.645456307367549442e+00 9.941785072126295475e+00
1.000000000000000000e+00 5.851340196537902827e+00 8.125047967582075259e+00 1.726931192664290959e+00 1.256879230762708133e+00 1.377298835968703283e+00 7.254862448974779277e+00 -4.381394396231847566e+00 3.110384346045295789e+00 7.274368498058899846e+00 9.670779311586416682e+00
1.000000000000000000e+00 4.973128975033514365e+00 6.523073253772084357e+00 2.312981710287892678e+00 1.781537105098679241e+00 1.464090591847259093e+00 5.225844828296787981e+00 -7.040886175868020125e+00 3.499064461303543094e+00 9.084608784716229124e+00 1.129126286079300812e+01
0.000000000000000000e+00 -1.068439079000655845e+01 -6.254631338900759729e+00 -8.475279458289263212e-01 -2.509684865951395505e+00 8.009949390302317340e+00 6.271612872833422614e+00 1.304078095742988497e+00 8.498595070617378511e-01 4.659789822232156098e+00 -4.021556757629422663e+00
0.000000000000000000e+00 -8.978169995311644058e+00 -6.097286129387634368e+00 -6.104657645453172021e-01 -2.291621475410873021e+00 8.647132056612912621e+00 7.662853767648609704e+00 1.139618090566342445e+00 5.208358042776752850e-01 4.864482783711194358e+00 -5.031051231946555014e+00
0.000000000000000000e+00 -1.077524450811423939e+01 -6.305612100987421975e+00 -2.434095065866319629e+00 -3.458561747459631963e-01 9.795271111225900995e+00 9.323072698070427933e+00 2.089406764464217803e-01 -5.979721262523020053e-01 4.256812169466141604e+00 -5.248451129052026154e+00
1.000000000000000000e+00 5.835241476021778340e+00 6.676649162189239206e+00 1.660307148106767494e+00 6.925487411089054079e-01 2.388760871598962332e+00 6.337470411550291338e+00 -6.117667446026907818e+00 3.134875070651377271e+00 5.811152483763017962e+00 8.961650737120821830e+00
1.000000000000000000e+00 5.585418737185396942e+00 6.998547561371022852e+00 1.604919878371761310e+00 -1.362126371068963726e+00 2.198829973971835994e+00 5.933101974802816869e+00 -5.859971805574394565e+00 4.378137553653427716e+00 7.894804524230621290e+00 1.015646233196333093e+01
0.000000000000000000e+00 -1.018073428041858719e+01 -7.676195766861959591e+00 -9.527253172192446939e-01 -2.238959789109742360e+00 8.772453648678725457e+00 1.104874145998689983e+01 7.727093409158822812e-01 -6.615732849596405174e-01 3.444586265285647819e+00 -4.075876745053196970e+00
1.000000000000000000e+00 6.105622523480579211e+00 5.937710378905137532e+00 1.590910517574834371e+00 1.149366927968687557e+00 3.415063801037483415e+00 5.712612077517136733e+00 -6.565528652598752402e+00 3.492950268217880794e+00 8.482899687464255933e+00 9.211637650926997267e+00
1.000000000000000000e+00 5.999121291761647434e+00 5.329675579246791806e+00 1.255718642416590480e+00 -4.453151537841179008e-01 2.177032683043230499e+00 4.715047290746110065e+00 -5.349309402150891124e+00 2.484916374327248434e+00 8.187528697013043200e+00 1.116671587893525341e+01
0.000000000000000000e+00 -9.751942087989613484e+00 -7.595753387457350847e+00 -7.834010201992064326e-01 -1.252631413996596166e+00 8.509790765842231153e+00 9.272158864618667451e+00 1.699984939797808625e+00 -1.090154021140427254e+00 3.884668030792790994e+00 -4.633949217888413408e+00
1.000000000000000000e+00 5.923903868688758401e+00 7.902508270188555173e+00 2.182638178669039863e+00 -1.554890795364968437e+00 2.591712210040467035e+00 4.473526436802986339e+00 -5.363611234657210680e+00 3.907825326601908955e+00 6.481706012440983322e+00 9.414500816030068719e+00
0.000000000000000000e+00 -9.647089355609388406e+00 -5.757645578532618380e+00 -1.058703773522376768e+00 -2.480618844163736014e+00 8.934758478508580737e+00 8.887769850259561011e+00 9.880910759253591635e-02 5.944530383941446505e-01 6.566532908246101030e+00 -2.897135684203861139e+00
0.000000000000000000e+00 -1.153686400084312069e+01 -5.711882362166565308e+00 -8.761626797775319275e-01 -1.502652718934212039e+00 7.773973839625012872e+00 9.908627656469533918e+00 5.067027245693755955e-01 -3.009901308365003914e-02 5.562739500774771528e+00 -5.389724489980061151e+00
1.000000000000000000e+00 7.071303547363248398e+00 6.967880340718723531e+00 1.459375721554629912e+00 -9.873848681027238561e-01 3.635583696495086059e-01 5.282042338146760052e+00 -5.929629908932632532e+00 4.319952864783881630e+00 6.393153757244029123e+00 1.140830592975794744e+01
0.000000000000000000e+00 -9.679818635618721245e+00 -5.246709953763707190e+00 4.793228793891812778e-02 -1.741030163304356781e+00 8.587282801381972419e+00 9.118415659494520042e+00 3.894939952849644227e-01 -5.576810265242941878e-01 5.728746153023351440e+00 -6.435192726893459891e+00
0.000000000000000000e+00 -9.258615177593734202e+00 -5.885350231363548623e+00 -1.403185233080146865e+00 -3.822531955378967172e+00 8.143924409318950453e+00 8.951201767232078055e+00 3.225196087328062733e-01 -5.411923565496042920e-01 3.989521102941579578e+00 -6.209374787051573641e+00
1.000000000000000000e+00 5.364900204587838672e+00 5.605866375643108412e+00 2.162301650214077942e+00 -2.725118039646819423e-01 2.348920368427342531e+00 4.941750466887678606e+00 -5.602915870528261344e+00 4.425835393058696887e+00 7.380112885352032137e+00 9.728114431851647481e+00
0.000000000000000000e+00 -9.121796774571814481e+00 -7.342740109659476211e+00 -4.370591955246492244e-01 -1.379848273596051778e+00 7.894171782289936878e+00 8.426529419812553101e+00 -1.053429504609372902e+00 -2.976517408263447129e-01 4.914921033516916005e+00 -5.302616180664625922e+00
1.000000000000000000e+00 6.945054259194872515e+00 6.239443771694334728e+00 1.751129949733629232e+00 1.045907594530990803e+00 -3.385444899573792910e-01 3.134754397281494853e+00 -7.149810725810625378e+00 3.585468253887977408e+00 7.171672635128086171e+00 9.689247659499786280e+00
1.000000000000000000e+00 5.082317456042368065e+00 7.571536644470276300e+00 2.004036594560872686e+00 1.768860747050821081e+00 1.540391192142181787e+00 7.332567806312265901e+00 -5.401153087998808999e+00 5.684918894108403009e+00 7.085176755028724571e+00 1.082639669300492891e+01
0.000000000000000000e+00 -1.100646360306822125e+01 -6.393861999693600140e+00 -1.045421938012458529e+00 -3.085469585235629975e+00 8.807427052695247838e+00 9.343391858890933932e+00 1.676711505947449332e+00 1.135753133471546716e+00 5.208138712010264015e+00 -5.725459546566563418e+00
0.000000000000000000e+00 -1.078131122575996415e+01 -5.688118101295628115e+00 -1.144078072909711530e+00 -2.936369026865263354e+00 8.957494391609250428e+00 9.217448366024619588e+00 8.496053983946790789e-01 -1.560115984883346241e-01 4.809684724213707518e+00 -5.470349736490148551e+00
1.000000000000000000e+00 6.422676105045834305e+00 6.203504684292126647e+00 2.161580252593375828e+00 -1.626804493912443472e-01 1.234909349581705840e+00 5.745637832624975516e+00 -6.581978222787536303e+00 3.568210974183330109e+00 6.696750683750749111e+00 9.412820810472782185e+00
1.000000000000000000e+00 5.730588350491210292e+00 6.598655785669173213e+00 1.078468225221613119e+00 -2.737444723339492292e+00 1.794531753748102698e+00 4.879421345500929874e+00 -6.729737577434948825e+00 4.424342898287332737e+00 7.489741130819003168e+00 9.519233432592063338e+00
1.000000000000000000e+00 5.475689601305573362e+00 6.486658960028902854e+00 1.891977626977040972e+00 -1.519376115586518861e+00 1.222557113179565391e+00 6.318162451675756408e+00 -6.897446431820590362e+00 3.462351437441858693e+00 7.970627125097737853e+00 1.100296623553430386e+01
1.000000000000000000e+00 6.468433148962058787e+00 8.047326736723139362e+00 2.069664091344968426e+00 -1.898314639543978943e+00 1.008600336453785218e+00 5.772979714784243654e+00 -5.738517452936251040e+00 3.962473035473498939e+00 7.159130719215054839e+00 9.795062747684040616e+00
0.000000000000000000e+00 -1.059977922460436339e+01 -6.266935260097522331e+00 -1.435211198481386896e+00 -1.892374567283030551e-01 6.982979350799864982e+00 9.135312985173637657e+00 1.862615086081214733e+00 -1.565588815749668239e+00 5.119755843387599370e+00 -3.933191511897987880e+00
1.000000000000000000e+00 6.150518744459847476e+00 7.113216667571315099e+00 1.116578126447792307e+00 -1.357991375399637324e+00 1.370832249494092325e+00 4.829399821344423138e+00 -6.290087837520021985e+00 3.527378865732068380e+00 6.663186583171610167e+00 1.109455138795412310e+01
0.000000000000000000e+00 -9.759704411006275393e+00 -6.475884065775579401e+00 -1.725063505588212642e+00 -1.448929118238189817e+00 8.628897581532607219e+00 1.006903041902120322e+01 1.047413334159684739e-01 8.757616196551143428e-02 3.944051267069442979e+00 -5.110791127633622644e+00
1.000000000000000000e+00 5.663115946064828599e+00 8.218850008910404625e+00 1.934871809401113474e+00 -7.317430606014763139e-01 1.979227965676223056e+00 4.604083680566990466e+00 -4.666388941047970640e+00 4.156833116451390531e+00 8.197266678813617702e+00 1.073172581749351195e+01
1.000000000000000000e+00 4.946804902771566148e+00 7.304321685357875182e+00 1.430847893633395262e+00 -7.182168389514194118e-01 1.305943228075516549e+00 7.707967597599858500e+00 -4.604152675513015325e+00 3.319042112460306448e+00 7.791319777393869828e+00 1.026304313381260513e+01
1.000000000000000000e+00 5.827951267006752367e+00 7.327842669680416421e+00 7.325849876103964764e-01 -6.875105707850127645e-01 1.029429240541018808e+00 6.161638435710954376e+00 -5.327192733362783095e+00 2.158530081890136287e+00 6.786681341177145832e+00 1.058650630927315284e+01
1.000000000000000000e+00 5.866740572111507568e+00 5.240172791462906154e+00 2.145066104822296094e+00 6.967853537421726529e-01 1.566530111138453307e+00 4.782863555924683041e+00 -7.409986646085776840e+00 4.167081266767874048e+00 7.602581224167512808e+00 1.070347615776680605e+01
1.000000000000000000e+00 5.592868757677798008e+00 7.185066504748082394e+00 1.587334498664707549e+00 -8.772868637769790645e-01 2.677956856831090526e+00 6.508700757524225722e+00 -6.400727498117557701e+00 3.166507164759822857e+00 7.270898977898888838e+00 9.745703959977563002e+00
1.000000000000000000e+00 7.022799623264172730e+00 6.806530936393001774e+00 1.012907044111114985e+00 -1.580956864446207755e+00 6.564275635952547816e-01 5.733059736616528568e+00 -8.093443606100620968e+00 2.824036018620895927e+00 7.027202508013735915e+00 1.079047533618448718e+01
1.000000000000000000e+00 6.536590922195862241e+00 7.756176608746243595e+00 1.728062110155253128e+00 -2.850010636578975687e-01 1.271332368036520943e+00 6.228344196042131742e+00 -5.982614456487487686e+00 4.329201827398697411e+00 8.942274365392600899e+00 1.025521521911754519e+01
1.000000000000000000e+00 5.464820570558379664e+00 7.745082284490931279e+00 2.650911669710029894e+00 -3.593834716110826388e-01 3.127158162005776454e-01 6.734021122030989126e+00 -4.511412677824718997e+00 2.215140337269664972e+00 8.672898593695355984e+00 9.788335170955500431e+00
0.000000000000000000e+00 -8.609527061982182872e+00 -6.610389232466046927e+00 -1.068518941400964817e+00 -2.498759951114783995e+00 8.615184672842056912e+00 9.148108803532855049e+00 1.764682064771706305e+00 -1.328297573882067262e+00 5.753959869800681304e+00 -4.531242276755943266e+00
0.000000000000000000e+00 -8.546918757653632071e+00 -6.552935898738546427e+00 -1.878015680131791765e+00 -3.937452605580360476e-01 8.850588735200396684e+00 1.015831118074583372e+01 4.780993780094224266e-01 -1.489636520251583551e+00 5.033801141200677343e+00 -5.754414998470336329e+00
1.000000000000000000e+00 6.449538557036129660e+00 6.962364725187027759e+00 2.259661267482680813e+00 -5.811950246547901155e-01 1.407051106656348471e+00 6.043678339244187292e+00 -5.083170604601428444e+00 3.049985352113231407e+00 8.454728780895798934e+00 9.703397251199032070e+00
0.000000000000000000e+00 -9.657256706970031246e+00 -7.747422494110338675e+00 -2.152560665342853063e+00 -7.745739523761956402e-01 9.300922919453645576e+00 9.210303989625121091e+00 9.838682769501045922e-01 -6.983808394274779729e-01 4.750530909180846528e+00 -4.519768572381844152e+00
0.000000000000000000e+00 -9.463421677010023458e+00 -6.502087800753619362e+00 -1.509962162975249766e+00 -1.818018912697135558e+00 8.256336574585008137e+00 9.006699901623791860e+00 -6.976843721042436108e-01 5.111678434993153219e-01 3.818095239899375493e+00 -5.588639177570609462e+00
0.000000000000000000e+00 -9.234566192753240088e+00 -7.658146851745297745e+00 -2.405947548571337968e+00 -1.145776423963335011e+00 8.241899133249036780e+00 9.645539797130776805e+00 6.301224148823163507e-01 4.937135909278799195e-01 5.301719023821808818e+00 -4.691140481022665121e+00
1.000000000000000000e+00 5.663537675142418237e+00 6.744620351414664761e+00 3.445163211006041060e+00 -8.645042521506355326e-01 1.693001280898367433e+00 6.449826051150973072e+00 -5.130477502998470385e+00 3.951577313122969670e+00 8.469852463578305901e+00 1.013723865443016692e+01
1.000000000000000000e+00 6.856274296615416652e+00 8.067226671530171700e+00 1.093686131303683418e+00 -1.006577430178929422e+00 7.064949075386272037e-01 5.535492260129026398e+00 -6.373674608485360160e+00 3.492144537364285206e+00 8.344065088126770391e+00 1.013589509154920698e+01
1.000000000000000000e+00 7.945476585974562411e+00 6.784359535839020516e+00 5.403049557388548418e-01 2.102877009485357718e-01 2.178488765524821957e+00 8.079408196000773756e+00 -4.327688208644364209e+00 2.839337388339373547e+00 7.862675480588190879e+00 9.003692144114555873e+00
1.000000000000000000e+00 6.675530234294779319e+00 6.222625206260392616e+00 1.321750480859011923e+00 5.327431203073745847e-01 9.559611385797274208e-01 5.564580539370408196e+00 -4.121860968281344739e+00 3.942928919649649089e+00 7.118988923192202556e+00 8.476072274887677338e+00
1.000000000000000000e+00 5.823088696759318061e+00 6.283461281103775775e+00 1.070407653709817275e+00 1.032277267415107724e+00 1.807422420745146141e+00 5.114044661352818544e+00 -4.175993301762616738e+00 3.980301350725153675e+00 6.674230583853458576e+00 9.351096738438947398e+00
0.000000000000000000e+00 -9.570501238619272044e+00 -6.472824315082053914e+00 -1.413164436786562783e+00 -2.156998148135516935e+00 8.647627870075231371e+00 9.249351207262952457e+00 1.406568741658792199e+00 -2.757464282840950132e-01 5.440648841538329172e+00 -4.271259756836177424e+00
0.000000000000000000e+00 -1.074111663281712126e+01 -6.684333952953711133e+00 -9.740628573205127871e-01 -3.400942655217842336e+00 9.183520761311291025e+00 9.984799179551929527e+00 1.738239495970671955e+00 -5.863835356558326772e-01 4.758423455352826181e+00 -4.573499846734925711e+00
0.000000000000000000e+00 -1.019095959915489402e+01 -5.979240407354532216e+00 -2.942537180745377068e-01 -6.499833873860102473e-01 7.820971846138261796e+00 9.675181310583679917e+00 8.153573854203306492e-01 -1.461040920405028753e+00 3.187927546275520108e+00 -3.757739064582578781e+00
