0.000000000000000000e+00 8.876081528195558512e-01 3.178557995869959463e-01 5.568112464305645659e-01 4.436609627621666441e+00 4.603653058302111134e+00 5.546727441688577898e+00 -1.022763452076312252e+00 -3.399297978728887948e-01 -8.985979298029702633e-01 -2.761164165759203648e+00
1.000000000000000000e+00 -4.707041666793773338e+00 1.365220640765479443e+00 1.612499502856098221e+00 1.533181202434338974e+00 -1.877416079488771095e+00 -1.054784399484086199e+00 4.292356685965382113e+00 2.281924695100906231e+00 1.142143800296553602e+00 -2.086192450183834257e+00
1.000000000000000000e+00 -3.541988790191992642e+00 2.215748912921867486e+00 -2.390328170752036296e-01 5.203771180641911798e-01 -5.620707572296958610e+00 -1.035789583917329892e+00 4.076955726710842498e+00 5.093520363271246687e-01 1.684858409998378548e+00 -1.145219539463474767e+00
0.000000000000000000e+00 1.745253792103954593e+00 7.007166219663203410e-01 1.041863638221264488e+00 3.494191320848652804e+00 6.587720740675864661e+00 5.805022509782260975e+00 -8.070540867693776210e-01 -1.055927924664613826e+00 -2.993327799117572852e+00 -4.302714034028857881e+00
0.000000000000000000e+00 2.210139460758820285e+00 2.822572568680724814e+00 1.796556350892795084e-01 5.058490244601754782e+00 3.731738150192525527e+00 4.343639054790925158e+00 -8.624990908700729264e-01 -1.315398190551655855e+00 -3.121999563060232852e+00 -5.098088966382256615e+00
1.000000000000000000e+00 -4.299272472019404212e+00 2.299979325055330204e+00 3.858309993205940591e-01 1.350640518332175688e+00 -3.852880694451136900e+00 1.174063016792610714e+00 5.016695100150511344e+00 1.578296725371485909e+00 -6.114279014180110661e-01 3.577256436378111193e-01
1.000000000000000000e+00 -3.441140286394824610e+00 1.102486847416385363e+00 1.577034749667882263e+00 1.540288978741769510e+00 -4.424824492560824218e+00 -1.092856090636806554e+00 5.689544021537303209e+00 2.317423181056614379e+00 2.792556816780049633e+00 -1.646107261995640947e+00
1.000000000000000000e+00 -5.213392366950623469e+00 1.911323201688322815e+00 1.147038500404735206e+00 2.182770257295433503e+00 -5.658932147889775166e+00 1.849418881754134381e+00 5.251317557390826174e+00 3.759527113343020588e+00 1.239126215404809495e+00 -2.328388620010695576e+00
1.000000000000000000e+00 -2.678750444130406638e+00 2.545114140258662339e+00 1.926514622337403004e+00 2.024780498329688871e+00 -4.098236608856893781e+00 -3.448400271395646310e-02 3.800428708939648015e+00 1.939981742853261970e+00 1.731304376523168820e+00 -2.603962470418932362e+00
0.000000000000000000e+00 1.595756754771821218e+00 1.526430429029272284e+00 3.024981713898243996e+00 4.172259466907044967e+00 4.803473834256649866e+00 3.955665556342888856e+00 -8.269513305851671214e-01 -1.804269970762856445e+00 -2.696812719976842576e+00 -4.872524673178741494e+00
0.000000000000000000e+00 2.653269890333499248e+00 -2.749680792089554959e-01 -7.629380805511876140e-02 5.236871653655635228e+00 4.661532593902325772e+00 4.309421162993438692e+00 -1.066426189987656592e+00 -1.530256102008031194e+00 -3.372422461209541034e+00 -3.932665616761676031e+00
0.000000000000000000e+00 2.601252733474689993e+00 1.044138032470146138e+00 2.593212740193725274e+00 3.609332607679490490e+00 4.396066986706836488e+00 5.359867882352122415e+00 -1.732351160265613310e-01 -1.279718388153639363e+00 -4.618160225351550352e+00 -3.229182386869610344e+00
1.000000000000000000e+00 -4.150654785550012882e+00 3.288007715596746650e+00 7.401357145458082876e-01 2.914414900118474705e+00 -3.407892290121845136e+00 7.632010328194165361e-01 2.840744684261421238e+00 1.976529222434340483e+00 1.382255861954878595e+00 -1.463712929410715180e+00
0.000000000000000000e+00 2.725090262436930644e+00 2.005465113427097990e+00 1.108811461436820744e+00 4.234773711793106798e+00 6.664845411045175361e+00 5.305966242892945495e+00 -1.580724570680346774e+00 -1.764810561943773726e+00 -3.601486008881170431e+00 -4.333004327282880652e+00
1.000000000000000000e+00 -6.045287103431494558e+00 1.355824402200794587e+00 4.733602324682409934e-01 2.562459199107705032e+00 -3.928517833104914203e+00 -4.193522713561286253e-01 5.800442348229624123e+00 1.988098514075875345e+00 -4.590016535695817801e-01 -7.769766428803468461e-01
1.000000000000000000e+00 -5.679337493050757857e+00 2.733337300793969415e+00 1.584168362617939474e+00 1.533502428299309273e+00 -3.450925128284964671e+00 2.709005147739836916e-01 4.734733797970144487e+00 4.060709356799539371e+00 2.002846612602073861e+00 -1.147808545559237059e+00
0.000000000000000000e+00 3.794238340305535750e+00 2.449735836977166237e+00 1.575017389234276699e-01 5.319642887512158858e+00 6.435587579267620484e+00 5.368769172093807995e+00 -1.291061802100953670e+00 -4.178832515970420936e-02 -4.149846253515423911e+00 -4.076282448839760875e+00
1.000000000000000000e+00 -4.122809278562867163e+00 1.346727127462298057e+00 1.392658721835678515e+00 2.444943577619298036e+00 -3.481518553897956281e+00 8.062661193138732640e-01 6.373675185633222995e+00 2.608602365700803283e+00 1.834487594365700858e+00 -2.458170778200687412e+00
0.000000000000000000e+00 2.506815753841829864e+00 1.344009059898523262e+00 9.710627621370204743e-01 3.382760479073835480e+00 3.645790215909411103e+00 7.106665276218299354e+00 -5.367261607955885472e-01 -5.816572280599958678e-01 -2.323577449442328025e+00 -4.944537754399023655e+00
1.000000000000000000e+00 -4.632863982647241308e+00 1.315640279866542972e+00 3.689155299863147164e-01 4.329258321656845876e-01 -2.471041084563939449e+00 1.463635314178001856e+00 2.942277091111373366e+00 3.151027614461749060e+00 -1.389157456952962999e-01 -3.043901188335899066e-01
0.000000000000000000e+00 3.095267547353654169e+00 2.494837779335641326e+00 -4.197064971666377708e-01 5.540202090605665930e+00 4.700853823604949078e+00 4.489512083312534152e+00 -1.267267862564440684e+00 -1.067946961076711831e+00 -3.367017833308254104e+00 -3.290280824406754956e+00
1.000000000000000000e+00 -4.334161797154700402e+00 -8.586066580429814188e-01 3.605123572009016897e-01 2.247576796142475519e+00 -5.838269144847309633e+00 -4.331369519588442740e-01 4.192027661490783430e+00 3.104330540476300637e+00 3.483290810878231447e+00 -1.976483034126873317e+00
1.000000000000000000e+00 -4.856724779538009962e+00 3.250063358402675462e+00 1.328920752457289467e+00 4.987540915451529333e-01 -2.101046020250808777e+00 1.536804868645891275e+00 3.355699009715262804e+00 2.516544972586872486e+00 9.385766873255608767e-01 -1.642144050466057159e+00
0.000000000000000000e+00 1.927657091266166800e+00 2.000002686475705005e+00 3.005553873090417438e-01 2.432022297331399852e+00 5.064696032575902507e+00 4.503862913454333317e+00 4.178312791502530876e-01 -2.809884575071221136e+00 -2.588339757100946770e+00 -3.969334649243249746e+00
0.000000000000000000e+00 3.726793397189975821e+00 1.492483573996644219e+00 4.845030853284681971e-01 5.067100112799027833e+00 6.103912468525965807e+00 3.123768893822880699e+00 -1.932163749330123359e+00 -7.799339844471815386e-01 -1.405731196084922585e+00 -4.336851129209132516e+00
0.000000000000000000e+00 2.163547201705193768e+00 1.877211202380206112e+00 1.261708249838079832e+00 3.820573488990833155e+00 5.932795142159173807e+00 3.795072515099130683e+00 -5.643924996776490399e-01 -6.054985163872534937e-01 -1.149719317831184862e+00 -3.878692105811711865e+00
0.000000000000000000e+00 3.260787103769556605e+00 2.125544628821668169e+00 2.435010528324607293e+00 5.919640891970633589e+00 6.067611377544351647e+00 6.201796103984319686e+00 -1.539148234088454803e+00 -1.616557452106963222e+00 -2.200979648505986930e+00 -3.701350606538790444e+00
0.000000000000000000e+00 5.420783114837046668e+00 1.454062817149776254e+00 4.018802548432559574e-01 3.801627522944241555e+00 2.365521509868670602e+00 4.234353019014998054e+00 -9.183978178437356421e-01 -1.324595530834184132e+00 -3.526746487349036840e+00 -4.534352722068937247e+00
1.000000000000000000e+00 -3.886348045876876878e+00 9.142100484569627428e-01 -1.168871160781586926e+00 2.521715130659085258e+00 -2.798679801790040944e+00 1.366705484372275903e-01 4.666287857151594665e+00 3.611389902879159841e+00 1.304624344544112136e+00 -1.925844745104725586e+00
1.000000000000000000e+00 -3.736491539287561281e+00 1.408521352013438310e+00 1.863006097734609678e+00 1.550432415604828140e+00 -1.728089499621355385e+00 -4.957541517024125488e-01 5.945083538692605529e+00 3.129625871215262922e+00 2.157004334969191639e+00 -8.808369652296810237e-01
0.000000000000000000e+00 2.601135268179970872e+00 3.076651823739462444e-01 2.645688707849016552e+00 3.793990106878906143e+00 5.391258454723478089e+00 6.068755426525393126e+00 -1.428043209896005639e+00 -2.092372187217155677e+00 -2.736854412751246191e+00 -3.885985099819940558e+00
0.000000000000000000e+00 2.336892203912547483e+00 1.995051492887390587e+00 8.651401527827096150e-01 3.855162917116160770e+00 4.874962891885723515e+00 4.282450846977666536e+00 -7.157691966324581934e-01 -1.640622671713370062e+00 -3.155448547676479532e+00 -3.750976598164719178e+00
0.000000000000000000e+00 2.365946833004982430e+00 5.614061367903319111e-01 1.014941531033419997e+00 3.593320022400777525e+00 5.341461087609739700e+00 3.918684361058874188e+00 -2.472706097097442379e-01 1.417533931116097268e+00 -3.676045800644554440e+00 -4.725632856853740016e+00
0.000000000000000000e+00 1.574530400770181249e+00 4.140457750783801405e-01 4.816050416626952435e-01 3.821521410419537190e+00 5.002202682788645660e+00 4.606547042405457759e+00 3.832218998725644976e-01 -1.736210976765355962e+00 -1.706821879111741769e+00 -2.489238458004209953e+00
1.000000000000000000e+00 -3.561651045360069379e+00 3.401888515246762612e-01 1.325685954177942438e+00 7.759430706623272611e-01 -3.106076598185909976e+00 -8.495558591798124670e-01 6.020552774194375623e+00 3.190877530049764044e+00 -6.977453064212282285e-01 -5.703411517373550010e-01
0.000000000000000000e+00 3.075770936466507788e+00 1.250175905830827938e+00 3.161781510930316008e-01 3.412681415177166055e+00 5.682536403552734150e+00 3.323531663602029340e+00 3.700078803093422852e-01 -5.904317068260411805e-01 -1.668876391644303014e+00 -2.193449564166289889e+00
0.000000000000000000e+00 2.633683767164846312e+00 7.621251034025093851e-01 2.322651208111117693e+00 4.152505613426295206e+00 5.816631010327965257e+00 4.083136568979300662e+00 2.762697711147826807e-01 -1.232404610599688866e+00 -3.857117450997906261e+00 -4.207940973380218885e+00
1.000000000000000000e+00 -4.574543691063182926e+00 3.484201188822646067e+00 -4.626235241411436050e-02 2.699960512827257464e+00 -4.078254881636586227e+00 1.716834833823579265e+00 4.188301593949040225e+00 3.780343124927036058e+00 4.871439546542565280e-01 -1.623666568102091201e-01
0.000000000000000000e+00 2.396940925907536268e+00 8.499852443544919645e-01 2.663543734411348396e+00 2.459896441115031251e+00 4.976016724370990296e+00 3.794760977124258527e+00 -7.912803759135299542e-01 -8.226267581268381646e-01 -1.721800285056258817e+00 -4.172789586839050990e+00
1.000000000000000000e+00 -4.064852567099435987e+00 2.640277928267946272e+00 2.604266797611837880e+00 7.772807968551797009e-01 -2.229745865336532518e+00 3.479560253280027382e-01 3.783298665672069294e+00 2.594706799765454708e+00 1.339083406569647972e+00 -1.649297629343946747e+00
0.000000000000000000e+00 2.675109452932618925e+00 -7.290184841645066527e-01 3.098271666748465325e+00 3.791658534014391346e+00 7.107775611612807687e+00 5.309733577049438047e+00 -1.268633045152758765e+00 -8.346220155227501714e-02 -3.844695177368853578e+00 -4.161146892933277108e+00
1.000000000000000000e+00 -3.104264719676026019e+00 3.530552522176308550e+00 4.373428244645161111e-02 1.136198270912350372e+00 -4.859428703787800785e+00 -1.289938179506147087e+00 4.137973885734870905e+00 1.018506220958314445e+00 9.694459351298564398e-01 -2.436216388442905334e+00
0.000000000000000000e+00 3.315204824711497800e+00 1.526179483136635984e+00 1.370992411405861144e+00 3.963085631150013999e+00 4.328261285199063835e+00 6.696292442346537754e+00 -1.469449900619147931e+00 -2.109016951895028580e+00 -2.699392774619974400e+00 -2.298377533098254766e+00
1.000000000000000000e+00 -5.056289102070472552e+00 1.877906116345766208e+00 1.282230970385826119e+00 8.417234231942666289e-01 -3.608318610514986702e+00 4.564504810905503085e-01 4.697871485099421207e+00 2.692005957120318094e+00 8.267585398290695498e-01 -1.045662397067177007e+00
0.000000000000000000e+00 2.243434865946888568e+00 1.818880019931784942e+00 3.655181977568267015e-02 3.974640388992519480e+00 2.221726415251576991e+00 5.346859971727337069e+00 7.229400479098844201e-01 -6.864337554201117575e-01 -3.990698474925158390e+00 -2.623987212735941821e+00
0.000000000000000000e+00 2.939090142058271127e+00 1.361612035884788074e+00 1.872543532887499307e+00 4.046784759643655249e+00 4.450513100373362008e+00 3.837233632303175490e+00 -3.411419439082630234e-01 -1.431472291080532422e+00 -2.811007715501391946e+00 -3.679507671478699393e+00
0.000000000000000000e+00 3.127626095734648004e+00 -2.959193272462770086e-01 1.556716428748029069e+00 6.384233120650573134e+00 5.917411151776480693e+00 2.971654743916772645e+00 -7.747745199671446370e-02 -1.169655136792390193e+00 -3.821394200133821695e+00 -3.935796329933219262e+00
0.000000000000000000e+00 2.137067236115252733e+00 3.180908916318445634e+00 1.486023763848020263e+00 3.091968852982797777e+00 6.621021886874278728e+00 3.203748799280637716e+00 1.114578195504703828e+00 -6.925763735192913551e-01 -1.622095389702113755e+00 -3.445662282867256732e+00
0.000000000000000000e+00 2.293209352597801232e+00 8.108861381364264043e-01 1.535714056264207095e+00 4.288328565587644192e+00 4.820639142035042291e+00 4.545701992720914575e+00 -7.239753264056192350e-02 -6.366637666696403075e-01 -3.182460836345448740e+00 -3.894516137365410469e+00
0.000000000000000000e+00 2.268368056573009550e+00 1.214689754626864016e+00 1.573748854373232531e-01 5.178428726378681901e+00 3.096750413400753743e+00 4.046566277736574513e+00 -9.642569434455610100e-01 -1.568434783995649395e+00 -2.551901359442037887e+00 -5.288935930719434353e+00
1.000000000000000000e+00 -4.688653375364434162e+00 2.984371363914828379e-02 5.873021885228039141e-01 6.635517950656446562e-01 -4.024267978812546609e+00 -8.735087682508435591e-01 4.715713853857850246e+00 2.086801421951018032e+00 1.177184711949952112e+00 -8.253712727549429307e-01
1.000000000000000000e+00 -4.319140953247583958e+00 1.693014962558220038e+00 -1.865445216204797418e-02 6.860540893896082126e-01 -4.049869964021421964e+00 4.000047391473926517e-02 5.506649876231303864e+00 3.609706824600997344e+00 -4.959256480340159534e-01 -1.751799412131688660e+00
1.000000000000000000e+00 -4.964581876979874409e+00 3.815720200691048447e+00 9.773220618896745204e-01 3.585116966607786448e-01 -2.626496880945079937e+00 2.262692440081092160e-01 5.584792648289129247e+00 3.334331580631038072e+00 2.038317753274964339e+00 -9.583820592772313018e-01
1.000000000000000000e+00 -3.695017302788382807e+00 1.721538723217692191e+00 1.039301288316240246e+00 1.254713668436893137e+00 -2.764780363646571537e+00 -4.528066524215932365e-01 3.988786374760517006e+00 2.280180011161903941e+00 4.992570525476713872e-01 -1.117023429523500866e+00
1.000000000000000000e+00 -4.210953443795331097e+00 1.342832482763154145e+00 4.377040881567952901e-01 1.653282512235371593e+00 -3.862912846513063769e+00 1.299913486084076197e+00 3.908246348090770539e+00 3.489638669287432826e+00 -2.290213354544718971e-01 -1.762811309464470177e+00
0.000000000000000000e+00 2.730924535529553498e+00 2.686138904033698704e+00 5.752879480692333347e-01 3.968936892982803499e+00 5.788173125634904714e+00 5.510753371004484258e+00 7.248869645604227863e-03 -7.380678640214460851e-01 -3.146946636285605337e+00 -3.104927108955364723e+00
1.000000000000000000e+00 -3.257443802080912665e+00 1.450713362313466259e+00 2.619794547834361609e+00 1.832346097077212743e+00 -2.473938426671279611e+00 -2.119487055540269504e-01 5.529565525076018950e+00 1.759379477915720358e+00 1.384462248832854847e+00 -4.982660550796917942e-01
1.000000000000000000e+00 -4.287144609790853877e+00 2.615490246671078545e+00 6.711369065578230986e-01 1.033551416946396628e+00 -3.850866307714163383e+00 5.793458230525765362e-01 5.374609998234529229e+00 1.971134819716438891e+00 1.142510215628571135e+00 -6.930616357074229628e-01
0.000000000000000000e+00 3.158071324721756667e+00 2.368962909176172360e+00 1.301662825298335990e+00 3.831329350984880477e+00 6.042508309979052861e+00 5.111159872375807822e+00 9.193364079883041828e-01 -9.311542324695325501e-01 -3.155249591315597790e+00 -3.653285191391804076e+00
1.000000000000000000e+00 -3.133604590421913194e+00 1.270148456053930452e+00 2.658119243424229783e+00 2.404865755475463551e+00 -2.542226304616810761e+00 -3.628006986016077962e-01 4.314195045525068828e+00 2.140378671067012295e+00 2.203488189820269838e+00 -3.276296710475733454e-01
1.000000000000000000e+00 -4.008071162989368830e+00 2.167725523926579800e+00 2.084678363653003963e+00 2.681494804924317243e+00 -3.086420867389442435e+00 -7.001984948664820019e-01 6.479707818344969894e+00 3.112855571272704847e+00 -1.192272258608779723e+00 -1.936140053159988383e+00
1.000000000000000000e+00 -5.245402461460873411e+00 1.001790546793597247e+00 8.878883286453502777e-01 1.371912499032255095e+00 -3.945195849466123228e+00 -5.770125192772675993e-01 4.604717800455696342e+00 2.528778297213458259e+00 -1.140759663501346388e+00 -3.102712707387435653e+00
1.000000000000000000e+00 -4.048255787814260209e+00 2.160591574850036611e+00 2.356441373867971478e+00 8.072635924983618816e-01 -3.214579887013063519e+00 1.697344850190161569e+00 4.697032990167838484e+00 3.876741708678360432e+00 1.639152800698615797e+00 -1.822634992843907620e+00
1.000000000000000000e+00 -5.120462351531605449e+00 5.257668849069587758e-01 3.017590948714289345e-01 2.027453829069693736e+00 -3.373926506827690464e+00 1.140625404382932473e+00 5.356558343762583441e+00 1.435865949833071031e+00 1.482814902210396690e+00 -5.518557312936978043e-01
1.000000000000000000e+00 -1.879223888657382435e+00 3.389531367559161623e+00 6.903253237765967221e-01 3.211496220457472628e-01 -4.218553458881636686e+00 1.530724959723857692e+00 6.176842120775680733e+00 2.087734288753891221e+00 1.794481511174764066e+00 -2.056886914509494790e+00
1.000000000000000000e+00 -5.568100712871412838e+00 3.378121435006540274e+00 1.569423973038386322e+00 1.613277865684676238e+00 -2.927313118022608851e+00 -4.138450150400768690e-02 2.733788783349703433e+00 3.922156094552375460e+00 3.913727631078955937e-01 -1.947462486027846662e-01
1.000000000000000000e+00 -2.084237948081026470e+00 1.455093624637007865e+00 6.226425678698188637e-01 2.412659603808503750e+00 -3.628996462491372199e+00 -1.220206159427544623e+00 5.500138546552960861e+00 1.442160575223964347e+00 8.775837874074834399e-01 -6.816371218579139191e-01
0.000000000000000000e+00 8.684748422523924649e-01 1.298663531779182811e-01 -1.040883276092037235e-01 5.213749282869858170e+00 3.702499784560033369e+00 5.390994857873733004e+00 -1.133547741811695708e+00 -1.147265317985521449e+00 -2.330380163374983660e+00 -3.826736872271632173e+00
0.000000000000000000e+00 2.518317622014994761e+00 3.542869499490435281e-01 2.314405675542344554e+00 3.281870161574245603e+00 4.617422525229714303e+00 4.494379369154011705e+00 -2.049486108073425239e+00 -1.532142954357402997e+00 -4.960468008599386636e+00 -3.315296996400822760e+00
0.000000000000000000e+00 4.775908511902491327e+00 2.468951733920060398e+00 2.131137742544663816e+00 5.621251230530206477e+00 3.984984533874500023e+00 4.064022627278965238e+00 -1.403734455033158746e-01 -2.219790168648691164e+00 -3.822636419456346246e+00 -2.498829753206053716e+00
0.000000000000000000e+00 2.788198464618704353e+00 1.722441645803061139e-01 3.139442276346666727e-01 4.040279289107642668e+00 4.394123777774751716e+00 6.341080550353015433e+00 -3.488587954603954988e-01 -1.041567152480231462e+00 -1.904052923960528387e+00 -3.242568044385924608e+00
0.000000000000000000e+00 2.321167409207084198e+00 6.639706306615965614e-01 9.553914284842988103e-01 5.816465432638784350e+00 3.620436862182716986e+00 3.126813633043755924e+00 -7.012913109489035124e-01 -3.204881369865042906e+00 -2.497224850991241585e+00 -3.333112482616988448e+00
0.000000000000000000e+00 1.268937590249343605e+00 3.668246837503376101e-01 2.026079638294929541e+00 3.542170987881439359e+00 5.195256051379741891e+00 3.831606343737845144e+00 -8.256908078827738251e-01 -1.693899591221420087e+00 -2.458209056192353970e+00 -3.181959968304296282e+00
1.000000000000000000e+00 -3.078271630354456612e+00 1.447311718163840855e+00 1.436685645510790588e+00 1.870050626013709083e+00 -2.330011237792939838e+00 -6.915108439542538843e-01 5.619554560853735836e+00 2.063599207248651535e+00 2.267104052668790892e+00 -8.870737177604430812e-01
0.000000000000000000e+00 3.381010705457216048e+00 7.058288498961379220e-01 1.417568645088557844e+00 5.400611913990634783e+00 5.631196320436433922e+00 4.621406330514654215e+00 1.769346104515846507e-01 -1.792533478024265881e+00 -3.398200762056558855e+00 -3.572883580405580517e+00
0.000000000000000000e+00 1.210706725186600163e+00 2.484006527256255037e+00 -2.147967582706901801e+00 3.137875658192823547e+00 3.731853897220211103e+00 5.428631773450052656e+00 1.131072349507388219e-01 -1.880731618687423889e+00 -1.912784624854372506e+00 -3.338287828809191282e+00
1.000000000000000000e+00 -4.834141114403034400e+00 3.217835219189026041e+00 1.585224594603136916e+00 9.301299274071856971e-01 -4.738817535342181309e+00 5.207309002024573807e-02 6.328436335500344789e+00 1.464426817668302405e+00 2.025234667357942442e+00 -2.010505408746657174e+00
0.000000000000000000e+00 3.218371677792633001e-01 2.231494725751871133e+00 1.971255382933660760e+00 4.058528187253402919e+00 5.061337050747356514e+00 5.540841364144820425e+00 -3.363906052601995933e-01 -1.995812616518268356e+00 -2.867025695968651977e+00 -3.705495912704451111e+00
0.000000000000000000e+00 3.799736535827614503e+00 2.204118345894186426e+00 1.742178165144264046e+00 2.849619701893262746e+00 6.729289888027772726e+00 6.204994173628149312e+00 -1.006942905866954341e-01 -1.276258320674505509e+00 -4.350494735285991510e+00 -4.455221070496718561e+00
0.000000000000000000e+00 3.325768930371412413e+00 1.148361940672275816e+00 1.322311183783384525e+00 3.034043912536226628e+00 6.352673096591406221e+00 4.085944000707220525e+00 -9.785549416313704674e-02 -9.965536590115047222e-01 -3.548202484258522027e+00 -3.103261364536920475e+00
1.000000000000000000e+00 -4.973581646789141608e+00 3.271453330064579390e+00 6.781108196768549368e-01 -9.170444643559312325e-01 -2.610034231129080950e+00 4.800641003622706515e-01 4.322959699213520857e+00 3.776526971686789746e+00 2.588112859327296178e+00 -1.136082090625591956e-01
1.000000000000000000e+00 -4.475838955713678402e+00 1.645401056790161576e+00 2.260512827770731370e+00 1.395889685940731262e+00 -5.276007209977236379e+00 -2.810120516843241933e-01 6.479350412060861153e+00 1.587653648300782816e+00 2.849113810746257691e+00 -2.195556401054030271e+00
1.000000000000000000e+00 -4.131060116063779653e+00 1.333473873135798016e+00 -1.392667150382416175e-01 1.160367573477120384e+00 -3.891204723482401207e+00 4.976041552897157993e-01 5.727190947910731467e+00 3.331330185868726090e+00 -4.667412958793351052e-01 -2.933683281490242045e+00
1.000000000000000000e+00 -4.916888681159515606e+00 2.031566802351446377e+00 2.864471209328297352e+00 1.826775832190795423e+00 -4.234884132794944911e+00 2.770837403975515700e-01 4.516660182104388355e+00 1.723242269182003739e-01 3.397480221289634894e+00 -1.009095646929163426e+00
0.000000000000000000e+00 3.924903084774599371e+00 7.148461883928953764e-01 -2.960468676393095411e-01 3.884779945138860935e+00 5.903637452996457924e+00 6.032689167161306543e+00 1.481281110909947962e+00 -3.162243455026385597e+00 -3.585593279173042269e+00 -3.191956020132213467e+00
1.000000000000000000e+00 -5.120072490287653544e+00 2.241369971278853956e+00 4.608698772298402968e-01 1.605574877326685135e+00 -3.510213023601563176e+00 -4.733834520640513022e-01 5.738008504995725900e+00 3.538974883369155666e+00 2.211877211678869859e+00 -1.069230134843953905e+00
1.000000000000000000e+00 -2.930189724424200115e+00 2.677483104204925191e+00 1.782716933838253581e+00 1.079921114105117708e+00 -2.700932912629869342e+00 6.215611631059247966e-01 3.526439015512557340e+00 3.766089256161825105e+00 1.647965878356284053e+00 1.029503922486866063e+00
1.000000000000000000e+00 -3.334538393579816073e+00 2.448371913166325520e+00 8.911064760510553073e-01 2.507485926570129031e+00 -2.563904148832384600e+00 -7.468460293263019523e-01 3.316573440148165908e+00 3.018785975397862753e+00 9.574669042023333798e-01 -1.668031389094022154e+00
0.000000000000000000e+00 2.697711520599465285e+00 1.088732503575999377e+00 9.107168572910113724e-01 3.977193885624530800e+00 4.880069068153964018e+00 6.384131586456861740e+00 -6.579575344514987378e-01 -2.448796787876164505e+00 -1.352876420510466415e+00 -3.098992981890964504e+00
1.000000000000000000e+00 -4.224219389632708044e+00 1.631412850134553283e+00 1.844901901562265190e+00 8.399624877732343453e-01 -4.974129258448470203e+00 1.846435821372567121e+00 4.525111854947291512e+00 1.442665728796984626e+00 2.634829751002444986e+00 -1.745380136619097744e+00
0.000000000000000000e+00 3.920461120031593971e+00 1.410637086935803586e+00 1.831416560368259727e+00 5.266908444744277773e+00 5.890609214594656251e+00 4.176803496023522300e+00 -1.613116058000380271e+00 -2.898802474974733645e+00 -3.546994667857591654e+00 -3.789931454575467651e+00
1.000000000000000000e+00 -2.506487235265373315e+00 2.088858231404622678e+00 -9.268292568607154891e-01 3.255410195806964779e+00 -3.634118617459273004e+00 -3.281466875896066338e-02 4.201309803940196375e+00 3.390919689983327157e+00 2.795565269423812005e-01 -2.833427514033065364e+00
1.000000000000000000e+00 -3.837917318238226017e+00 1.056867039532529917e+00 1.498669501464475751e-01 1.149223242801384881e+00 -3.754534753533252722e+00 -1.275576184425829762e+00 4.869621951990033892e+00 3.747597390610234669e+00 1.078875576509552792e+00 -3.270861722270629546e+00
1.000000000000000000e+00 -4.564285419579134917e+00 3.801809659989734858e+00 3.283631706383630666e-01 1.668457395391330644e+00 -2.098504027960019336e+00 -2.100699933561204880e+00 4.049435394187890225e+00 2.854122812465482717e+00 1.425114752971753385e+00 -1.028747090509109396e+00
1.000000000000000000e+00 -3.556330075750724795e+00 1.290358421866716121e+00 9.613000312103612277e-01 1.890142511041937645e+00 -4.919218825295065045e+00 -4.473360138414838039e-01 4.897197793539866950e+00 1.508350047974261310e+00 1.942026919963830922e+00 -5.735374183113211011e-01
0.000000000000000000e+00 3.753949015580113624e+00 1.114717278057112404e+00 1.714836666022281575e+00 3.286270674553519733e+00 3.907516745828564453e+00 4.599282627675734147e+00 -6.356512146384662998e-03 -2.279711050159008323e+00 -2.991223651829792107e+00 -4.405128629627898640e+00
1.000000000000000000e+00 -3.989681124709737681e+00 1.989240842188199521e+00 1.864220729764564766e+00 2.185467070023165981e+00 -4.398026732394019866e+00 6.628741717226602215e-02 5.445022816492508966e+00 2.273983745821514191e+00 1.453889574592694522e+00 -2.043168053060492095e+00
0.000000000000000000e+00 4.461738508595814778e+00 4.691232791208753694e-01 7.506751044982824528e-01 5.076304903136435343e+00 5.531603478524938389e+00 4.797160238479638572e+00 2.914128955256135578e-01 -1.487069612288181464e+00 -1.847099824812343138e+00 -4.360568358571949688e+00
0.000000000000000000e+00 2.661277405417975750e+00 2.234670261446171757e+00 -3.736038841021833701e-01 4.003892648055201953e+00 5.606624593122052858e+00 4.839534550764572174e+00 -1.775552161104424709e+00 -1.622338779108882356e+00 -1.733930192507242340e+00 -4.728596569739602629e+00
0.000000000000000000e+00 2.816468549993654591e+00 3.274593618618548252e+00 3.668018703317816875e+00 2.818675958598875653e+00 6.561254568394195630e+00 3.026522371478527873e+00 -3.460248004247212794e-02 -1.834168216298592835e-01 -2.767441959652821026e+00 -5.041611090053844890e+00
