1.000000000000000000e+00 -5.174896729050066924e+00 -2.310748557690125438e+00 1.835746692177845807e+00 -1.425072635420684186e+00 8.749161738227364538e-01 -7.925930571511046629e+00 -3.740155831292592659e+00 3.051670532403454761e+00 8.022856484369185637e+00 2.134517401837900064e+00
1.000000000000000000e+00 -3.303777281117389109e+00 -5.250090483062432867e+00 7.324573540437524510e-01 -1.797138453779534739e+00 8.229086444448732163e-01 -7.530143423558386395e+00 -2.402343032105332732e+00 3.272768597913503719e+00 8.271492208765009124e+00 2.691812113301280895e+00
1.000000000000000000e+00 -3.619184036461138732e+00 -2.307764588134266326e+00 1.968346259497694151e-01 -1.938245459685754568e+00 1.181904810472268474e+00 -8.444728983181120086e+00 -1.327194680286305495e+00 1.030893167928255361e+00 8.973567928688892081e+00 3.193865033949504273e+00
0.000000000000000000e+00 -4.988999649731265862e+00 -1.009521707159982462e+01 1.307839968823556909e+00 -5.402695015259721067e+00 1.384229182164021577e+00 4.114237475424179280e+00 -6.734124865106837277e+00 8.657003077911310740e+00 6.408565928118274080e+00 -7.171826688949380468e+00
1.000000000000000000e+00 -4.675993032975100050e+00 -3.733984483230147866e+00 1.895996708366323169e-01 -2.679013600690118846e+00 6.194202417373024794e-01 -7.137954401953002126e+00 -3.359492649934054498e+00 1.112104298671166225e+00 7.905100675828192536e+00 4.106882086405326149e+00
1.000000000000000000e+00 -3.672414722798383213e+00 -3.149426368935458243e+00 -6.734485524273712276e-01 -1.891775149672715539e+00 1.899623378320547173e+00 -8.563730634075943371e+00 -2.612830651547368710e+00 3.164094708958487878e+00 7.500495254193106476e+00 2.747493984326742300e+00
0.000000000000000000e+00 -5.366631723012400101e+00 -9.284354556484515797e+00 -1.405187480393413901e-01 -6.540970257996274739e+00 -8.216783109483605241e-02 5.142098545672285859e+00 -7.237917225938615751e+00 7.824913731484404167e+00 5.516143081425294525e+00 -8.002796092989431287e+00
1.000000000000000000e+00 -3.756246788249108182e+00 -4.279491655706405773e+00 5.922181762660934101e-01 -2.191744707936004843e+00 1.652284691087445356e+00 -8.534956545354638990e+00 -4.207655517317728133e+00 1.618263619017560107e+00 8.723782356001608562e+00 1.502036295405048127e+00
1.000000000000000000e+00 -3.964951270522489857e+00 -3.650854015629562355e+00 3.326273381265751894e-01 -3.117412296433757390e+00 5.763513865359977117e-01 -8.107579412162605692e+00 -1.882012935382178398e+00 3.383336483688336394e+00 7.174051631354997127e+00 4.170617932357584934e+00
0.000000000000000000e+00 -5.078035607863981227e+00 -1.100363889026091790e+01 1.530231001982057970e+00 -6.057180759240653245e+00 1.664634509980175592e+00 4.579200321318302791e+00 -6.636819635874306123e+00 6.548338601634391409e+00 4.526406669227241331e+00 -6.416769539001859535e+00
0.000000000000000000e+00 -5.689317434529130857e+00 -9.503277631767245381e+00 1.128572651288077378e+00 -4.285346783309398333e+00 -1.011576718943030251e+00 5.206570331996941192e+00 -5.120223590686590498e+00 8.102288294350458386e+00 4.717074412514381088e+00 -5.713432826264092768e+00
1.000000000000000000e+00 -2.686790871200277042e+00 -3.292310509549889908e+00 -5.269451571823342562e-01 -1.455139597735271462e+00 1.802454701796803560e+00 -7.974219103444532664e+00 -2.509354044881476398e+00 1.339877345901494765e+00 8.208137895145563689e+00 2.535978643946243505e+00
0.000000000000000000e+00 -5.516822450967828750e+00 -1.071344821936539660e+01 1.683987213811113826e+00 -4.756217681129403907e+00 4.299916066070777476e-02 6.389951409081088940e+00 -6.852401707379794260e+00 8.599710827569964522e+00 3.605513336769091026e+00 -6.077225412128843374e+00
1.000000000000000000e+00 -4.421303483096968634e+00 -3.754265994381386307e+00 7.152236475298490159e-01 -3.425705373666073861e+00 -1.366801476074814836e-01 -7.737552626559891067e+00 -4.559351582318647900e+00 2.881121160721504815e+00 7.916652728156771346e+00 3.662956713948548604e+00
1.000000000000000000e+00 -2.881747704769262342e+00 -3.551834603152434600e+00 8.889199785663689513e-01 -3.662200388124857486e+00 1.082835286194591129e-01 -7.075585398385500824e+00 -2.761056607962637521e+00 1.969495815965232710e+00 7.821717055654289652e+00 5.594072261930733703e+00
0.000000000000000000e+00 -6.384903223251297888e+00 -9.836200153526684531e+00 1.900460463825354385e+00 -5.860433960627162264e+00 -9.214787927207215290e-01 2.969336659881036233e+00 -5.707874212957327664e+00 8.683351136244247925e+00 4.535133823760036265e+00 -6.412161328855157549e+00
0.000000000000000000e+00 -4.736780037870494731e+00 -9.479404896091111254e+00 3.039534084527407698e-01 -5.339550036163007718e+00 5.064783722982297842e-01 5.277706726659860514e+00 -6.963805453499041676e+00 8.648476024101240611e+00 5.075593170068078308e+00 -6.313587487777123641e+00
0.000000000000000000e+00 -5.438430157440405033e+00 -1.005040275326757637e+01 1.483294436027021712e+00 -4.439859676840351987e+00 3.878004094537141899e-01 3.868055450013712537e+00 -7.522840053411114170e+00 7.769915311761764087e+00 4.219106319096319169e+00 -6.701840292836356738e+00
0.000000000000000000e+00 -5.424103968676965870e+00 -8.765555482017605371e+00 5.034434136452744513e-01 -4.967347826058834848e+00 7.701452308139213887e-01 4.613162111529751641e+00 -7.044773546792599817e+00 7.369833504570229010e+00 5.904942154898527917e+00 -5.314534890521094290e+00
1.000000000000000000e+00 -3.915540217329581463e+00 -3.802977606691187784e+00 5.172051953697724969e-01 -3.193710776497987069e+00 4.190702842563405195e-01 -7.111462071629290449e+00 -2.840350302103515467e+00 1.969755224273459504e+00 8.605091498045428722e+00 4.789611313693677985e+00
0.000000000000000000e+00 -4.909794357892252492e+00 -9.218015288484661340e+00 2.745789275235004379e+00 -6.460321817094697217e+00 8.360219708478351386e-01 3.941688350463119939e+00 -5.623554598030223062e+00 9.480425544730193721e+00 4.732031421348066758e+00 -6.075196646241543874e+00
0.000000000000000000e+00 -5.036000596420159070e+00 -9.333023511790488058e+00 1.678283256928590594e+00 -6.157753181735636794e+00 4.204473533911273209e-01 4.280831095370057682e+00 -8.610759427975919422e+00 8.480818354907773582e+00 5.894752824553814996e+00 -6.994475389839855950e+00
0.000000000000000000e+00 -5.509840567226325980e+00 -1.013974137236643003e+01 8.709424136992611754e-01 -5.304260756773051533e+00 -2.915913624191517894e-01 1.740952222188643539e+00 -7.773161189204143007e+00 9.406466966857827572e+00 4.085149681095140650e+00 -4.943726906838426416e+00
0.000000000000000000e+00 -5.264352965101296355e+00 -9.877374574502765014e+00 1.042901284278771712e+00 -5.552845219232635188e+00 4.432996352557687092e-01 4.149629497357827823e+00 -7.143610454949354427e+00 8.425278004121283359e+00 5.447681145102109213e+00 -6.472810149793303935e+00
1.000000000000000000e+00 -3.361761626235242328e+00 -3.472990550660864262e+00 2.330819251443483342e+00 -1.671864796872117420e+00 -4.791426798350491012e-01 -9.036771478203739605e+00 -2.490699931607710305e+00 1.419967272233518596e+00 7.888794802969005815e+00 2.966230235017298877e+00
0.000000000000000000e+00 -5.600457498422553471e+00 -9.193691259438351082e+00 -6.069967030450316159e-01 -3.807718295511793194e+00 1.202905011445251304e+00 4.672074143800323043e+00 -4.562130690092452312e+00 9.171671479825191042e+00 4.260530657143452693e+00 -5.608556557529846387e+00
1.000000000000000000e+00 -3.355298719419024689e+00 -2.034317672817463674e+00 1.149741130853806581e+00 -2.206614264301596240e+00 2.852864488884138128e-01 -7.192782654170538414e+00 -2.926962820004666010e+00 2.625164385581014947e+00 8.950347513806883981e+00 3.412511469658697116e+00
0.000000000000000000e+00 -5.468024343307539503e+00 -1.018333838265664681e+01 9.768292136913436785e-03 -5.484092102503436372e+00 4.464000223112833399e-01 3.281016805843898432e+00 -8.055722101580530037e+00 8.158753820130790757e+00 4.435557447216664784e+00 -6.130863483347397391e+00
1.000000000000000000e+00 -5.238301187503814127e+00 -1.723603067786437126e+00 7.358372971982773958e-01 -1.230070979675684573e+00 -1.456388555366752158e-01 -7.046440536480567118e+00 -3.003381564890454047e+00 2.877796179167976476e+00 9.149713036032508739e+00 3.848659284321702678e+00
1.000000000000000000e+00 -4.923490248500519861e+00 -1.745949644116040478e+00 1.557053588200862926e-02 -2.320390553550180091e+00 2.161356432747628675e-01 -9.706977390631141844e+00 -2.475673567842050726e+00 3.197278226129240952e+00 8.004382143757034385e+00 4.607219236894704473e+00
1.000000000000000000e+00 -3.887574038610043914e+00 -3.953129997712359511e+00 4.213356825399039995e-01 -3.182693055975443386e+00 1.225633753633583956e+00 -7.149146274189940087e+00 -3.074252218794988334e+00 2.897734014614562259e+00 8.831557962442134979e+00 3.096369664660501009e+00
1.000000000000000000e+00 -5.918393167088779272e+00 -3.519035002362900677e+00 1.447110871264660759e+00 -3.103154581348649188e+00 2.665088749815381242e+00 -8.457080790504676315e+00 -4.182818912679366008e+00 1.863960230433240106e+00 7.720099598632196525e+00 2.734525264923989951e+00
1.000000000000000000e+00 -4.727438810979944783e+00 -3.521273268822330049e+00 1.196923795429708948e+00 -1.300911642223101961e+00 2.727700714450562280e+00 -6.751108069634555342e+00 -3.083290591166742534e+00 9.551523912485497814e-01 9.153946051568919273e+00 3.950682287720213903e+00
0.000000000000000000e+00 -5.996702752987114415e+00 -9.544596451802142667e+00 -1.177862365871731098e+00 -4.077721960845938298e+00 -1.273013388964887804e+00 3.840839607006296674e+00 -8.401682687296982976e+00 9.264553371883886612e+00 3.944197427651411125e+00 -7.472941776710268158e+00
1.000000000000000000e+00 -3.763564172193284207e+00 -4.573195064780517960e+00 2.522374379722140958e-01 -1.920845451693187211e+00 2.107409924866803674e+00 -7.682852910969322657e+00 -3.395822324144575521e+00 1.107756743618359296e+00 7.475218477689903551e+00 2.517064872538767872e+00
1.000000000000000000e+00 -4.798120778307487733e+00 -3.098328142406591379e+00 1.612878448202112791e+00 -1.547001686080575311e+00 -1.010677706694507183e+00 -7.756439032721344162e+00 -3.575935487138425906e+00 3.780996482600964548e+00 7.513012964541011307e+00 4.648908502178478841e+00
1.000000000000000000e+00 -3.509890560377594504e+00 -4.321561741265644407e+00 9.161025169107658295e-01 -7.925197111532722438e-01 2.181462847433368157e+00 -8.280028835994723835e+00 -2.961050684720079484e+00 2.131390431661738916e+00 7.055448157475874282e+00 4.641274234433051760e+00
0.000000000000000000e+00 -3.870482102692023751e+00 -1.031018980118523309e+01 1.647787966288893902e+00 -5.520328020141769265e+00 -7.847429753375546602e-01 4.353200078105967208e+00 -7.404797077270118599e+00 8.264686401952902273e+00 4.716516768963571415e+00 -6.171123989862391745e+00
0.000000000000000000e+00 -4.818436092803372262e+00 -9.141346260239222588e+00 2.002094492465008591e-01 -6.175328555346117021e+00 -6.633778570084905013e-01 2.639913046574175581e+00 -6.124430798346296889e+00 8.073847309383918258e+00 6.262163021977493749e+00 -7.006037721779648564e+00
1.000000000000000000e+00 -3.810109691932591414e+00 -4.242720048135151245e+00 7.829909523687038631e-01 -2.114650227216833489e+00 -1.623306061563728475e-01 -7.857899216669877340e+00 -2.635130863820526415e+00 1.288593579289710966e+00 8.072676338313327093e+00 3.113015400181235126e+00
1.000000000000000000e+00 -4.987538190160127449e+00 -2.145695935930239884e+00 9.800523993609582263e-01 -3.993954671397926148e+00 1.180358353207000555e-02 -7.502771645336618889e+00 -3.531921530402760467e+00 2.198764560575125149e+00 9.335318793404221438e+00 2.628800158515384844e+00
0.000000000000000000e+00 -4.922022931313226657e+00 -9.898929493367017329e+00 -3.918900921600411147e-01 -5.439579983822804721e+00 1.053472399672731541e+00 3.209598916460425055e+00 -6.692397086207913404e+00 8.088943972005848693e+00 4.792030652610876906e+00 -5.207809455086321648e+00
0.000000000000000000e+00 -4.120257013999780504e+00 -1.024296043281454160e+01 1.197585417309971145e+00 -7.336819589773271311e+00 -8.994176365759702918e-01 4.228293342176288050e+00 -7.619283843776426757e+00 7.243769720829381420e+00 6.086159170876667801e+00 -5.551214579648980241e+00
1.000000000000000000e+00 -3.129825471532510228e+00 -2.785014565681706245e+00 4.165026885153523262e-01 -1.790345099511792215e+00 1.110450849809224927e+00 -8.516463427631629557e+00 -3.185962549106064134e+00 2.846005765358325057e+00 7.300294136318702165e+00 4.895046034445143412e+00
1.000000000000000000e+00 -3.511681151110827237e+00 -4.339091410091031165e+00 -1.398925958616084042e-01 -3.704289989642939762e+00 1.459818051082455437e+00 -8.485954929671487790e+00 -2.492722473428032881e+00 8.634091812393673848e-01 8.168623733106988638e+00 5.103986000569710413e+00
1.000000000000000000e+00 -1.922728729020064087e+00 -4.061609922187536803e+00 7.249857442083810222e-01 -2.337315911188836193e+00 -4.751594244059100802e-01 -1.026775261143611573e+01 -4.276637120746462628e+00 1.271108030581958870e+00 8.211974142339446558e+00 3.645072692424641048e+00
1.000000000000000000e+00 -3.357339553376911034e+00 -2.154601831522354072e+00 8.579029981663056637e-01 -1.528705433295018512e+00 -1.190666067872447886e-02 -7.697990675890656220e+00 -2.359505576069638622e+00 1.633404147930743511e+00 7.643498569175873669e+00 4.361717244187175879e+00
1.000000000000000000e+00 -4.170517929960223746e+00 -2.519218521487422979e+00 2.178200026665265021e+00 -2.113922769914440725e+00 1.104438071272882294e+00 -6.896648372012266215e+00 -2.741314290320219893e+00 1.522682974999925332e+00 7.856378897795718963e+00 3.751162421882065168e+00
0.000000000000000000e+00 -4.557144395624737498e+00 -1.135316329102788302e+01 5.112331319253100581e-01 -5.674059624726606188e+00 -9.966973418669300422e-01 6.210470644123250672e+00 -8.566014942016224154e+00 8.627734346504913887e+00 5.905982449500310594e+00 -6.224200626246490842e+00
0.000000000000000000e+00 -6.191923762370593387e+00 -8.138275955622304991e+00 1.133041940565240324e+00 -6.531828202358748392e+00 1.078066152072153366e-01 5.274303517441190081e+00 -7.319941997847261739e+00 6.892062297898207568e+00 5.359764063640613863e+00 -7.475231247003366164e+00
1.000000000000000000e+00 -5.059310350338613205e+00 -4.111207216856804791e+00 1.637947317949880688e+00 -9.023231361053420940e-01 2.115146934148099955e+00 -7.986253613698456100e+00 -3.613196935367588569e+00 2.119604525050258648e+00 9.618390046512129032e+00 1.788817404879455397e+00
0.000000000000000000e+00 -6.132939082807453701e+00 -9.095513821410744271e+00 -1.063088164982183281e-01 -7.314488239317090468e+00 1.405318833044457483e+00 3.144984977618744182e+00 -6.892508550827637137e+00 8.189164143801653140e+00 5.706929645527401895e+00 -5.800903372917318279e+00
0.000000000000000000e+00 -5.221390899882187853e+00 -1.125590873278689052e+01 7.892521011278025300e-01 -6.067909139692013731e+00 3.583547210827456864e-01 5.760182593134042683e+00 -6.009507196161231413e+00 9.071071167788113954e+00 4.816856804319987084e+00 -6.594307934454183062e+00
1.000000000000000000e+00 -4.320861769130966756e+00 -4.410299210892827837e+00 -4.549012211492908797e-01 -1.888256648699076168e+00 3.900267629672845016e-01 -7.409759180292898151e+00 -1.739297949667866439e+00 9.535366258291384511e-01 6.896728348743631720e+00 2.214427768752324610e+00
0.000000000000000000e+00 -4.525627162994060981e+00 -1.062907352658722715e+01 1.679789470095246262e+00 -6.083762287479651754e+00 -1.515728513610847594e+00 3.736506411650843518e+00 -8.949154489344223862e+00 8.764828133959143841e+00 5.130201202291377882e+00 -6.243607104911401251e+00
0.000000000000000000e+00 -5.134682541385694243e+00 -1.040924892387140943e+01 1.193296706180073219e+00 -6.549962843576567550e+00 1.988307581877708230e-01 3.797216939916553624e+00 -6.506376217440792864e+00 8.281759725881093104e+00 5.203234337690462397e+00 -7.521899842664697466e+00
0.000000000000000000e+00 -5.412790188192412089e+00 -9.733234461917620095e+00 2.465179726230721791e-01 -5.993206815572729163e+00 6.080984900029372531e-01 5.832833015736159865e+00 -6.024948278671427460e+00 9.516998121639538510e+00 4.404518717023123919e+00 -6.379773551170006662e+00
0.000000000000000000e+00 -5.892903540394019757e+00 -9.686595830592020562e+00 1.846718001214105120e+00 -4.811346715255123918e+00 7.418018716687434511e-01 3.705492720701355491e+00 -6.711370348290704335e+00 7.903675203710154307e+00 6.263280741773490590e+00 -6.000290460461449982e+00
0.000000000000000000e+00 -4.975136888984107664e+00 -7.135382697178926925e+00 5.450983223804123368e-01 -6.589523569891838406e+00 -4.751308578368489410e-01 4.461760583027611027e+00 -7.797198754785904740e+00 8.224970852071979976e+00 5.390814893697057464e+00 -5.070210978516635159e+00
0.000000000000000000e+00 -4.806346746740245202e+00 -9.779169264606696998e+00 -1.435076689916270354e-04 -6.167508339878912338e+00 1.492969403042987697e-01 5.645864315442342019e+00 -7.174340070036365091e+00 9.346069518360405226e+00 4.886213103108128841e+00 -6.227044023260587480e+00
1.000000000000000000e+00 -3.448003657464866034e+00 -4.589929600676240007e+00 1.053177923399812421e+00 -1.962649296206570693e+00 2.008000519932006123e-01 -8.640620413147212631e+00 -2.719622127424658586e+00 2.131158709842486232e+00 7.805126561344103209e+00 3.594850863788410678e+00
1.000000000000000000e+00 -5.308908972796464454e+00 -2.196738176363075556e+00 1.610100557966573476e+00 -2.738406408278670767e+00 4.934403776457735868e-01 -9.111597747581550166e+00 -3.425441350452943290e+00 1.871247329210748545e+00 8.492797570656815509e+00 3.735673694864102501e+00
0.000000000000000000e+00 -5.604057022095524587e+00 -8.728288983744441509e+00 -2.723936268425585228e-01 -6.345937090671644576e+00 -1.563389605873077293e-01 5.867626387599147009e+00 -5.413122351519714215e+00 7.983283917534364171e+00 4.989116873780325534e+00 -5.824143978312506853e+00
1.000000000000000000e+00 -2.035317166209231754e+00 -3.963861618938433473e+00 -2.749257793843220554e-01 -3.461690484317965222e+00 2.405626693837596974e+00 -7.891396568553681767e+00 -3.186396808239568390e+00 7.517747901017668433e-01 6.977871224397385497e+00 3.588722282500130589e+00
0.000000000000000000e+00 -4.228588864089816823e+00 -9.374719063480011272e+00 1.008789681017548290e+00 -5.562280079967274027e+00 6.110886570915832205e-01 5.424502224863143596e+00 -8.455096738975225179e+00 8.665830551059716669e+00 4.524152523105862578e+00 -5.415747319377902436e+00
0.000000000000000000e+00 -3.369899492995362511e+00 -1.175685689668876321e+01 1.608978088834276399e+00 -5.706547033142033598e+00 -1.086853183041746052e+00 4.930377184969495730e+00 -6.440301854765103862e+00 8.042837133669028304e+00 4.049296679364831064e+00 -6.197966384170253029e+00
0.000000000000000000e+00 -5.966363753323522090e+00 -1.004961680547540404e+01 1.264976586420521798e+00 -6.038994659472902704e+00 -1.234972981891098609e+00 5.486623397829131221e+00 -6.226226033554495665e+00 9.087418610182959711e+00 5.235005023144974956e+00 -6.490586633792442939e+00
0.000000000000000000e+00 -6.196756261107219999e+00 -9.756238241764821240e+00 6.976733332130460319e-01 -6.154290007597455592e+00 -1.364895866655706225e-01 4.227462868534689555e+00 -7.931986736313685782e+00 8.730510643050690689e+00 6.188070117891159683e+00 -6.043324205706120722e+00
1.000000000000000000e+00 -4.643437675762164041e+00 -3.455581892060416216e+00 1.046431719425371387e+00 -1.491609381374345844e+00 4.746570318691974433e-01 -8.139802486468578735e+00 -1.684275506695816826e+00 2.013564373168143185e+00 7.168312468043799512e+00 2.399024001991968635e+00
1.000000000000000000e+00 -2.684242513557866694e+00 -4.136418863819865344e+00 1.270794790018524800e+00 -3.052049756370691647e+00 1.068776983898667154e+00 -7.529727193264952767e+00 -1.042962700536141707e+00 3.975129466353839014e+00 1.049588697372197110e+01 4.245130519414164638e+00
1.000000000000000000e+00 -4.002979994872188030e+00 -2.637515644922703739e+00 2.540757576960435138e-01 -2.276862737182713925e+00 3.471506448739478667e-01 -7.855612663997520784e+00 -4.832995316478699621e+00 3.557829995632292963e+00 7.831178904532228202e+00 4.344384160300758246e+00
1.000000000000000000e+00 -4.644897920733725094e+00 -3.214100533690140260e+00 3.674565636383340661e-01 -2.634949806078753287e+00 2.160931304170261136e+00 -6.832978191731312378e+00 -4.157436551994736718e+00 3.555968461058143681e+00 8.350997557797246174e+00 2.540213984172929429e+00
0.000000000000000000e+00 -4.599419398702630168e+00 -1.025405145518380223e+01 3.917044970520853764e-01 -6.525542024372944283e+00 1.577512011079907073e-01 3.242774214970789881e+00 -6.205436460712888902e+00 8.223626213162603449e+00 4.160232087599298190e+00 -7.819640406156086243e+00
1.000000000000000000e+00 -2.643388773684245407e+00 -3.024513733895619616e+00 2.278688345686564753e-01 -2.611361812508092850e+00 1.349411560026540613e+00 -8.542530715908519312e+00 -3.764720110824700150e+00 2.259609830564282440e+00 7.887893906469646943e+00 4.829776669572975578e+00
1.000000000000000000e+00 -1.739914928842364095e+00 -2.315165021119162780e+00 1.213262256588321986e+00 -1.520387329553727573e+00 9.905637095393131641e-01 -9.672045437145310842e+00 -4.027098447670440784e+00 8.933404881686735077e-01 8.302549654062090667e+00 4.026904124146120090e+00
0.000000000000000000e+00 -5.948397329020509439e+00 -1.115143566958850130e+01 7.451994407375398533e-01 -6.128942200035562671e+00 4.046946929213013355e-01 5.728206265228878102e+00 -7.314555527863795703e+00 8.514302389427093942e+00 4.631057768679583297e+00 -5.429292607303825235e+00
0.000000000000000000e+00 -4.930913406290484247e+00 -1.054740610779715126e+01 5.135264458999193593e-01 -6.600693860480816078e+00 -5.457101634468862761e-01 4.783358988806764245e+00 -6.796626807481262134e+00 8.025447643999164882e+00 4.812659232038645207e+00 -7.035348054240714077e+00
1.000000000000000000e+00 -3.174461129538350690e+00 -4.407609138634823509e+00 1.773082134893457340e+00 -2.166184202930476754e-01 8.412219521700698976e-01 -8.231861372903455987e+00 -2.883476425531418919e+00 6.259207373313393497e-01 8.061392152441555936e+00 3.934964195746501581e+00
1.000000000000000000e+00 -2.846961950875163794e+00 -3.567771937665397797e+00 4.174582776412356644e-01 4.858441554891523850e-01 6.112751158206368718e-01 -8.765527549174871424e+00 -3.452647589985147203e+00 2.038988858944181803e+00 8.261974206718457836e+00 4.828832171323695910e+00
1.000000000000000000e+00 -3.482778378929854313e+00 -3.758248537408863221e+00 -1.541691503551755327e-01 -2.486987953280856978e+00 4.261074200625135644e-01 -7.954886240243220996e+00 -4.039259913808440849e+00 1.201329067435876974e+00 8.013890537675701253e+00 4.415732109929354721e+00
0.000000000000000000e+00 -4.901548809785379213e+00 -9.976162955611549421e+00 1.838162559495301052e+00 -5.597204760997019690e+00 -2.881302135102556949e-01 4.880950854277530837e+00 -8.280469292660367131e+00 9.126345871273370491e+00 3.941962369930232857e+00 -6.178617853194137588e+00
1.000000000000000000e+00 -2.214280942640858285e+00 -4.734322491415596801e+00 -7.959166579842604783e-01 -1.927839765227384428e+00 5.434423019128764576e-02 -6.516568945876028529e+00 -3.715857068589827783e+00 2.161701208552651021e+00 8.758018149576534128e+00 3.589430692702440862e+00
0.000000000000000000e+00 -5.268855012768104196e+00 -9.255531596419062978e+00 1.412648891194268064e+00 -6.032231016503091681e+00 6.698104365784220970e-01 4.952603637294693328e+00 -8.757654448063163954e+00 8.386860960276829147e+00 4.126927205823575306e+00 -6.288554859482110793e+00
1.000000000000000000e+00 -4.006241845318376349e+00 -3.926236909552836885e+00 1.903637731623851526e+00 -2.238325037635732428e+00 -5.855195482256618789e-01 -6.994259659416806052e+00 -4.801360801759007479e+00 3.609079025634512661e+00 9.617554369252802715e+00 2.416918901814046450e+00
1.000000000000000000e+00 -2.579274311074271964e+00 -1.735197747383386835e+00 8.520234612732848767e-01 -1.731179447692150042e+00 2.197238028922874342e+00 -7.972216935026131601e+00 -3.199103019129440284e+00 1.530809750101839395e+00 8.322440269406003566e+00 4.555154837790884592e+00
0.000000000000000000e+00 -5.555455482365418085e+00 -8.897578690990330941e+00 -4.691766649220754370e-01 -6.199036997664022053e+00 -4.005648903379146475e-01 3.974466342307420241e+00 -5.614090634772194832e+00 7.802555699100309994e+00 4.819420805801144958e+00 -6.667433049253805422e+00
1.000000000000000000e+00 -3.676130808072389566e+00 -3.647013047057632296e+00 9.984435974846296302e-01 -1.501516733782812585e+00 4.438294301720011603e-01 -7.292428746270040563e+00 -3.160763576533808017e+00 1.048742181932810658e+00 7.996802161700169442e+00 4.476217569133918772e+00
0.000000000000000000e+00 -5.535616286623027626e+00 -9.538385888296916804e+00 1.296792737011655205e+00 -4.461758134726877323e+00 6.142248051105790863e-01 3.090247511279174297e+00 -5.482241649420994456e+00 8.475148087320233614e+00 2.634997361572040564e+00 -7.372799276163545912e+00
0.000000000000000000e+00 -4.354273638294153592e+00 -9.420559255542013233e+00 1.675240275846126670e+00 -4.658726344462379210e+00 -2.683591387263930539e-01 4.266329764459650953e+00 -7.070041855951742171e+00 7.447680357267426388e+00 6.192669047120118897e+00 -6.339995011791224933e+00
1.000000000000000000e+00 -3.618510820793281457e+00 -3.579384758024787949e+00 2.132144209735538531e+00 -1.604817015606047725e+00 4.352526928407423057e-01 -5.268616407890574393e+00 -3.595350738854752315e+00 2.288510682182522515e+00 8.097332455665174678e+00 4.533762250948297101e+00
1.000000000000000000e+00 -4.731054776536812057e+00 -2.411267897617446643e+00 1.084126557429237581e+00 -1.119055360275711175e+00 1.744133252257113131e+00 -8.624913302149904482e+00 -3.223544443276952443e+00 2.113839309617326467e+00 8.869752948688239158e+00 2.548900468450301826e+00
0.000000000000000000e+00 -2.750497604816936725e+00 -9.496628192468433483e+00 -2.912300827042569873e-01 -6.469270065731581809e+00 5.161556101129538554e-01 3.068668133148836574e+00 -7.897830167856842998e+00 8.716177817600868849e+00 5.124905446281954546e+00 -6.933057966108691517e+00
0.000000000000000000e+00 -5.108527464598440204e+00 -9.451241828394003619e+00 -4.172452768664316469e-01 -6.987132884627110130e+00 -3.176518080236459540e-01 4.511594761786571262e+00 -6.974661727266946443e+00 8.745204779298656916e+00 4.004490311587916018e+00 -6.557360126690822355e+00
0.000000000000000000e+00 -5.778756010403395038e+00 -9.753051329049100104e+00 2.297433036228129666e+00 -7.625263208788493507e+00 2.065525301171848571e-02 3.527757173219715714e+00 -6.632880713109978288e+00 8.581372502886377873e+00 4.898930763008233491e+00 -6.425163616262358879e+00
0.000000000000000000e+00 -3.616528823505763768e+00 -1.008587090413336895e+01 8.031736779570994855e-01 -5.046022381909318177e+00 5.963743762779924462e-02 5.383686094752555995e+00 -5.777126145255373935e+00 8.632636248547372659e+00 6.286812338495119334e+00 -6.680777127076606980e+00
0.000000000000000000e+00 -5.421464451868089007e+00 -9.048164798980312895e+00 5.537998842860932802e-01 -4.280854283286284812e+00 4.014760787218467630e-01 3.345971683434100008e+00 -5.236483919128405162e+00 9.004912070045097749e+00 6.390784155035563963e+00 -5.394901765439872321e+00
1.000000000000000000e+00 -3.374845457177079844e+00 -3.757204145525057104e+00 1.051525042589308789e+00 -1.755937590984729901e+00 1.073725839444913621e+00 -9.039534595495259950e+00 -4.531953419822219331e+00 1.897305425885403407e+00 6.562097075188725981e+00 2.060574655747310580e+00
0.000000000000000000e+00 -5.300286677604350238e+00 -1.035846054655175053e+01 5.603703744589814129e-01 -6.428142502208897824e+00 -8.443101310560281458e-01 4.873125314141401709e+00 -7.024118804752419898e+00 6.707107683122615960e+00 5.954831835312008437e+00 -5.657517621044309664e+00
0.000000000000000000e+00 -4.649733677176453028e+00 -8.320573811473177983e+00 9.512503180410813997e-02 -6.119805790538741519e+00 1.249191493088142035e-01 5.018410039374952447e+00 -5.681200679273270993e+00 9.181446861442179141e+00 5.731124765189282044e+00 -5.301275473524000859e+00
1.000000000000000000e+00 -4.183705782377748150e+00 -3.981467149736871658e+00 1.314007884768077616e+00 -2.369932025032801093e+00 -2.936519879301058289e-01 -6.424473250216784947e+00 -5.370196829018654583e+00 2.043530512340062000e+00 8.173503637845385583e+00 2.825995694977306183e+00
