1.000000000000000000e+00 -6.513347400257826436e+00 -2.949166615264128044e+00 6.594007208413554366e+00 2.718776063736507709e+00 -1.362507817636951835e+00 2.362455235804759912e+00 1.343833654046105996e-02 -4.491840425439910689e+00 2.217120288215920443e+00 2.924703199772750839e+00
0.000000000000000000e+00 3.711431046555978774e+00 8.159838308522541217e-01 -3.516934891295374399e+00 -8.759844019798782355e+00 4.214456198801589615e+00 5.704871131455393041e+00 -6.846785876335924392e+00 1.024119480241858504e+01 -8.578875556828053917e+00 2.859407712578271088e+00
1.000000000000000000e+00 -5.906784835513352760e+00 -5.998033782798572133e+00 6.683164573350854454e+00 1.119763845636351896e+00 -2.508952580216072370e+00 2.552801009667319931e+00 -5.283276146603917978e-01 -5.083093798167957367e+00 2.057211222762638236e+00 2.963472443409736812e+00
0.000000000000000000e+00 4.465912134130991085e+00 1.188109922644806193e+00 -3.979782882527165722e+00 -8.353855089168526149e+00 5.153393697688652964e+00 5.237637258404612695e+00 -5.938571515701389636e+00 1.003074285126935550e+01 -8.863385743742071554e+00 4.014149092419572185e+00
0.000000000000000000e+00 4.913386593926202472e+00 1.508013361373557792e+00 -3.724677801155023005e+00 -8.381935493940616766e+00 5.081762754983098596e+00 3.657159639658053685e+00 -5.876117470094797568e+00 8.943049939790705949e+00 -8.769946209114685587e+00 1.555001574803120512e+00
1.000000000000000000e+00 -5.811715282001460814e+00 -5.504785551821645306e+00 8.630382610729542492e+00 1.642381103338489634e+00 -3.962132049272675260e+00 9.696146583603684199e-01 -9.677261784833770530e-01 -5.368188272976499142e+00 2.052827973829984387e+00 2.345347313292625024e+00
0.000000000000000000e+00 3.223712036952601334e+00 1.701661878690953644e+00 -4.919297915504306395e+00 -7.049049372066650498e+00 4.379191260680305398e+00 4.732555060618198084e+00 -7.254333157921903918e+00 8.797018513622608893e+00 -8.056787906879907979e+00 2.863146879241988518e+00
1.000000000000000000e+00 -6.524552550874735957e+00 -6.371724457826202226e+00 7.637175143259802290e+00 4.491484889361267996e-01 -2.134508914785806510e+00 1.516793174231874985e+00 -1.098273553512594480e+00 -5.968063659309828850e+00 3.341770383624445007e+00 2.988636596967961800e+00
1.000000000000000000e+00 -5.789829346605786853e+00 -4.531709783202845010e+00 7.977648699723768111e+00 3.355425183026061298e+00 -2.205540041362886505e+00 1.230054575064482014e+00 -9.144011482842021588e-01 -3.767893576297105973e+00 3.054747847137763372e+00 2.686147102136580145e+00
0.000000000000000000e+00 3.330256164466285362e+00 4.515693236948812306e-01 -4.583205589086696286e+00 -9.709597736853702088e+00 4.690716083635875222e+00 4.797681986428806056e+00 -6.808977420736979091e+00 1.105316635521124624e+01 -7.868936638951542939e+00 7.127688999520938040e-01
0.000000000000000000e+00 3.427564076687947381e+00 4.489752941916103079e-01 -6.680878767864090406e+00 -7.071412640018856166e+00 4.010176517884797676e+00 5.117653178615334753e+00 -5.976781183012636056e+00 8.647073866873167702e+00 -8.617449631591748371e+00 3.447935397193210960e+00
0.000000000000000000e+00 3.444649420841576326e+00 1.375388665086732631e+00 -3.858941707330398874e+00 -8.219828278151750212e+00 3.687453783770560989e+00 5.245827113306581246e+00 -4.812810556758921443e+00 1.024608788412247051e+01 -8.571481139289394591e+00 2.049080482391401947e+00
1.000000000000000000e+00 -4.227492820612594571e+00 -6.948188640938703919e+00 8.092507252932065853e+00 6.658926717893163261e-01 -2.914368209240899787e+00 1.914424836057132095e+00 -5.654210082363834156e-01 -5.282631054578025065e+00 2.823316104078176902e+00 2.891768556424850090e+00
0.000000000000000000e+00 5.441548675001072866e+00 8.063371889795423186e-01 -6.061209038827152895e+00 -8.742072981477452487e+00 5.437035473399700614e+00 4.633150107564901532e+00 -6.438792872767981734e+00 9.308349634770060277e+00 -8.840731257675281896e+00 1.942275152039161235e+00
1.000000000000000000e+00 -5.186033826666937685e+00 -4.675193266217179122e+00 8.949738762995556485e+00 2.183517284148215776e+00 -2.152666830660419084e+00 1.006137019975474223e+00 3.736836461703541001e-01 -3.010613426485240218e+00 4.262603205313682864e+00 2.996057565066440276e+00
1.000000000000000000e+00 -7.175936077107130551e+00 -3.279612986054428525e+00 6.715962752796297508e+00 1.181635646289928898e+00 -1.737171808472048662e+00 2.522569815093691936e+00 6.501700191214488944e-01 -5.527710813702296555e+00 2.269259601009846694e+00 1.725774188926854968e+00
0.000000000000000000e+00 4.351989543545620620e+00 3.182466958102737831e+00 -5.194855148153961544e+00 -8.650224336158537142e+00 3.953852326691015939e+00 4.778771291747522909e+00 -6.923413854477896479e+00 9.369536968936653665e+00 -8.751485913159905650e+00 1.468662738106465859e+00
0.000000000000000000e+00 2.385012868072330150e+00 2.088003471517111187e+00 -3.964080605908895993e+00 -7.191886965999364278e+00 3.992449963479577590e+00 3.994294522467096265e+00 -5.659244217602144467e+00 1.088915610460575323e+01 -7.885047814085591966e+00 1.795726248431872563e+00
1.000000000000000000e+00 -5.634177444089901066e+00 -5.380121007721691662e+00 6.538456920414574824e+00 2.030407471673723929e+00 -1.893336552828281949e+00 2.396173879530734130e+00 -1.310731705167214878e-01 -7.024441441146622722e+00 2.865257997574125248e+00 2.998085153735806418e+00
1.000000000000000000e+00 -5.655472279204818875e+00 -6.196209822963099967e+00 8.031781793657604140e+00 2.351937140651049862e+00 -1.018381063876634629e+00 3.872177831161082828e+00 4.272164105177606030e-01 -3.785022328781542988e+00 2.221770667364124208e+00 2.445583845653465982e+00
1.000000000000000000e+00 -6.855816564249019862e+00 -6.397419719132864557e+00 7.192041655309010295e+00 3.105052805353672341e+00 -2.386054758859237790e+00 3.540726402851029242e+00 -1.188594205062747378e+00 -7.193969956334115068e+00 2.898587952284104929e+00 3.519068945909461288e+00
1.000000000000000000e+00 -7.379511661297937231e+00 -5.148777442605299015e+00 6.995288586547022902e+00 1.742044451576195474e+00 -2.062627049042876415e+00 3.305170082373374729e+00 -9.468616762558758060e-01 -5.180457577861887764e+00 1.646210252132908058e+00 1.741433596188249666e+00
1.000000000000000000e+00 -6.285608345693161070e+00 -4.716929394810939868e+00 8.242442275453429446e+00 1.601392125505234798e+00 -1.819791816085439606e+00 2.369507824399956331e+00 -1.767000689420345771e-01 -5.129228559589098069e+00 3.225422149332649369e+00 3.220178750269568013e+00
1.000000000000000000e+00 -5.480313305563847770e+00 -4.974936998249066100e+00 6.920296607854689697e+00 5.553749763980975196e-01 -4.532452695450253088e-01 1.307155936632980353e+00 -1.277804194653245240e+00 -5.126297119805010460e+00 3.701478110090607565e+00 2.374833054799556198e+00
1.000000000000000000e+00 -6.528579558870088562e+00 -5.740862555120830102e+00 8.037873898666317629e+00 1.430528035008130416e+00 -8.155864968840316198e-01 1.234271158451021089e+00 -2.195194122768026723e+00 -4.655115539262745905e+00 2.168397020969760280e+00 2.723330873571807142e+00
1.000000000000000000e+00 -5.376912760698312255e+00 -4.535605726188336462e+00 6.514093349862658755e+00 2.294741783551430991e+00 -4.252799586443927193e-01 1.635067730933024821e+00 3.022558180685094298e-01 -7.108282036781499613e+00 3.973698030556785277e+00 2.797489338093924971e+00
1.000000000000000000e+00 -4.702188409104062217e+00 -4.264438874945466473e+00 6.856084814162906049e+00 1.249496289468338794e+00 -1.682828346372788442e+00 1.774185417305790047e+00 -1.240034764921576160e+00 -4.845450832983311251e+00 1.828879946991732730e+00 1.757680587279998541e+00
0.000000000000000000e+00 5.432016880413923943e+00 9.737625890186880628e-01 -5.806763721609492279e+00 -8.327208286942031634e+00 4.949990860517684332e+00 4.323101029494514691e+00 -5.516688871953986606e+00 9.222121492400066955e+00 -8.986510146222778772e+00 2.671389994718303296e+00
0.000000000000000000e+00 4.030315204875590140e+00 1.669311210923570599e+00 -6.085616152546521107e+00 -8.488417888861762961e+00 4.405383966550916242e+00 4.330239843647861520e+00 -5.574608702908870228e+00 1.022772253082245264e+01 -8.049044621213500506e+00 2.841065199260114582e+00
1.000000000000000000e+00 -6.387909455284030535e+00 -5.204829022103807823e+00 5.730326986311336412e+00 2.421223344421892687e+00 -1.473624222880361323e+00 1.675567665236410209e+00 5.948796493461382395e-01 -5.381239807613066084e+00 1.908567130557129676e+00 1.737769093122427222e+00
0.000000000000000000e+00 2.909427057873850142e+00 1.284806483084429685e+00 -4.179155268835430981e+00 -7.289064032561201500e+00 6.350290271953280552e+00 4.021495345112016118e+00 -6.167573537585236743e+00 1.109430274323809940e+01 -1.019924763144371482e+01 3.496007687729666191e+00
1.000000000000000000e+00 -6.587543708664416187e+00 -4.498184034294068212e+00 7.039023092711641283e+00 2.316823844629578577e+00 -1.331830231040346924e+00 3.771519100994322748e+00 -3.971000812784254430e-01 -5.115971133617729372e+00 2.679275261358146309e+00 1.359515755226123890e+00
1.000000000000000000e+00 -5.924692886800937863e+00 -6.293093434476613623e+00 7.952091300863135537e+00 1.610051938510268510e+00 -3.487950266566842483e+00 3.030765778349080009e+00 -1.622229072707483510e+00 -5.802752873853953552e+00 1.958509547370811177e+00 2.748299924538626371e+00
0.000000000000000000e+00 3.871641358355693008e+00 1.180133553139497193e+00 -4.662806506473576640e+00 -7.546158840355435160e+00 5.053738214199196221e+00 3.885970940610912194e+00 -6.535117077679102771e+00 9.751296415051710298e+00 -8.405957498741717160e+00 1.735839813756960837e+00
1.000000000000000000e+00 -6.878570358888325131e+00 -4.644767291890121719e+00 6.725721449169431487e+00 1.727330931146465076e+00 -2.567763850743854270e+00 1.153442825136079097e+00 -1.192017801204103389e+00 -5.049603395982632748e+00 2.309347436119016272e+00 1.610898097006968843e+00
0.000000000000000000e+00 4.541748550808755169e+00 1.558266860729702774e+00 -4.252376742407391497e+00 -7.762609067653331252e+00 5.153866637334092005e+00 5.150298582840279416e+00 -5.352744696153287407e+00 1.017084869910764766e+01 -7.905790086293537300e+00 2.298008191066748029e+00
1.000000000000000000e+00 -5.299652229784937774e+00 -4.642857185262601938e+00 7.256480615278045221e+00 2.251880759381168051e+00 -3.007621015540770326e+00 1.151605866897040586e+00 -1.655051819831274917e+00 -4.942306047251187273e+00 8.022187601619199526e-01 2.170460344006432063e+00
0.000000000000000000e+00 3.775119642136416598e+00 1.292897049909027096e+00 -3.931110469405675989e+00 -7.770249298636534796e+00 4.240815171441881581e+00 3.167587253781198875e+00 -6.691485157544996731e+00 8.163830051083339256e+00 -1.041661706319581526e+01 2.166783140923303375e+00
1.000000000000000000e+00 -5.839182847812368848e+00 -4.666042348724359634e+00 8.373269204477221450e+00 2.602538869587031733e+00 -1.968961203279720573e+00 2.030711310094603927e+00 -1.416625896163819176e+00 -5.753057603930805008e+00 3.113363174472171035e+00 3.160036145827764820e+00
1.000000000000000000e+00 -4.563020664131071769e+00 -3.700488077256222752e+00 8.767234232387263404e+00 2.052801643798394693e+00 -1.945396543280106361e+00 5.618849311632143628e-01 -2.729094628977746240e-01 -4.886041176096685312e+00 2.965612007158193286e+00 1.877179140162344106e+00
0.000000000000000000e+00 3.961903501876907985e+00 2.051712411140396597e+00 -5.861889293211937080e+00 -7.850587736050671062e+00 6.082485456415387404e+00 4.399802511788882597e+00 -6.372556365010663804e+00 8.580206924261204904e+00 -1.020964895682929097e+01 2.080337545535048793e+00
0.000000000000000000e+00 5.465848490340333043e+00 6.753709139816813645e-01 -5.369704239977614257e+00 -8.886725100182921722e+00 5.770418256193489803e+00 3.557992975927038781e+00 -6.632989025171175612e+00 9.689275644397488563e+00 -8.970907035617333491e+00 2.510521976050347881e+00
1.000000000000000000e+00 -8.503389799178265207e+00 -4.845925088243950185e+00 7.560742629151507188e+00 1.893622008045955596e+00 -1.057144145473660979e+00 2.013384272529689323e+00 -2.243584564534987780e-01 -5.081175879631400605e+00 2.668591530727483452e+00 2.026354024626328965e+00
0.000000000000000000e+00 4.381755311344400106e+00 1.722726386249345154e+00 -4.787524566586956354e+00 -7.758119110838388011e+00 5.662032202868726216e+00 5.214222869281556427e+00 -6.825664214380712025e+00 9.263318297884495678e+00 -7.832591504789928827e+00 2.850840790977286154e+00
1.000000000000000000e+00 -6.462249876258042924e+00 -5.122450496049214763e+00 8.039695301044112341e+00 2.313000168728250650e+00 -1.879836117959651887e+00 1.781299347887596030e+00 -1.754491577414544867e+00 -4.528183539912777889e+00 2.538250729136895423e+00 2.934599391945313052e+00
0.000000000000000000e+00 4.508375686332587229e+00 2.623008125295147153e+00 -4.936473078747615872e+00 -8.096828763689398301e+00 5.132931891189578266e+00 4.963237800728254712e+00 -5.469819809604079097e+00 9.777905223752735964e+00 -9.721935254426702144e+00 2.708510125451251582e+00
0.000000000000000000e+00 4.930232208881810685e+00 1.012954909168644502e+00 -5.549340603809188366e+00 -8.192701736367320464e+00 5.780250604975101680e+00 4.060460733215021989e+00 -5.459134640068532995e+00 9.823193450019141792e+00 -1.017767092587074096e+01 2.894632736676188145e+00
0.000000000000000000e+00 5.832114520235958111e+00 2.124806983741780009e+00 -4.703857509693506245e+00 -7.223111873699509466e+00 5.333941276437828449e+00 3.773254355099389556e+00 -5.458898901677647686e+00 9.071112435986497857e+00 -9.254799346233291146e+00 4.448652369593569134e+00
1.000000000000000000e+00 -6.055266016600763912e+00 -4.671911057566574321e+00 7.095913905812857081e+00 1.262940583871487110e+00 -2.318500258197518260e+00 2.882678045425489000e+00 -1.122540443818127454e+00 -5.315806604880465969e+00 3.050239546324966966e+00 2.488731326200431138e+00
0.000000000000000000e+00 4.758779195492291336e+00 1.262487988024669772e+00 -4.303857198749986956e+00 -7.940496320596087898e+00 4.296298320447436758e+00 4.419654581368559931e+00 -7.430701378893893150e+00 8.977657880010125879e+00 -8.500118465514031385e+00 1.985589882469575684e+00
0.000000000000000000e+00 4.462522285655878385e+00 2.620174395482425478e+00 -4.843204450269891659e+00 -8.018811991213386392e+00 4.863664990211124639e+00 3.965619471018016817e+00 -5.406064434184591150e+00 9.103470263928544526e+00 -8.661144936133633010e+00 1.475708172374807337e+00
1.000000000000000000e+00 -5.168667450865713775e+00 -5.350570373551684078e+00 7.676610794660563286e+00 2.115250774226553609e+00 -2.107906525440692569e+00 2.380181373391258237e+00 -1.513260774637025463e+00 -5.003206366645381209e+00 4.272477025653572902e+00 3.171734677451400586e+00
1.000000000000000000e+00 -6.257344531842729651e+00 -4.999300442613001216e+00 6.470381790072775807e+00 1.667245969108004822e+00 -2.295055147350998137e+00 2.682510532303018280e+00 -5.885383360260787455e-01 -7.073666880807673252e+00 3.218512529056783311e+00 3.545827733055152642e+00
1.000000000000000000e+00 -6.696479046339899988e+00 -6.104421410302904860e+00 8.380914732708959036e+00 1.932289215082477529e+00 -1.184560048470193472e+00 1.211633906439529840e+00 -7.610706771086794831e-01 -4.870279922518299998e+00 3.857661532181629660e+00 1.859585020003160061e+00
1.000000000000000000e+00 -6.379374944732494335e+00 -5.920083963590186293e+00 7.433933167296212119e+00 1.888104626790182206e+00 -1.555994923418003273e+00 1.832664636593569263e+00 -2.599478330426096551e-01 -3.562727326012987916e+00 2.317176004511496856e+00 1.673645155668073814e+00
0.000000000000000000e+00 3.635155335628615259e+00 2.829855967116169602e+00 -4.131724748801163472e+00 -7.051770206178211708e+00 5.434883990260957809e+00 5.159852267746881438e+00 -6.154904341184763261e+00 9.660788055128433527e+00 -8.372695777602910283e+00 1.956952679814289109e+00
0.000000000000000000e+00 6.171271765073027105e+00 7.314314737005801481e-01 -5.106777469053077390e+00 -7.338790601472031661e+00 4.176888580009769036e+00 4.853584682656194360e+00 -7.242911981200958138e+00 9.169281345340753120e+00 -8.456599841379691895e+00 2.645674612553890803e+00
0.000000000000000000e+00 5.872196437920767842e+00 2.220833225048996606e+00 -5.899829958696441778e+00 -7.872279457573712058e+00 6.086027125504404722e+00 3.838611878099857933e+00 -5.545029456403756107e+00 9.876852538498328116e+00 -9.021287790686200125e+00 3.084529413148689780e+00
1.000000000000000000e+00 -5.161885983354376428e+00 -6.061680367619163512e+00 7.931083166284979669e+00 1.536860049272611217e+00 -1.136708168411951103e+00 2.269359270685168184e+00 -2.074947094864782460e-01 -6.374385477218595497e+00 7.962944331919132868e-01 2.808016995963788176e+00
1.000000000000000000e+00 -6.673769232380006855e+00 -5.145410924263607910e+00 6.960568931269691006e+00 1.511770910673167823e+00 -1.886642659036778191e+00 2.600936831932620041e+00 -1.170537303313611277e+00 -4.512345919979973807e+00 4.389037734145412095e+00 2.348969918589917771e+00
0.000000000000000000e+00 3.404303870601318671e+00 1.213974062160502410e+00 -5.440769467676815019e+00 -8.100086878848772542e+00 4.977146043332850489e+00 4.572442394603590365e+00 -5.450838282613411856e+00 1.051974409461379700e+01 -8.126611305252483319e+00 1.106337377791715593e+00
0.000000000000000000e+00 4.828330028578301736e+00 1.787243695251846676e+00 -5.898787652601559017e+00 -7.608926268262854897e+00 4.086625570146511066e+00 4.981542832762749562e+00 -5.641694956591645216e+00 8.507257939544604852e+00 -9.613499356239056937e+00 3.164581198729691902e+00
0.000000000000000000e+00 6.216526585793983095e+00 2.299001363909273010e+00 -4.094311009236985655e+00 -7.863236247926791656e+00 4.605038391046191393e+00 5.482713278271289070e+00 -5.690574384531358554e+00 8.933508432208016714e+00 -8.692126869104873421e+00 1.665293818159681249e+00
0.000000000000000000e+00 6.309732477663585470e+00 3.165280992364040813e+00 -3.333869263543656203e+00 -7.120772754170848096e+00 3.852129898137100383e+00 4.737633069839875866e+00 -5.340890439262554246e+00 8.499333556544733881e+00 -9.144094255058524467e+00 1.382490172964252695e+00
0.000000000000000000e+00 4.716060314625867278e+00 1.491733228447964299e+00 -6.961674105595300865e+00 -7.849203356644187224e+00 4.077260300685177086e+00 4.441675838684303379e+00 -5.768524328452192762e+00 9.663447221427814426e+00 -9.017476656261468548e+00 2.508321686044090004e+00
0.000000000000000000e+00 4.505357274840354087e+00 2.545640175925854010e+00 -2.685663443611670420e+00 -8.112419127136965002e+00 6.664201970904132466e+00 5.391465236450352805e+00 -6.522196660208379626e+00 9.908402004976503363e+00 -9.120126395994914148e+00 2.214059525122944905e+00
0.000000000000000000e+00 4.186705256742143888e+00 5.806400660521946477e-01 -5.550909624273345777e+00 -6.510263843792912120e+00 4.553658395050389274e+00 3.400505467836974827e+00 -5.596201794109015637e+00 8.741238421301533279e+00 -7.637639239036949412e+00 1.485569411213311541e+00
1.000000000000000000e+00 -4.825201096196977346e+00 -5.073652355110035650e+00 7.708360780877817398e+00 2.389834397006480593e+00 -2.565310728426054343e+00 2.586198473594153668e+00 1.117187392037944371e-01 -6.347519855396248190e+00 3.424166223598943404e+00 2.132180196684801743e+00
1.000000000000000000e+00 -5.282000262419187742e+00 -6.404736557600999802e+00 7.334289104490054001e+00 2.462892147971760703e+00 -1.283988813023473341e+00 2.608311962593190536e+00 -1.140961623578933937e+00 -5.380581104395401937e+00 1.881775214006966568e+00 2.984287674289515024e+00
1.000000000000000000e+00 -5.606503878847853173e+00 -6.437606855818199136e+00 6.826729072562494949e+00 2.530753611677956982e+00 -9.083608662998079453e-01 9.402827377945639498e-01 2.519316817032201117e-01 -5.779315576201586424e+00 1.880565711385860928e+00 3.811498144026900459e+00
0.000000000000000000e+00 4.164694143577813534e+00 8.905319031091895043e-01 -4.610716694381089553e+00 -7.761511099821969850e+00 5.173861389995388471e+00 4.355161657848489298e+00 -6.380814819614060163e+00 9.290040120130166557e+00 -8.590670943360635192e+00 2.819849192407923422e+00
0.000000000000000000e+00 3.936929873077552156e+00 1.297658098432429519e+00 -5.262520990325524117e+00 -7.615488943377868303e+00 4.947612455551199773e+00 4.118068272354877379e+00 -6.646979529287913024e+00 1.029647270247483526e+01 -8.408260142359637257e+00 3.300548295959763401e+00
0.000000000000000000e+00 3.717628891399352931e+00 9.213007602624947445e-01 -5.445284104310310624e+00 -8.253444080480793588e+00 5.796467846109649713e+00 5.845003666445379942e+00 -4.848750241574966147e+00 1.041147945899010807e+01 -7.293739783173480262e+00 3.346043311625970684e+00
1.000000000000000000e+00 -6.448688788643313075e+00 -5.253986697093008473e+00 8.012287461212391548e+00 6.221341099460160340e-01 -3.004485357554144809e+00 2.359385614466474657e+00 1.086846566000339909e+00 -4.657431484542838618e+00 3.442838272450475579e+00 3.491755812387284497e+00
1.000000000000000000e+00 -6.407897873585493898e+00 -5.400738180278247036e+00 7.285307800410439683e+00 1.165863428529458901e-01 -1.599633906366030089e+00 2.205551588774622651e+00 -6.274931500327536327e-01 -5.163432667118080133e+00 1.635967756590064770e+00 2.996769420793413019e+00
0.000000000000000000e+00 4.970135686874808556e+00 1.892115200328400748e+00 -5.158082991995783573e+00 -8.976377219486101566e+00 4.489447807123791101e+00 4.592516654464331438e+00 -5.943210018889290680e+00 8.703507534890169595e+00 -8.769335230450694851e+00 4.124716673870933548e+00
1.000000000000000000e+00 -6.937955573589742464e+00 -5.293930261541975213e+00 7.302025214808606002e+00 6.131980962238390287e-01 -2.026461359032574183e+00 1.729754527239462103e+00 2.864959640369515448e-01 -5.106290844315784838e+00 1.880868053369757709e+00 3.399588291387302341e+00
1.000000000000000000e+00 -7.031106123302410360e+00 -4.894881093860425025e+00 7.468786832668379283e+00 2.211150668640005534e+00 -1.750623458326289628e+00 1.175231416945609730e+00 2.152659882148703074e-01 -5.288545602330334106e+00 2.778079390977828744e+00 1.614093371202197424e+00
1.000000000000000000e+00 -4.636552286854369598e+00 -5.655177446209057379e+00 7.711050021006574440e+00 6.776054225011831633e-01 -1.670537043328240268e+00 2.367913641105932054e+00 -1.800189706923982724e+00 -5.803791581453313420e+00 3.373242453102577088e+00 1.597117816171001792e+00
1.000000000000000000e+00 -5.816292728132651746e+00 -4.566594528601417124e+00 7.256904854598793086e+00 5.002673067916396654e-01 -2.283157762074237151e+00 5.841525624727359478e-01 5.666258658247342872e-01 -5.209092965082401605e+00 2.144234858298152080e+00 2.850528298128387927e+00
0.000000000000000000e+00 5.702639232630572153e+00 2.860919138344051316e+00 -3.872191438932530261e+00 -7.964303437511402350e+00 4.032294586010070070e+00 4.874338484257472182e+00 -6.970505301690775646e+00 8.396082242357671532e+00 -8.249491351150751939e+00 1.765873584708020694e+00
0.000000000000000000e+00 4.919911246052725673e+00 1.679103072784458250e+00 -4.538758523230118413e+00 -9.192003675270914442e+00 6.761380444033282089e+00 4.401782844942496276e+00 -6.433450112524703890e+00 1.072590623179723757e+01 -1.036728242995054927e+01 2.654635363813317106e+00
0.000000000000000000e+00 2.843839895335237067e+00 2.543777321414117942e+00 -6.131030734515016789e+00 -6.909221019580002121e+00 5.947922287243632589e+00 5.747956473318359016e+00 -7.941062594873478098e+00 9.804788823053717906e+00 -7.470618785937046091e+00 2.053068367070471467e+00
0.000000000000000000e+00 4.244073484496598603e+00 2.050933347016540065e+00 -3.606731475097665562e+00 -8.709487190591012507e+00 4.556319875474399872e+00 5.028149982532968743e+00 -5.089567839876547595e+00 9.545720794925095731e+00 -9.216283762628826537e+00 3.423179242511618980e+00
1.000000000000000000e+00 -6.086049576935370631e+00 -7.160937729394467155e+00 8.976722168255150791e+00 1.791785389537570827e+00 -1.912587908117822089e+00 2.642813937278779335e+00 9.954715874132451514e-01 -5.545561628927112352e+00 3.075294631063257622e+00 2.930443233650985135e+00
0.000000000000000000e+00 4.164962680971606268e+00 9.791473570353508293e-01 -4.647151990965253887e+00 -8.134770390148599262e+00 3.902978030127704834e+00 4.707207695119919322e+00 -6.529895905146936741e+00 9.174016382105948608e+00 -9.299455178598018179e+00 2.867697243845838795e+00
1.000000000000000000e+00 -6.664066293010544761e+00 -3.100852471748381856e+00 7.891197423961249235e+00 2.437204615404917618e+00 -2.994078447219837624e+00 1.191344426252950228e+00 -1.178973292572015996e+00 -5.012816671365126986e+00 7.394789916152681997e-01 1.935788156682143324e+00
1.000000000000000000e+00 -5.507098190770136625e+00 -6.685748059053090664e+00 7.632736599063715488e+00 1.977295581054490103e+00 -2.156168778203966685e+00 2.206789400039111726e+00 -5.254633936900965363e-01 -5.797939450194228073e+00 2.815380091565227172e+00 2.417288363875335744e+00
0.000000000000000000e+00 4.044051387180233270e+00 1.419271102993488798e+00 -6.535602458288684247e+00 -8.396775948040350102e+00 3.930552936997440128e+00 3.787996930398240369e+00 -6.902268683007191541e+00 8.770417780306305033e+00 -8.182583561896237256e+00 2.089703987968761112e+00
0.000000000000000000e+00 3.784919817952578924e+00 1.867936251193247799e+00 -4.722573615373026890e+00 -9.573159309773442871e+00 5.787188742438648781e+00 6.106707494092066035e+00 -7.247470854511220750e+00 9.900584558779074840e+00 -9.172789678389509760e+00 1.536020861495137391e+00
0.000000000000000000e+00 6.116960365274936251e+00 1.128203192843544311e+00 -3.534048545612792580e+00 -8.008887822312257043e+00 4.913660921632029499e+00 3.447288774697748082e+00 -6.525337938278518379e+00 9.871415944643956664e+00 -7.825908887523339352e+00 2.841082809109446661e+00
1.000000000000000000e+00 -5.579321975230652875e+00 -5.591929573755590965e+00 6.759469687076484767e+00 1.560348761324303668e+00 -9.484943895994706331e-01 8.801328617967993928e-01 1.027527675564039233e+00 -5.832947625353510190e+00 3.561152740857866039e+00 1.307920154081632536e+00
0.000000000000000000e+00 4.303803456052317067e+00 8.343776883703032388e-01 -3.340645837344611735e+00 -7.450085342773075325e+00 4.565084904784851183e+00 3.670412796085655849e+00 -5.430552303568980221e+00 1.091002040089312963e+01 -8.574726742148854441e+00 2.669339732505113805e+00
0.000000000000000000e+00 4.177468316909469515e+00 2.065039332245077741e+00 -4.035092735283238419e+00 -8.894886436363208304e+00 4.163926593612159444e+00 2.601912132084339468e+00 -5.925326480949896002e+00 9.490435738400174515e+00 -7.850850784250860137e+00 2.308265527145931806e+00
1.000000000000000000e+00 -5.211795626066600740e+00 -4.474240814974588254e+00 7.084901813047994601e+00 2.797136821896487824e+00 -2.164059763479571963e+00 2.115853681412183107e+00 -1.218102142164925183e+00 -4.438748878333061754e+00 2.304951179349357115e+00 4.056134779239721766e-01
1.000000000000000000e+00 -5.572359574154968520e+00 -3.551150138816782764e+00 6.468493928503125545e+00 3.433052178395002763e+00 -4.634328235878453217e-01 2.540390937445520692e+00 -3.258842764152290461e-01 -5.384906240351160278e+00 2.389359360163169743e+00 4.189726716397695228e+00
1.000000000000000000e+00 -5.964188921427209245e+00 -3.065239266163309662e+00 7.844595171437068082e+00 1.634934398385137211e+00 -2.874803368587792729e+00 2.005742655249277195e+00 1.531127583347094423e-01 -5.165830420734423001e+00 2.256334442079568348e+00 1.942777339902662881e+00
0.000000000000000000e+00 4.639592323536083640e+00 1.476687426373607614e+00 -5.303649653261333086e+00 -7.570706012315166156e+00 5.952993547677969843e+00 4.984637683426204724e+00 -6.026315692026773974e+00 1.003861179952881599e+01 -1.019517075437559761e+01 3.666782930706800503e+00
1.000000000000000000e+00 -6.547779059101816124e+00 -5.634343899633530661e+00 6.766680499968374285e+00 2.572406320408180846e+00 -3.893217757172553029e+00 3.297101095855428987e+00 -2.694593691244110967e-01 -7.008297807775281996e+00 2.390683301116625081e+00 1.158287337148075746e+00
0.000000000000000000e+00 4.780225263773342448e+00 1.121900875451998125e+00 -4.530532372433489385e+00 -7.688694456156839330e+00 5.812248463326736392e+00 4.855646403237742881e+00 -6.215790389507913183e+00 8.715935126339276806e+00 -8.461053051284572746e+00 7.497474388102842724e-01
