0.000000000000000000e+00 5.995339405767137642e+00 8.204077661874405791e+00 -4.684702793544081700e+00 8.371621616437504798e+00 2.757689519589028748e+00 4.521437966755433635e+00 -6.540394885493437727e+00 7.378254681171372731e+00 -4.023936584896595114e+00 -2.623814236409661493e+00
0.000000000000000000e+00 7.204787896281565018e+00 6.799781273465468345e+00 -4.853438654063824131e+00 8.736372753491776777e+00 2.833182563419503808e+00 4.472018544044867205e+00 -5.205603777776715901e+00 6.749174284119987099e+00 -1.962699785600084512e+00 -2.471181619855801426e+00
1.000000000000000000e+00 -1.406794737077296187e+00 1.006629278363796232e+00 -8.148700396927939238e+00 -4.187740807998166837e+00 5.450894649909575840e+00 5.028964923514786634e+00 1.520349219906036997e-01 -5.584339011860323332e+00 -7.349016151913049910e+00 -9.978181717016110230e-01
1.000000000000000000e+00 -1.577893222158969211e+00 1.015382357196074725e+00 -8.511671656024292432e+00 -5.573964256579640342e+00 5.378138176076941335e+00 4.186097629560116218e+00 4.832145678248493670e-02 -5.304851272050252753e+00 -6.641679289319644575e+00 1.437193559473654236e+00
0.000000000000000000e+00 6.806898613325543579e+00 9.916325728368807546e+00 -5.519491659875674472e+00 8.474380133832871920e+00 2.441308979814473812e+00 5.064263204945822494e+00 -5.585666750004243397e+00 8.991661030087076512e+00 -2.030544870102179100e+00 -7.679673036144041287e-01
1.000000000000000000e+00 -1.318067718768610730e+00 -1.438991843834706907e+00 -7.225464734120235377e+00 -6.110249255710901828e+00 3.427568533321539324e+00 5.438815417548732434e+00 1.536271023497917665e-01 -4.950903544367664999e+00 -6.200343129358954819e+00 -4.374656635265541382e-01
1.000000000000000000e+00 -1.996874142210382619e+00 2.896269017886560215e-03 -7.970465134109296024e+00 -3.414451128497713928e+00 3.896917987965207608e+00 5.931966412061399296e+00 1.885764139574129528e-01 -5.190813580105488434e+00 -7.112328198158943238e+00 -1.277085686874990245e-02
0.000000000000000000e+00 7.665946121623466780e+00 8.294466216954408111e+00 -5.377341451005776207e+00 8.137223453107836235e+00 2.799368588661383495e+00 4.664142407950599534e+00 -4.309280763360131772e+00 6.835197046001150412e+00 -3.622524670260075297e+00 -1.509496063088651141e+00
0.000000000000000000e+00 5.545333223882451534e+00 9.636634499005330312e+00 -3.606127069646828609e+00 1.140653918723280213e+01 2.718539664321669935e+00 5.784835026131847968e+00 -5.844567989249885187e+00 7.089060174267432402e+00 -1.872130294640144133e+00 -8.465305721786919868e-01
1.000000000000000000e+00 -2.661744063060528021e+00 -2.015998107732830946e-01 -7.078203423181246734e+00 -4.298707458372178714e+00 5.151955114737361008e+00 4.393902147665039948e+00 5.811476032813609610e-02 -4.801655141230078527e+00 -5.510329719046074715e+00 1.137919535111598046e+00
1.000000000000000000e+00 -2.343138869866093543e+00 8.914891798107417165e-01 -8.435167988590000832e+00 -4.941211125453918385e+00 5.437132996016592834e+00 5.802862673367919832e+00 4.012852785936262823e-01 -4.423952076704261493e+00 -7.865629465080029803e+00 -6.452202241867099897e-01
0.000000000000000000e+00 7.885942908456597067e+00 1.120429228823667600e+01 -5.360701822213991719e+00 7.929692684242236389e+00 2.225699749399566052e+00 4.499471961667560471e+00 -6.007700490818605132e+00 8.095857798428081509e+00 -1.148631948813672476e+00 -2.318756165663377278e+00
0.000000000000000000e+00 6.767522539387731406e+00 8.896372968996452357e+00 -6.360594283198859777e+00 8.745043689713938306e+00 2.499171450491309177e+00 5.520815282315207462e+00 -5.613194053861422894e+00 9.677099996275462246e+00 -2.085889031685291606e+00 -1.163979403605252649e+00
0.000000000000000000e+00 7.231578429810447517e+00 9.570142871749382607e+00 -4.708576281553483511e+00 7.707480602101924205e+00 1.612380275484406100e+00 5.967961987051085160e+00 -5.836140354338478886e+00 6.654638139296437771e+00 -1.869366741821137712e+00 -1.534890637710049299e+00
1.000000000000000000e+00 -1.834273983311415668e+00 7.686229741608562316e-01 -7.931438287541299204e+00 -5.229006927881921563e+00 4.012678561080092798e+00 4.964668357717439306e+00 -2.770132210470429568e-01 -5.263018228929825071e+00 -6.611982675383450747e+00 6.196828158559513078e-01
1.000000000000000000e+00 -2.482637623523581194e+00 -3.874553998297154411e-01 -8.941105998907595165e+00 -5.974133074236385177e+00 3.442010464501030764e+00 5.932713029984247655e+00 6.990752840704552717e-01 -5.670461620448596918e+00 -8.285002583317861991e+00 2.553675361068178162e+00
1.000000000000000000e+00 -1.841705251567404833e+00 6.883657080771583558e-01 -9.222253769642334120e+00 -5.043822264219262941e+00 4.401004168981302200e+00 5.538422317702962339e+00 -7.933122547689444026e-01 -5.472984552395167235e+00 -5.937113003814894263e+00 7.561103664937030011e-02
1.000000000000000000e+00 -2.168879878091973357e+00 -2.372772140968070764e-01 -8.450514289559459158e+00 -5.363266365665429802e+00 5.497284513571661257e+00 5.010983345767942687e+00 1.469373577280462806e+00 -5.948397459487291705e+00 -6.584570185132871067e+00 8.222199953009906581e-01
0.000000000000000000e+00 8.174680049719970754e+00 1.026877750871740602e+01 -5.605924434666646583e+00 8.446161043652935518e+00 2.461522550455725433e+00 4.889731643438053332e+00 -5.892122089879578084e+00 7.392201982541392269e+00 -7.289637118886159728e-01 -1.692118885384906068e+00
0.000000000000000000e+00 6.110574635189888859e+00 9.841362087739733866e+00 -5.052683435947098900e+00 8.296146393415980924e+00 2.069639099702712759e+00 5.640976801164510945e+00 -5.146033060275024162e+00 6.771682218004284159e+00 -3.503572505883912669e+00 -2.890604589806185398e+00
0.000000000000000000e+00 9.539762799096083157e+00 9.701266549207854695e+00 -5.551122179488502617e+00 8.634355649227940077e+00 2.184568696116809594e+00 3.601180811328085429e+00 -4.728189281960530010e+00 7.495102896724608499e+00 -1.344795841998645436e+00 -8.714231205821452164e-01
0.000000000000000000e+00 8.399714814507134975e+00 8.298160475738878716e+00 -4.763408533821344548e+00 7.377893914893373761e+00 2.661456962143384786e+00 4.978974629186158296e+00 -6.261891464693110088e+00 8.044118955588473341e+00 -2.474654442676858856e+00 -2.993333873455937599e+00
1.000000000000000000e+00 -1.970450834255547345e+00 -1.703090681580513577e-01 -8.418578372084715156e+00 -5.077690286925921725e+00 4.190990002835627060e+00 4.933102904628714036e+00 3.642426452012449412e-01 -7.022612003494682398e+00 -7.792721464889440952e+00 -7.524004751593760254e-03
1.000000000000000000e+00 -1.431506102613128828e+00 1.335658666480097123e+00 -7.960274460090883686e+00 -4.213406497157393460e+00 4.933068572819857778e+00 3.785792362338995076e+00 5.088060280595517737e-01 -5.821194852372713946e+00 -7.403023263132485710e+00 4.899067658214039112e-01
1.000000000000000000e+00 -2.230071979800997362e+00 -2.322401268679938346e-02 -7.899952912606946320e+00 -6.330529504859253365e+00 4.616355416501149556e+00 4.516249351676086654e+00 5.970161864173039179e-01 -5.932819258462956213e+00 -6.666190092803714329e+00 8.461258709549931423e-01
1.000000000000000000e+00 -3.339734484638507084e+00 3.905774723276853044e-02 -8.588952663206210758e+00 -3.680784180752076473e+00 4.553358133016566001e+00 5.920887867207179411e+00 1.623745881238593258e-01 -6.410897489926213666e+00 -7.447656632794717346e+00 1.081669004140496160e+00
1.000000000000000000e+00 -1.993566669031213490e+00 8.843123326066574252e-01 -8.128545436663312529e+00 -3.940444373220683083e+00 3.223357606657443863e+00 4.671694327479798403e+00 -2.436363673441099553e-01 -4.765828753006190688e+00 -6.176656957533285919e+00 7.838710376153519288e-01
0.000000000000000000e+00 7.114955891863228743e+00 8.604227478153582354e+00 -6.120533286191616185e+00 9.415024265205330423e+00 2.378083520477664692e+00 4.878748630210868242e+00 -5.674501232046228694e+00 6.493846383114624032e+00 -2.793940416985247310e+00 -2.075527464599905780e+00
1.000000000000000000e+00 -7.365063100275358599e-01 -6.029669139012064916e-01 -7.356700027660813213e+00 -5.524715490448875777e+00 4.587589371795552928e+00 4.577286634713769509e+00 2.869364692346443313e-01 -5.178448973410123557e+00 -8.242848182613009556e+00 6.299471862031191804e-01
1.000000000000000000e+00 -1.016414533448873669e+00 -1.412859469415594038e+00 -8.546457516263233245e+00 -4.783400496812535430e+00 5.504728525096001412e+00 5.749122454343950750e+00 3.309851899695884780e-01 -3.640774314418660840e+00 -7.337855240189445460e+00 6.787288703348595131e-01
0.000000000000000000e+00 7.601054949141500039e+00 8.297009991093274195e+00 -5.705057452952885022e+00 8.845352713581133841e+00 1.624349232939360732e+00 5.783527722721680142e+00 -3.681103412189740354e+00 7.199934667618767214e+00 -2.862294203788064983e+00 -2.167837557595428954e+00
0.000000000000000000e+00 7.513962482421997713e+00 7.820919525597304300e+00 -5.755325408156393152e+00 8.082374222688290644e+00 2.187428387650792949e+00 4.139749999646905820e+00 -5.691551202471482718e+00 6.742869923828148870e+00 -7.700717723488197386e-01 -2.880648097888368397e+00
0.000000000000000000e+00 7.303674412928909732e+00 8.194316377190970613e+00 -4.913255072265451773e+00 1.018885676914628391e+01 4.034932676517014372e+00 4.577378961585382378e+00 -3.775464349735441871e+00 6.195159154150756464e+00 -3.073374911390782671e+00 -2.122715737999838481e+00
0.000000000000000000e+00 7.596383654516368544e+00 8.639998210419474134e+00 -5.604606275421266659e+00 7.100743646539892318e+00 1.787848190937393333e+00 5.442872913382347910e+00 -5.700217000741415241e+00 8.218940822158778303e+00 -2.911366479772886429e+00 -3.511924025451002684e+00
0.000000000000000000e+00 7.844250048317655377e+00 1.089198674460680216e+01 -4.875447041509224810e+00 9.274229012302091846e+00 3.482182202607968513e+00 6.119713212422897008e+00 -7.721452553103976157e+00 7.069940501454516912e+00 -1.240091328294719686e+00 -1.496695359008649140e+00
0.000000000000000000e+00 7.017902529421341740e+00 9.905776543197088557e+00 -4.539845205617258017e+00 9.101894354886969296e+00 3.546358539552191935e+00 5.683350780158653137e+00 -4.809353279593084451e+00 5.742082638503624992e+00 -1.960201641084797775e+00 -1.336255665825235805e+00
1.000000000000000000e+00 -1.787223816743920723e+00 1.083740704209655181e+00 -7.800079828038389174e+00 -5.107350126282069525e+00 5.556999999259068623e+00 4.986719189022084109e+00 -4.882771892280841630e-01 -3.760155319512993977e+00 -7.396397793524378095e+00 -2.945970709627705464e-01
1.000000000000000000e+00 -1.051031698314985885e+00 1.017176423258220996e+00 -8.664249953420743111e+00 -3.859920124235094452e+00 4.717944550156136785e+00 4.388101408875829001e+00 8.268025968823213834e-01 -4.720745308510599259e+00 -7.657938473636134447e+00 -5.247274026747195119e-01
1.000000000000000000e+00 -2.228474287050427272e+00 1.058230530452805712e-01 -8.014674506960878020e+00 -4.887947883500918245e+00 5.112295108872636717e+00 5.708708043515153818e+00 -6.247732367353522331e-01 -6.359661252947997667e+00 -6.493683786571305738e+00 8.825853734479982560e-01
0.000000000000000000e+00 6.770189768448149792e+00 9.455641184565843460e+00 -6.605869777682870314e+00 8.199226272038355745e+00 9.762105294968626001e-01 4.932030992029996064e+00 -5.857450807880260513e+00 6.364033640986548335e+00 -3.171922369028876698e-01 -2.791821931555395153e+00
1.000000000000000000e+00 -1.681390701621051642e+00 -2.555188581666181236e-01 -8.941420771536712664e+00 -5.135889392164362022e+00 3.614342865596090970e+00 4.387477876312982694e+00 1.576861272607623654e+00 -5.891743405596109540e+00 -7.338275115449417463e+00 -1.586796438871089787e-01
1.000000000000000000e+00 -1.057827527870379036e+00 -2.818949746948331558e-01 -9.151229175436244034e+00 -5.096230395860955831e+00 5.397792944742420218e+00 3.902554479260025744e+00 -1.611508188847468048e+00 -4.824125644322568185e+00 -7.521840751858867691e+00 1.523596998690469606e+00
1.000000000000000000e+00 -1.872331659686607974e+00 2.387381513977958392e+00 -6.602046468486345354e+00 -5.168003513297334095e+00 4.789738505942229274e+00 3.351942464015097656e+00 -9.974288768898631474e-02 -4.781965001730404730e+00 -5.568016774083791809e+00 1.777031713223930609e+00
0.000000000000000000e+00 8.061925589068167142e+00 9.235272340392182144e+00 -5.256896834867813340e+00 9.350579989156496907e+00 3.491107308547303667e+00 5.777722261970430040e+00 -6.345033140082558809e+00 7.696726418686692384e+00 -2.966388908956891335e+00 -3.284788516813120562e+00
1.000000000000000000e+00 -1.916800750340741377e+00 -5.085435338472534816e-01 -8.007372196875952142e+00 -5.291805175735899702e+00 6.674385705495696541e+00 4.173385563718364999e+00 2.657027422174105258e-01 -5.981654373554627036e+00 -6.415395949595145808e+00 5.467298268214519918e-01
0.000000000000000000e+00 7.031673122815724319e+00 1.055677737784117909e+01 -4.371385456423366733e+00 9.572572753464619666e+00 3.248049032644737544e+00 5.169656265303409270e+00 -5.569644914648455902e+00 5.560934470664774310e+00 -2.048448143694037604e+00 -1.306919959687911970e+00
1.000000000000000000e+00 -2.468046110126294934e+00 -2.259252561960409245e-01 -6.688383698437824876e+00 -5.433853386114603445e+00 4.552902234572470341e+00 5.425554958329495747e+00 -1.428354548795592038e-01 -6.424105796017648196e+00 -8.280688126716418296e+00 1.106969315615608851e+00
0.000000000000000000e+00 7.912118191452148785e+00 9.470577740257247967e+00 -3.935867900149713883e+00 9.431968172693133923e+00 4.131977112773595806e+00 5.724767823430227942e+00 -4.690621260105413803e+00 7.178173368189565196e+00 -1.303173064199361741e+00 -3.166987167913497547e-01
1.000000000000000000e+00 -2.115369548363616126e+00 -5.312467684777614219e-01 -8.510898302310080155e+00 -3.568814301572510672e+00 4.004020073844801075e+00 5.040786013419273459e+00 4.670491344553245883e-01 -4.677344838224013479e+00 -7.641717922002521313e+00 -1.259300380516263917e-01
0.000000000000000000e+00 6.438670959128744542e+00 1.144934742619352619e+01 -4.625153127780166962e+00 8.434448967663209729e+00 2.822879508845083318e+00 4.814651325974382168e+00 -5.054443021837141892e+00 8.099285348847125476e+00 -3.585418085863413928e+00 -1.665127684449830170e+00
1.000000000000000000e+00 -7.446118917451201025e-01 -4.689687339097041718e-01 -9.115433994107641880e+00 -3.707861159205613433e+00 4.643757691880800564e+00 5.601528728514629130e+00 -1.096160792921987426e+00 -6.117517547500388453e+00 -6.647770425809587991e+00 6.011722519694906453e-01
0.000000000000000000e+00 5.481409901986463495e+00 1.116013906708526626e+01 -7.097919496073732404e+00 8.303080948131501771e+00 2.699808659080277007e+00 4.162097065798722184e+00 -4.382717449020380407e+00 6.710186979639015448e+00 -2.007757333276642520e+00 -1.274658074128729224e+00
1.000000000000000000e+00 -1.149752532532248406e+00 -5.946222833465850677e-01 -8.750953123952058377e+00 -5.254244731307695204e+00 4.493609426414209018e+00 5.965296169185645425e+00 -3.716829921738558085e-01 -6.564487951711553748e+00 -7.489083397200625214e+00 8.706230195837189045e-01
1.000000000000000000e+00 -5.260770819731195314e-01 1.535507930155750600e-01 -9.275459870370923454e+00 -6.081103673719409741e+00 4.468859246896815129e+00 5.243185084806922802e+00 4.366795154308566462e-01 -5.745818893353358270e+00 -7.536343028627504381e+00 2.583596829141260320e-01
0.000000000000000000e+00 8.101718592205523706e+00 1.072952052271789114e+01 -5.332767007638656409e+00 7.797586721482666405e+00 1.909524290154383408e+00 4.183199456301805341e+00 -4.333028541875878048e+00 6.612234110516248542e+00 -9.619853543501378779e-01 -2.244397581638552186e+00
1.000000000000000000e+00 -1.659274931263674091e+00 1.923299008687786860e-01 -7.862090983353702711e+00 -5.911770763799722772e+00 5.251760225000221105e+00 3.866227538090808213e+00 -1.184686643748110946e+00 -4.804953250724626201e+00 -6.255663253812553393e+00 2.160034000731381632e+00
1.000000000000000000e+00 -1.891136125924417932e+00 8.935608965922133828e-01 -6.535747849545497701e+00 -3.964190004589132954e+00 4.061009428669737353e+00 4.744448629569597564e+00 5.421829817134342644e-01 -5.803023044722040780e+00 -6.392338932704280552e+00 1.854304411021025167e+00
1.000000000000000000e+00 -7.708347879764916311e-01 -1.090760504328988745e+00 -8.408618379318175684e+00 -4.064804273564058157e+00 4.135041431208804852e+00 3.888523498747799678e+00 -6.638198509146927551e-01 -4.610077845023447196e+00 -5.466958808265549585e+00 5.305158378196448421e-01
1.000000000000000000e+00 -3.760780649437815981e-01 3.486752173883815864e-01 -8.273110122283400258e+00 -3.554391524249580492e+00 3.088548892719126915e+00 3.698469061970424576e+00 -2.322764159040643234e-02 -6.321558645091568174e+00 -5.626564284751190748e+00 1.711341947244723327e-01
0.000000000000000000e+00 6.777021938172689275e+00 9.478123410565773455e+00 -6.024342051612329385e+00 9.584135816408405617e+00 1.430935596464435688e+00 4.808593884421322961e+00 -5.425293826507381567e+00 7.502624237576005939e+00 -8.671534760451883317e-01 -1.373266578160699192e+00
0.000000000000000000e+00 7.731543484041313974e+00 9.712264349515200124e+00 -5.509837678665115313e+00 7.771219200928639381e+00 3.183784479751903262e+00 5.169608505558053402e+00 -5.082799149392407401e+00 7.269260303013964197e+00 -1.872898454388477685e+00 -2.406430715099074025e+00
0.000000000000000000e+00 6.404626187780536384e+00 8.513781099603187741e+00 -4.754866068901216991e+00 8.638274214152483310e+00 1.544131975494507980e+00 4.228723470274219132e+00 -5.219580297068215025e+00 7.916717601789187597e+00 -2.018840942045553088e+00 -1.997196121065627050e+00
1.000000000000000000e+00 -1.080173097538994487e+00 -3.955452990560930360e-01 -9.217796126162014048e+00 -4.764068445128285312e+00 6.080515316319112351e+00 5.852392850978315408e+00 -1.205551947171197430e-01 -3.116519044479785006e+00 -7.295975202639435331e+00 1.255225915433896500e+00
1.000000000000000000e+00 -1.974232912852997401e+00 -1.488170384569453164e+00 -7.343449861175397331e+00 -4.538301440694390898e+00 4.224198447419288627e+00 4.917589565252155737e+00 8.886629961175315229e-01 -4.169438772274129512e+00 -5.902822778325956143e+00 -5.458995955111136666e-01
0.000000000000000000e+00 8.531184620860557288e+00 8.500675843519651664e+00 -5.130417790653036825e+00 9.074542353356696012e+00 2.567590800444105703e+00 3.849292211031628330e+00 -5.447870278539244993e+00 7.036616080263762285e+00 -1.536528219779647042e+00 -3.401934429412776240e+00
1.000000000000000000e+00 -2.175851220916338757e+00 3.937913133621263606e-01 -8.482557838939763784e+00 -4.811319859532314780e+00 5.199834631969939558e+00 5.025086806712792509e+00 -6.419489244566949360e-01 -4.973761684495430657e+00 -6.958675015716667467e+00 1.633270536425641684e+00
1.000000000000000000e+00 -2.261874438585867786e+00 6.610023441137040656e-01 -9.440059553035585083e+00 -3.530423897652133824e+00 4.230510194397918866e+00 4.426411914495810507e+00 -4.870281670929942908e-01 -5.271647426323186281e+00 -6.384172934393173016e+00 2.420704819908883643e+00
0.000000000000000000e+00 7.300779854661404222e+00 9.953090386725074623e+00 -4.479433796126948586e+00 9.459400344697446172e+00 3.232782427591001095e+00 5.092277750696989180e+00 -4.458053450322355005e+00 7.348869784534775462e+00 -8.150240679099896024e-01 -1.756772679727247821e+00
1.000000000000000000e+00 -2.561862191684067369e+00 6.517804438680494528e-01 -6.772900109640787036e+00 -4.510832614879148217e+00 4.095475694988353510e+00 4.879326134918058777e+00 6.514813952461852020e-01 -6.008399735970710864e+00 -6.630204595925810906e+00 9.432597459514167060e-01
0.000000000000000000e+00 8.413642251183690135e+00 8.778518984707011086e+00 -3.384052664706175939e+00 9.057080219206344651e+00 3.079875353760539447e+00 6.340623196782360083e+00 -4.906906335880638181e+00 7.386992191535853181e+00 -3.288562195769396013e+00 -1.442090051380483295e+00
0.000000000000000000e+00 6.329958027082355443e+00 9.399491422078424918e+00 -6.186729770733212064e+00 9.764921619115977336e+00 1.833075628199347662e+00 3.581995162564895363e+00 -4.496411441132416975e+00 7.333388774909359142e+00 -2.260898698946594010e+00 -5.278821919303999799e-01
0.000000000000000000e+00 6.465824313018200264e+00 9.066403764323535341e+00 -4.070804196715458012e+00 8.956623432301919152e+00 3.575268592872533624e+00 5.424233035403092096e+00 -5.030850032868441346e+00 7.963513332420520285e+00 -1.885255766289193780e+00 -2.436088263554029520e+00
0.000000000000000000e+00 9.055357125388091788e+00 8.656066520618001192e+00 -5.574254083681348781e+00 9.324078419519125305e+00 8.608387154033507738e-01 5.853265997659449660e+00 -4.629070520455071502e+00 7.774059337528173685e+00 -1.724182948872262866e+00 -1.974390828615919302e+00
1.000000000000000000e+00 -2.225985210111455892e+00 -1.082760354791229007e+00 -7.733809406543400655e+00 -4.650854222441071606e+00 5.496807773365066652e+00 4.330854578711819336e+00 6.226926447515286345e-01 -4.434416166019796712e+00 -6.852630366101346127e+00 1.457246767579689628e+00
0.000000000000000000e+00 7.076568894120595310e+00 9.609913194308749240e+00 -5.304517721957208387e+00 9.330400207742595597e+00 1.256214570479864401e+00 5.246207182727161467e+00 -6.216580888476654465e+00 8.844993895250444993e+00 -2.462703576584920562e+00 -2.813287478661560925e+00
1.000000000000000000e+00 -3.657868046686218566e+00 -1.002095685859003549e-01 -7.049869213056896733e+00 -3.764822345795409753e+00 5.227666359075557878e+00 6.086787874621188976e+00 8.735515844462241608e-01 -6.513587638973550753e+00 -7.064423145116924374e+00 1.263358730248535178e+00
0.000000000000000000e+00 8.173896812543361534e+00 8.939854374303781270e+00 -4.601053956882158680e+00 8.685052767443432131e+00 1.999081588445175806e+00 5.663661305485399033e+00 -4.336514120651219883e+00 7.790722798594631904e+00 -1.354678338065741672e+00 -1.234934807160467996e+00
0.000000000000000000e+00 8.335140311656809686e+00 8.748421273258998099e+00 -4.383885547807901517e+00 1.000837140621445975e+01 6.840964276114145370e-01 6.099916619069338353e+00 -4.056277536183619858e+00 6.604233471468813121e+00 -1.385191465261338850e+00 -6.556665306160187612e-01
0.000000000000000000e+00 7.437445451417215914e+00 1.032008992955865345e+01 -4.806494591846710129e+00 9.162008007124098796e+00 2.080781785875538858e+00 5.566356802546942539e+00 -3.421427705081494963e+00 6.142272443868751708e+00 3.590566001933548357e-01 -1.979809654922707329e+00
1.000000000000000000e+00 -1.879003814369483605e+00 -1.394009712335469997e-03 -7.685912977534017365e+00 -3.574461220335263256e+00 6.236427370148480698e+00 6.925631119296051352e+00 1.116628855337016502e+00 -2.989278899633997177e+00 -7.497008271827348302e+00 1.159319141163114297e-01
0.000000000000000000e+00 6.776282139936252058e+00 9.831567363346742638e+00 -4.985849036057881101e+00 8.704748307189728251e+00 3.331585739791174561e+00 5.472426073097203414e+00 -5.328313779361368852e+00 6.689932399525713613e+00 -2.006556509102944030e+00 -3.240141554031378490e+00
0.000000000000000000e+00 8.148784663769770731e+00 8.477169218363757253e+00 -4.938592495953344930e+00 8.073372561781242851e+00 1.950527456674364668e+00 5.419701961439415960e+00 -4.680026126920272311e+00 6.819870652090822105e+00 -7.587478855653597698e-01 -1.936972812271653854e+00
1.000000000000000000e+00 -1.013781073935744459e+00 -6.347787078598925437e-01 -7.627217739027976506e+00 -4.672996104771826253e+00 4.432680821761112888e+00 3.488279072930406954e+00 4.016393975551316164e-01 -5.441484537130725663e+00 -6.810202355064003399e+00 1.434897237733685493e-01
0.000000000000000000e+00 8.240430108329684700e+00 9.255209626502130860e+00 -5.473253660646538066e+00 8.529538940863364616e+00 2.036916761661834219e+00 5.033685191276662252e+00 -5.439382615015921019e+00 7.796025971155285283e+00 -1.468098804095156140e+00 -2.189436133856354605e+00
1.000000000000000000e+00 -1.363939854503369409e+00 -5.910727426219408720e-02 -8.928970578424715754e+00 -4.535199533276536243e+00 6.360736392248956150e+00 5.445558652921821619e+00 -7.520826646596453502e-01 -5.979301424459618097e+00 -6.837482830119308908e+00 -4.881948818037062932e-01
0.000000000000000000e+00 9.761057663486578662e+00 9.822303169201354933e+00 -5.163864803019669658e+00 8.692693104396843395e+00 2.456934576700708917e+00 5.150075604646918492e+00 -4.272172083504171880e+00 8.053512589682107148e+00 -1.728438748621823340e+00 -2.203742079365167861e+00
0.000000000000000000e+00 6.930453660404729987e+00 9.524925742627930347e+00 -5.958449764505052926e+00 7.770016246712166286e+00 1.914505621106260991e+00 6.313121700196997921e+00 -4.746680404302740186e+00 5.817222599883514533e+00 -1.333563965511094240e+00 -2.114256166426518924e+00
1.000000000000000000e+00 -2.082835235036725852e+00 -8.148710354674957301e-01 -8.077341863368562969e+00 -1.569155398977830185e+00 4.143731255252682821e+00 4.893416493794437550e+00 -6.527484637159599590e-01 -4.768222144866237855e+00 -6.464316168356934789e+00 8.182242267697646954e-01
1.000000000000000000e+00 -1.932290376197749460e+00 3.620521972797523524e-01 -7.841563910779122182e+00 -4.731394158834707930e+00 5.574660047553697595e+00 5.296684947825523793e+00 1.004461028862219329e+00 -3.917853676017677422e+00 -8.276332692511967792e+00 9.280889144321126105e-01
1.000000000000000000e+00 -2.077346303878744305e+00 -1.544702760786304419e+00 -7.470653668040466044e+00 -3.672205135049421365e+00 4.869789230146697179e+00 4.436557501944487392e+00 9.016411945819845508e-01 -4.896594989715267410e+00 -6.032738991102363002e+00 1.050836203580936434e+00
1.000000000000000000e+00 -2.002006727131130148e+00 3.841329478970436639e-01 -9.328627063803740072e+00 -4.385807521449845758e+00 5.915861505694098632e+00 5.529615569264016983e+00 8.606433441988068367e-01 -6.304436248402138787e+00 -6.499318477692354712e+00 1.796407665346448690e+00
0.000000000000000000e+00 9.207322456912246267e+00 9.151750203403929973e+00 -4.391330615495404821e+00 8.975115132159295683e+00 3.479938875034357171e+00 5.219112617508214313e+00 -4.362519834257859941e+00 7.971736962530449055e+00 -1.907042857166681094e+00 -3.286292697414978203e+00
0.000000000000000000e+00 6.670418604608742363e+00 9.664673480976254893e+00 -4.852159819399407326e+00 8.958816265162962367e+00 2.127477032817943758e+00 4.745109818250586642e+00 -4.366325830867095803e+00 7.514320819088883496e+00 -3.082571400641224812e+00 -2.153597507078260698e+00
0.000000000000000000e+00 7.093161489974033174e+00 9.141502854829106184e+00 -4.219464573516274797e+00 8.521777752092363656e+00 3.321401827313484656e+00 4.791828120929158885e+00 -6.164930149866007625e+00 6.433326543362682060e+00 -1.535409960570385035e+00 -1.818803834445397394e+00
0.000000000000000000e+00 6.894411667875091076e+00 8.774735839164250706e+00 -5.298933920651078822e+00 8.836851796155748673e+00 1.265153603728358167e+00 4.566759952013891954e+00 -5.568391597714788865e+00 6.402583801433409327e+00 -1.309129989051816656e+00 -3.361757651420329118e+00
0.000000000000000000e+00 6.834241539933311849e+00 1.071887042458384975e+01 -6.254149408897110796e+00 1.016249506154487214e+01 1.830386120326912502e+00 5.496070466161159018e+00 -5.000978346993573354e+00 8.003579101416807617e+00 -2.645393093001092932e+00 -1.819523943776260921e+00
1.000000000000000000e+00 -2.332488849861229063e+00 1.483686833374164293e-01 -8.323242666497131736e+00 -4.219370726546070927e+00 4.737455282936725354e+00 5.733212654085883209e+00 8.331349014432255506e-01 -5.625258667234048993e+00 -7.309272540113595618e+00 1.833054862406811480e+00
0.000000000000000000e+00 7.696458980236449143e+00 1.015181258077447524e+01 -4.896075842486729890e+00 9.904877950153442967e+00 2.351549467196157206e+00 5.937435224368257991e+00 -4.576152945584605725e+00 6.019807927037153839e+00 -2.270393906978815934e+00 -2.123155297953470022e+00
1.000000000000000000e+00 -2.715666852063955972e+00 6.534333069449649312e-01 -8.343473571787544785e+00 -3.840849185643074648e+00 5.271136020229282515e+00 4.508185617754088881e+00 -1.043435085307765409e+00 -3.837782952487463373e+00 -6.375614660874517448e+00 1.206229494986471806e+00
1.000000000000000000e+00 -6.767231539429066078e-01 -2.886568877085676776e-01 -8.142764667441799276e+00 -4.939508749329121429e+00 5.942490509570886204e+00 3.675672203045857067e+00 1.039095898157385983e-01 -5.676745505501915368e+00 -6.060316630253975489e+00 2.289332755152468479e+00
