1.000000000000000000e+00 -3.449947792534751478e+00 -2.627790499887316056e+00 3.501728108383109550e+00 -1.898685427211131316e+00 -1.331151296220020486e+00 1.307205240199404761e+00 -2.705423623986652260e+00 -7.092420966313720543e-01 -5.149402853368625355e-01 3.915021777776304113e-01
0.000000000000000000e+00 3.163009287685194515e+00 2.674826131646485639e+00 -1.994798135131000683e+00 -4.856160112451880728e+00 -1.670783868064669164e+00 -2.779198172209751405e+00 1.024764210855534152e+00 -2.647946884529703837e-01 -5.146654216977080587e+00 -1.720457001291448629e+00
1.000000000000000000e+00 -3.359946372117919022e+00 -4.878755045249380529e-01 -8.068255788794460592e-01 -1.105490538751287444e+00 -7.046181051131648054e-01 -9.830370961100460825e-01 -1.033755663079160447e+00 -1.004474573939331705e+00 -6.786801166804666829e-01 1.404318574575244560e-01
1.000000000000000000e+00 -4.505078843924191112e+00 1.131781609176669146e-01 9.774064107618092301e-01 -2.350459966298555692e+00 -3.194413129258540263e+00 2.104530391898379982e+00 -8.689036032086596695e-01 -4.589624103507434771e-01 1.569014484536954246e+00 1.492361288818858656e+00
1.000000000000000000e+00 -4.231843771161345913e+00 -1.776732745262042279e+00 -1.761084266246553121e-01 -1.468961932536074100e+00 -1.679617217915739591e+00 1.083137541787513314e+00 1.749178010082887980e-01 -8.931806540245639248e-01 -1.169516656697201284e+00 -7.801101879152817498e-01
0.000000000000000000e+00 1.968198841638900243e+00 7.189777414147704437e-01 -1.444011947199235202e+00 -3.397593548626403503e+00 -2.642891264630279125e+00 -1.681295878446850578e+00 1.047268785978920480e+00 -1.741820176485105343e+00 -5.391095942261881824e+00 -1.506530490023027191e+00
0.000000000000000000e+00 1.529131139191087563e+00 2.308114384038322253e+00 -2.839039667327423633e+00 -4.973800878215862475e+00 -2.515746068390481760e+00 -1.931272168027434288e+00 -1.262683034331639753e+00 -8.713420379014026329e-01 -4.338975344772978637e+00 -2.211034396722064699e+00
0.000000000000000000e+00 1.720437388872758433e+00 6.740549253995435919e-01 -1.234872051522692082e+00 -4.555116779649141634e+00 -2.652324208792546045e+00 -1.917029137974051167e+00 1.242576294709124340e+00 -1.154705724048124660e+00 -5.780274705525131118e+00 -1.435301108465254938e+00
0.000000000000000000e+00 1.529536798278958498e+00 8.929657185032341404e-01 -6.174690513092375710e-01 -2.369819132476534751e+00 -2.573555176389521915e+00 -1.884701809235303172e+00 2.183795304550135707e+00 -7.896418582995425872e-01 -4.107350009340088093e+00 -9.203590198051896376e-01
1.000000000000000000e+00 -4.178996241846604676e+00 -1.980585553501269969e+00 9.093710030552315526e-01 -2.680666114178724690e+00 -2.636291846585391063e+00 1.876049539626076346e+00 -7.195519495260614962e-01 -2.657126565037717825e+00 1.525939194344106742e+00 4.694556366678894754e-01
0.000000000000000000e+00 2.956412442735510293e+00 -7.227314836496070427e-01 -2.779120793263500033e+00 -3.282878597956849998e+00 -2.592088548914726509e+00 -2.747836197326510188e+00 1.061126843021514610e+00 -2.114838076648752896e+00 -5.248107773251478925e+00 -9.682769853193522458e-01
1.000000000000000000e+00 -3.065955162351573726e+00 1.220901957551136841e+00 1.540106052962186611e+00 -2.399849251160260710e+00 -2.562134347967395698e+00 1.164786712145891023e-01 -3.618913682697677547e+00 -2.461521309161665005e-01 -1.765056748184294699e+00 -8.596867912834788017e-01
1.000000000000000000e+00 -3.185701393575148810e+00 -3.594662095428456938e-01 9.499274639533770159e-01 -3.736755645807802395e+00 -6.136319509534691186e-01 2.001527199149009562e+00 -1.830093084027609063e+00 -2.471905183328265920e+00 -1.567782756309864745e+00 -7.048193324144527705e-02
1.000000000000000000e+00 -4.035077755989838089e+00 5.144714130842837907e-01 6.798863417054462621e-01 -1.981289219736123819e+00 -2.049733347592610500e+00 9.781835337329241042e-01 -1.174230159709453991e+00 -1.311809685767268530e+00 -3.593062102182899564e-01 -8.627011844761611759e-01
0.000000000000000000e+00 1.988885523637822006e+00 2.868730155102094947e+00 -1.621044610441786160e+00 -3.164606722976559539e+00 -2.195958210943717237e+00 -1.586921194021538639e+00 1.083490974919881999e+00 -2.835554551094529252e+00 -3.549044848380298767e+00 1.393210741818753373e-01
0.000000000000000000e+00 3.174580039512485019e+00 9.002063689948240910e-01 -2.436428387504796955e+00 -2.959272189709748702e+00 -1.307786810273431133e+00 -1.875358052829185773e+00 9.811893984734693097e-01 -2.160734304664910788e+00 -4.588204223230889944e+00 8.884305976472350874e-02
1.000000000000000000e+00 -4.448010803652044487e+00 -1.240633800498831540e+00 1.426543590606266010e+00 -9.927015715393129325e-01 -2.126833066229707470e+00 -8.706019548482135662e-02 -1.737381311032128117e+00 -1.530659248039190290e+00 -8.022990128176606950e-01 2.110853358800467983e-01
0.000000000000000000e+00 2.631077550927949815e+00 -8.820230121122341060e-02 -2.548986296228854531e+00 -3.304044842085790634e+00 -7.635876514703565654e-01 -2.069625810450536285e+00 1.823315326669797232e+00 -2.072156288929611900e+00 -4.079579546306416837e+00 -1.701756258730046101e+00
0.000000000000000000e+00 2.722501655226033712e+00 1.243745007803027658e+00 -2.635275330388028525e+00 -2.585070555868061781e+00 -1.827855539861462431e+00 -2.210834336014916524e+00 1.306524103300766848e+00 -1.758581616747258325e+00 -4.782391255767945104e+00 -1.540738515614333393e+00
0.000000000000000000e+00 2.010359574147457806e+00 1.181780426519200899e+00 -2.053739176745627670e+00 -3.660236442282601921e+00 -1.956495137018724906e+00 -1.845449924319620960e+00 1.804440198327349698e+00 -1.733206674260872493e+00 -3.344584339022224739e+00 -1.139409764251681612e+00
0.000000000000000000e+00 8.424517730591687403e-01 1.280669608290891714e+00 -2.479916728752633581e+00 -4.395057920100590820e+00 -2.055583352120405660e+00 -2.415712900892772019e+00 2.655190720397647919e+00 6.308319312983745597e-01 -2.598725861955673899e+00 -7.566174560915503999e-01
0.000000000000000000e+00 2.117282551000441604e+00 1.150046675030814480e+00 -2.507899958856841582e+00 -4.332749759630644348e+00 -1.617990534176707129e+00 -1.288603081647344162e+00 1.551223102982467461e+00 -1.312520524329328531e+00 -5.739880593903649242e+00 -7.747816300065722972e-01
1.000000000000000000e+00 -2.287997026943471290e+00 9.738927874494729409e-01 1.655717980283443413e+00 -3.116797796391909348e+00 -1.819229903656861547e+00 1.264543796795517761e+00 -1.391410799448272728e+00 -1.293209774544274104e+00 1.753306402027350330e-01 -9.197087743527078141e-01
1.000000000000000000e+00 -4.595598706769581376e+00 -1.392430721542226690e+00 4.351531533947780028e-01 -2.658629991792077263e+00 -1.189544253360915960e+00 1.795502194374526628e+00 -5.191079593011020954e-01 -6.759103476493134588e-01 -1.851889194277009043e+00 -8.969315631329106697e-01
1.000000000000000000e+00 -3.573416908866103192e+00 1.033927960616518593e+00 1.932971884863740275e+00 -4.150024388216834836e+00 -2.933423143389565002e+00 1.431292096900070199e+00 -1.479773700995486996e+00 7.216834848169297878e-01 -3.781584003765730007e-01 1.251256878988358912e+00
0.000000000000000000e+00 4.008748990387569044e+00 2.299896691536861049e+00 -1.317094134397363003e+00 -3.535434502221042941e+00 -2.301414441890807350e+00 -1.912872510489543876e+00 2.281158440765498785e+00 -6.124485014664025062e-01 -5.218908486028920102e+00 -1.632982052629169845e+00
0.000000000000000000e+00 4.340846256020032712e+00 5.514133900470428173e-01 -2.371363274981580282e+00 -3.114272049578025836e+00 -1.693754747415854522e+00 -3.457589788066132375e+00 3.047879694572047882e+00 7.395333813680791124e-01 -2.998827789216276685e+00 -8.894135618172610558e-02
1.000000000000000000e+00 -3.409954434705106951e+00 1.280846583227749802e+00 -9.380231646976899818e-02 -1.554639244170506807e+00 -3.015348907021997427e+00 1.914386494014141515e+00 -1.554062678342423620e+00 -8.406789911357185341e-01 3.461593520731252038e-01 -7.139791762563992839e-01
0.000000000000000000e+00 5.719794729188307780e-01 1.933584905624258443e+00 -2.726136646329238911e+00 -2.696881298820407391e+00 -2.434094155555087458e+00 -1.599679030166957450e+00 2.403295066805076985e+00 -2.295124737985273278e+00 -5.744608818149075091e+00 -4.798794493305749698e-01
0.000000000000000000e+00 1.949372698368079249e-01 3.670243312196786345e+00 -1.213089651419456683e+00 -4.066426624665556488e+00 -1.569020398730104793e+00 -2.191693538500102179e+00 2.386670550562582260e+00 -1.094052605950178059e+00 -4.482264805297027976e+00 8.266999616778529791e-01
1.000000000000000000e+00 -3.403093897883655572e+00 2.444508449927017546e-01 1.598138813374752054e+00 -1.306897889121597878e+00 -1.395057411781133405e+00 3.529146248389469775e-02 -2.441577092460610610e-01 -1.026237124889994634e+00 -2.571843537216572884e+00 -2.090485305836556229e+00
0.000000000000000000e+00 2.765679412540539506e+00 7.931857517655698242e-01 -4.084535998629680087e+00 -3.673505972715624956e+00 -4.094113271433574841e-01 -1.930734766562890448e+00 2.085818111751493564e+00 -1.374083150098770467e+00 -2.622517763600460405e+00 -4.747494545818842226e-02
0.000000000000000000e+00 1.387034673554208508e+00 1.182302092382998104e+00 -2.045426754501330269e+00 -4.199093333894912128e+00 -1.719102965227057078e+00 -3.565520694241612887e+00 1.183304865174770626e+00 -1.654142266030475872e+00 -3.070120349020013073e+00 9.787094463468581917e-02
1.000000000000000000e+00 -5.303784753810104391e+00 -1.030294997750699215e+00 1.216126368052092621e+00 -2.176164702558875064e+00 -6.342968442743988078e-01 7.577320562803552262e-01 -1.855449445211307280e+00 -8.026248264494076912e-01 -9.911687897514678269e-01 -9.029630849710755802e-01
1.000000000000000000e+00 -4.553119057567530881e+00 -9.493960816505578326e-02 1.470310292303245614e+00 -3.126378510400214417e+00 -1.822826739761719272e+00 2.011648626264001649e+00 -1.471641308850508034e+00 -1.691126753763123602e-01 -8.863637117339243643e-01 3.788312431016377380e-01
0.000000000000000000e+00 7.613809074048885073e-01 -2.037892337618909533e-01 -1.447950923114217581e+00 -3.491045551771955413e+00 -2.258748276051103510e+00 -1.311516932283929293e+00 1.080527585784418321e+00 -5.478803114130375018e-01 -5.763140405974040092e+00 -5.954073011347655875e-01
1.000000000000000000e+00 -4.238112281312422347e+00 9.341887602607563679e-01 -1.100089361645641972e-01 -2.279219594621300971e+00 -2.249128050213314634e+00 1.492550961499765627e+00 -1.197802631937742390e+00 -2.103464853766218390e+00 -1.637954319266823777e+00 1.240365218192051477e+00
1.000000000000000000e+00 -5.013461109477812094e+00 1.664938673332339025e-03 6.869165651835553721e-01 -3.832157835706247795e+00 -3.096027078950850608e+00 3.286732420936371302e-01 -1.090953212120771454e+00 -1.427235985252676809e+00 7.314155243841968801e-01 -1.039105363894933909e+00
1.000000000000000000e+00 -3.829696571563551810e+00 1.004533220069666166e+00 1.906367396647896673e-01 -3.241462788027353881e-01 -9.929714236796172155e-01 2.465359987929827135e+00 -1.002415302485373472e+00 -2.322640047522644302e+00 1.022720767760822991e-01 -2.010420744148407213e+00
0.000000000000000000e+00 2.739784280454339971e+00 7.629302135754468805e-01 -2.159461928935212160e+00 -4.256122483794061218e+00 -4.330225418842733376e+00 -3.587253079662135136e+00 3.084010575049281222e+00 -9.929588528092745392e-01 -2.999418075535027484e+00 -3.171290793914878225e-01
0.000000000000000000e+00 1.657057250276536831e+00 1.443034709216118650e+00 -1.261697501509433827e+00 -3.914705730242279635e+00 -2.550017841451221567e+00 -1.647782508578213179e+00 1.446007798776405284e+00 -1.720713103388247456e+00 -5.599023604349506300e+00 -1.296023616103850085e+00
0.000000000000000000e+00 1.902878348550576693e+00 1.014058297822312937e+00 -1.565209492176012684e+00 -2.293325500927402061e+00 -5.539400815345285611e-01 -3.446872076848358724e+00 3.077002236965185489e+00 -2.959478933873108453e+00 -2.988193479919042161e+00 -1.091498318166751247e+00
0.000000000000000000e+00 1.100993015956801546e+00 9.295703790342640938e-01 -1.213387793377950441e+00 -4.273546218330769975e+00 -3.012449967133387752e+00 -1.273521364833495539e+00 9.628248059214874477e-01 -1.237026131819825014e+00 -3.337276799625815471e+00 -2.564173574869935468e+00
0.000000000000000000e+00 1.611337587965460560e+00 2.648105078936951795e+00 -1.498164362214979395e+00 -3.622422135668728949e+00 -1.735485116749653445e+00 -2.100921634138660288e+00 2.975043167252633403e+00 -9.900343434906867524e-01 -4.203031187285417580e+00 -1.847168926626372665e+00
0.000000000000000000e+00 2.552319083384504861e+00 6.761423797862902152e-01 -1.555133992663753073e+00 -4.523063174770327599e+00 -1.117632368202990278e+00 -2.714678930235746801e+00 8.766343745500783102e-01 -1.539617331050647797e+00 -5.813465955781877526e+00 -4.358618416799858730e-01
1.000000000000000000e+00 -4.515935119354611338e+00 8.363469974778257043e-01 4.220653844261087473e-01 -1.294755082625612008e+00 -2.842610711839364868e+00 1.482264330820020737e+00 -2.042172985902354299e+00 -1.448550557662524385e+00 -4.861525619360327899e-01 -2.148734315684620588e-01
0.000000000000000000e+00 3.318198598880617300e+00 8.537539739876264244e-01 -2.293584869715685315e+00 -3.640242832743393109e+00 -2.931466899887877897e+00 -2.506935925552719269e+00 2.645843408266298269e+00 -4.954388574572572423e-01 -3.961846445329363142e+00 4.498403814557276892e-01
1.000000000000000000e+00 -5.126120662821477936e+00 -2.623519110850349723e-01 -2.772119969096751291e-01 -1.371730558788091692e+00 -2.810514728883722668e+00 2.713062206844675472e+00 -1.491475246258441967e+00 -1.013062796628650064e+00 -9.363444597002819059e-01 1.478866261572056029e-01
1.000000000000000000e+00 -4.264077199376657745e+00 -8.514755353048096831e-01 9.132658217671481005e-01 6.911122518640100409e-02 -7.757368023087070075e-01 1.308743669907185936e+00 -1.886737166958892598e+00 -2.160321809110664404e+00 2.475525468314581090e-01 9.169413329789735112e-01
1.000000000000000000e+00 -4.705269177206294451e+00 -1.049073177604145979e+00 1.203313392396909487e+00 -1.615752177782345367e+00 -1.907483821226978460e+00 7.741661060156778129e-01 -2.116446249090491172e+00 -1.037029812371582649e+00 -2.131493707766223267e+00 -1.486368226139208049e-01
1.000000000000000000e+00 -5.247182313665265774e+00 2.155981537559372718e-01 1.792658185797921355e+00 -2.221215951334863270e+00 -2.264786543168848976e+00 2.458241500379069411e+00 -5.240754538589726952e-01 -1.170648426185826319e+00 -2.849872545086681863e-01 -2.981561598889077014e-01
1.000000000000000000e+00 -5.234196787585469579e+00 -1.125083243215595497e+00 1.692798494606515991e+00 -2.188080336433805062e+00 -2.987177302809412627e+00 1.871280215292159710e+00 -1.879485432739294914e+00 -2.219178650075931181e+00 -4.033768342928076844e-01 -1.415213193553029880e+00
1.000000000000000000e+00 -3.325527856498285750e+00 -4.783650468789606425e-01 1.951694408929485647e+00 -1.751200723456617592e+00 -2.675850227861471087e+00 4.500804473153554142e+00 -3.780476305642528345e-01 -7.408406470761232931e-01 -1.759655616330922934e-01 -4.083018471500177160e-01
1.000000000000000000e+00 -2.830419948680351183e+00 -1.233230698373596557e+00 8.723416334970734987e-01 -3.367165591213308495e+00 -2.891408602679760076e+00 1.524370614763222109e+00 -2.333087531031526218e+00 -2.537732118182968399e+00 1.110244104704368961e+00 7.449688095666900933e-01
1.000000000000000000e+00 -4.342058354149547661e+00 -7.569263835575085198e-01 7.300212910629814145e-01 -1.940498678799259968e+00 -2.585060885011174037e+00 1.585257629926072775e+00 -2.860833584575539490e+00 -2.356403539701856786e-01 -2.292914142412342038e+00 1.180396191278195062e+00
1.000000000000000000e+00 -5.062483144872055973e+00 -1.261601591291305224e+00 1.222915885628662602e+00 -2.187818145787459034e+00 -2.876587340252300340e+00 2.031179843060446188e+00 1.050620987325059374e+00 -1.027302416085766890e+00 -1.431508322723733073e+00 4.826433577886791726e-01
1.000000000000000000e+00 -3.470655038402680859e+00 -1.193888365902611604e+00 2.389915678533649945e+00 -1.627701483965695584e+00 -5.733861621138249820e-01 1.999379379312304694e+00 -6.844893581065975008e-01 -2.633992907442429754e+00 -1.207182778565973003e+00 -4.674778911927495173e-01
1.000000000000000000e+00 -3.444548410474791211e+00 -1.514354188154774183e+00 1.742057463694490993e+00 -1.941068175447665745e+00 -4.538469250261240262e+00 3.525193334122714184e+00 -3.946152512894376407e-01 4.279424175404380470e-01 -2.437935043480138342e-01 7.346438841140625620e-01
1.000000000000000000e+00 -5.170370741511630897e+00 -3.461839251997336775e-01 1.526853433197116416e+00 -1.106798223257523306e+00 -3.141712530031365969e+00 2.918627090635765420e+00 -2.126160999430823484e+00 -3.873753046676768896e-01 -2.790257976178635690e+00 -1.020358313669928574e+00
1.000000000000000000e+00 -5.240276784835502077e+00 -6.325711876275721401e-01 1.351507922273714080e+00 -3.164471785274084237e+00 -1.165856163944241075e+00 1.952733746093327838e+00 -3.157718412972014832e-01 -2.970264647818734005e+00 -2.234378097781782202e+00 -5.004167358709035174e-01
1.000000000000000000e+00 -3.944078492710213268e+00 -1.025383881176111789e-02 1.496859727284231001e+00 -2.489269744497773829e+00 -2.886621344742975381e+00 3.631260592318772407e-01 -1.595425269365965182e+00 -1.738094583876512722e+00 -1.055686889268506068e+00 -4.191135537246815090e-03
1.000000000000000000e+00 -5.368805322454548445e+00 -2.362108577510482199e+00 1.857265550383644381e+00 -2.124001377790893486e+00 -1.786578903934372686e+00 6.895835625692702253e-01 -8.896582128994272587e-01 -3.232998424447817154e+00 8.197115023909595788e-01 -6.301259391492375350e-01
0.000000000000000000e+00 3.031397639314199921e+00 3.405167591140219052e+00 -2.988554288689851735e+00 -4.092094342080105918e+00 -1.859388669935297944e+00 -1.880381644880532832e+00 -1.735429795457283930e-01 -5.050227984673849591e-01 -5.070647197015070162e+00 -3.053190833083397338e-01
1.000000000000000000e+00 -4.599285683118440105e+00 -7.440952274577861125e-01 1.044536647144739927e+00 -2.778996780812039269e+00 -9.910313903069702945e-01 2.478411839737256095e+00 -1.184862614919728330e+00 3.863414542588687883e-01 -3.706515674481526412e-01 -9.985325862196703373e-02
0.000000000000000000e+00 2.409609147976126131e+00 2.373908886634887416e+00 -2.417250045050895579e+00 -3.502811999216028038e+00 -3.226596118818404690e+00 -4.109722422217072513e+00 3.191165927444440165e+00 -1.036249246442298100e+00 -2.673760728820049781e+00 -1.061172693057268024e+00
0.000000000000000000e+00 2.679628479790916895e+00 1.095509998706145627e-01 -3.866444662470073457e+00 -3.879751634620423495e+00 -1.711557437106575597e+00 -6.842448467566770720e-01 9.338768110649219301e-01 -1.580632282509522035e-01 -5.813520517115640551e+00 -1.930560352226136644e-01
0.000000000000000000e+00 2.857945626645312487e+00 1.334941366658142003e+00 -7.275642335956591378e-01 -3.253257328869390008e+00 -9.443138468640965844e-01 -3.043561450880622132e+00 1.942265685607281300e+00 -2.176785709778683575e+00 -2.948757615733192949e+00 -7.244660295329912181e-01
0.000000000000000000e+00 3.595480907597501830e+00 1.105085487544216427e+00 -8.677625120266883041e-01 -3.894688010814884915e+00 -2.880100089338647251e+00 -2.739072186298519007e+00 2.858870631344966107e+00 -8.921152119823816395e-01 -6.848921181867182462e+00 -5.228425328882625456e-01
0.000000000000000000e+00 1.887270135367617785e+00 1.608068929453160267e+00 -3.415370991249373933e+00 -4.317628999942849433e+00 -1.370347280147844238e+00 -2.162412833541740298e+00 1.401221662900447473e+00 -2.907066023253208620e+00 -5.522133919702254090e+00 -9.063126907052709846e-01
0.000000000000000000e+00 1.844845175840767570e+00 -6.857766171703127966e-02 -1.055916758333620420e+00 -3.314108615184128581e+00 -1.267305167848134628e+00 -2.923015544976066860e+00 1.463148060215808233e+00 -2.923516089989975253e+00 -4.460344048479434775e+00 -1.569963235643656585e+00
1.000000000000000000e+00 -4.675699521596550667e+00 4.529438423906761990e-02 2.666847633821944896e-01 1.461722786604795044e+00 -1.294774295524181440e-02 6.001605100320177577e-01 -7.444183659941436826e-01 -1.910395437132748508e+00 -5.145296517479713838e-01 1.031007458561407963e+00
0.000000000000000000e+00 2.410330035636072843e+00 1.016379302378315641e+00 -2.256184007349534948e+00 -3.515139054672765884e+00 -2.138345364720438013e+00 -2.377041999430415053e+00 3.175629724096539874e+00 -1.333158220352535839e+00 -5.473114277816461204e+00 -9.652256744215111928e-01
1.000000000000000000e+00 -4.933296871680524553e+00 1.494798900693725230e+00 2.003727413751204445e+00 -1.304352240371940308e+00 -2.190484208198320903e+00 1.514635992738384784e+00 -1.533735299432250176e+00 -1.949490638450083191e+00 -1.531427145742794149e+00 -4.313634673366414374e-01
1.000000000000000000e+00 -4.706279050941511777e+00 -1.207661975592532411e+00 1.591809260652241820e+00 -1.506933011499509645e+00 -2.642214515597601565e+00 1.621168167445843356e+00 -5.452054145786842110e-01 -4.928641781884079975e-02 -1.459325503220518350e+00 7.852265909987500292e-01
1.000000000000000000e+00 -4.469543462945090972e+00 1.757924853350769645e-01 1.237437885547580496e+00 -2.007580808036237396e+00 -1.175562933235434482e-01 6.028055448193460064e-01 -1.657309012356324107e+00 -1.823304953541284412e+00 -1.730871354134256190e+00 -7.745463956568120478e-01
1.000000000000000000e+00 -5.247087934450226143e+00 -1.099647901987264031e+00 1.017722068389742107e+00 -2.181845941193830019e+00 -2.876245128838420761e+00 2.156321362488334614e+00 -1.615888070640191909e+00 -2.914315421413492757e+00 -2.046186490519488643e+00 1.442682657584635875e+00
0.000000000000000000e+00 2.577602364811421687e+00 1.128244502297844232e+00 -2.102489314589691904e+00 -3.469933912279682620e+00 -7.133268381375066358e-01 -3.146203785043139689e+00 1.910325087339582728e+00 -3.414470627263225921e+00 -4.783815275985470628e+00 8.971811722119427124e-02
1.000000000000000000e+00 -3.581295162270413002e+00 -3.587061379305609421e-01 2.848136236209966476e+00 -2.094480457228044212e+00 -3.599508793529292205e+00 2.520174170146455950e+00 -8.059850127244124751e-01 -2.293853900219927411e+00 -3.363182126165640273e-01 -8.818298070813469780e-02
1.000000000000000000e+00 -3.443756901582545549e+00 -2.609624639308717464e-01 1.282142544643924520e+00 -2.444144533808540576e+00 -1.219301491940266047e+00 2.352349618918323504e+00 -2.301463152568693271e+00 -1.194812541670237316e+00 1.701295640215457761e-01 6.599100954883687642e-01
0.000000000000000000e+00 3.354979683385530542e+00 1.921108973260854391e+00 -1.893377780017333922e+00 -3.160350518814475151e+00 -2.649438107838674838e+00 -2.172262730321271818e+00 1.568494819853726963e+00 -7.575479056124493349e-01 -3.593841794021352509e+00 -8.340438313712624785e-01
1.000000000000000000e+00 -3.338172891984116486e+00 3.321700031397545327e-02 8.573824052225611503e-01 -6.101171651946484253e-01 -1.757077329165185997e+00 1.322972418214002355e+00 -1.122530089885527493e+00 -2.085366745059281435e+00 -1.260301433272917659e+00 -8.034979396509178695e-01
0.000000000000000000e+00 2.755139782134797155e+00 2.313896080579840309e+00 -1.888732671175588074e+00 -4.120522072640572908e+00 -1.949243484969304552e+00 -2.705495682373317834e+00 2.517164841319959656e+00 -5.624602469865058740e-01 -3.842460199303761925e+00 9.854017154662770839e-01
0.000000000000000000e+00 1.984199073505771072e+00 2.983116515281285963e+00 -1.374947832276932846e+00 -4.817408075603809792e+00 -9.164365605865587572e-01 -2.608290765243951981e+00 1.810161063264255521e+00 -1.930403666901384430e+00 -3.167798305710191720e+00 3.214591426386237405e-01
0.000000000000000000e+00 3.238518837281695539e+00 1.695247404821146775e+00 -2.241560119058204847e+00 -2.282760061293910958e+00 -2.461942319658509959e+00 -1.032485417294213503e+00 1.392199072174445940e+00 -1.981523389932761336e+00 -3.605263201673751805e+00 -4.430576223032399730e-01
0.000000000000000000e+00 2.683848066691029377e+00 2.991389102857604509e+00 -9.987211164541247577e-01 -4.660782847638362369e+00 -2.599772561336606280e+00 -2.223331434016746044e+00 1.701851923108838704e+00 -1.298295994216291493e+00 -3.589287655416049105e+00 -2.747373423765089862e-01
0.000000000000000000e+00 1.460038179862367169e+00 2.105447485604892144e+00 -2.098023822775497038e+00 -3.783141798818965729e+00 -8.779436481430631378e-01 -1.479682283201200210e+00 1.357442257068554037e+00 -2.322723509061356051e+00 -6.316831018476095849e+00 2.670386036751105641e-01
1.000000000000000000e+00 -4.754836029809791142e+00 -6.808931652491496678e-01 2.093014954738139810e+00 -1.617699409697576085e+00 -2.345888398043580292e+00 1.107313591038382006e+00 -1.333120442657586668e+00 -2.182023949945982366e+00 -2.795187723924874579e-02 -1.327236184356297199e+00
0.000000000000000000e+00 1.035972503983831672e+00 2.260509689790199062e+00 -1.420402518469183750e+00 -3.016589362039576283e+00 -1.054087032456996198e+00 -2.595319309395321739e+00 3.693747328419032527e+00 -7.714899583353987955e-01 -3.898590350187082443e+00 8.706350790211632162e-01
1.000000000000000000e+00 -5.227717778728847797e+00 -3.984606014410692065e-01 1.483970719554204898e+00 -1.749466358328183313e+00 -2.273898341933586753e+00 1.646371565619850319e+00 -2.854740475517580034e+00 -2.657520371779531043e+00 1.617221526888155125e-01 -1.076894834946721335e+00
1.000000000000000000e+00 -4.338498024246819185e+00 7.664010441514641503e-01 2.317265041485854660e+00 -1.567103883546684617e+00 -2.629485598189251760e+00 2.092124236952271676e+00 -2.063607512385947640e-01 -3.305728907473896694e+00 -1.389146416743249457e+00 -5.569837864367654934e-03
0.000000000000000000e+00 2.607550512534656306e+00 1.174212058548950832e+00 -3.915575006724092422e+00 -3.143931517267573472e+00 -3.148930650669148790e+00 -2.948713227188219044e+00 1.435169013296649698e+00 -7.063323585615917111e-01 -5.156175812285837878e+00 -6.812423954103092871e-01
1.000000000000000000e+00 -4.182007320677363360e+00 2.549098693188237563e-01 6.252172279473422467e-01 -1.981845967112543017e+00 -7.553846701838384803e-01 1.503684381198677533e+00 -2.612949387480090646e+00 -2.674563152226913765e+00 -6.222731548392801404e-01 -1.373426640094349782e+00
0.000000000000000000e+00 2.407091966404155681e+00 4.325405448724968238e-01 -1.077825900312210594e+00 -3.827105318583486682e+00 -1.614281554813404851e+00 -1.707348077208743931e+00 3.148667928163345842e+00 -2.789212518504553096e+00 -3.902030895004583222e+00 1.217551580980831938e+00
0.000000000000000000e+00 1.766019950329990484e+00 2.268689542951173976e+00 -2.063648889256794572e+00 -2.693815687702315831e+00 -5.897105562264888245e-01 -1.894300674078108537e+00 1.131687992133194598e-01 -8.715559034214342971e-01 -4.753501787265240530e+00 1.175966360823187618e+00
1.000000000000000000e+00 -4.345198642493408592e+00 -2.720886172984499085e-02 1.687349748088551982e+00 -2.296797507460395682e+00 -1.388612836392366656e+00 8.445760138330875577e-01 -1.218361331157474137e+00 -1.718845029139461245e+00 -1.286003323255777042e+00 -4.296350147293751531e-01
1.000000000000000000e+00 -6.076328208044295742e+00 -3.997853062452216277e-01 -7.912336899953169578e-01 -2.319382608507360111e+00 -1.515598084439079951e+00 8.737868677586699828e-01 -7.085134224351784527e-01 -2.927801158195952880e+00 2.769437639385791128e-01 7.486796309950688455e-01
0.000000000000000000e+00 2.016709694063769653e+00 3.431317708548445644e+00 -4.087554902275904567e+00 -2.653132374157036732e+00 -2.722219159240427455e+00 -1.882624439678377337e+00 8.945445270301702889e-01 -1.976126205499016075e+00 -2.871593351644013303e+00 -5.020533550242332055e-01
0.000000000000000000e+00 2.718243366215542522e+00 1.437526418215594237e+00 -2.918923942880021105e+00 -4.519967011983845318e+00 -1.333218342553314173e+00 -2.818361712519133810e+00 1.554130570710120507e+00 -2.594176094676624800e+00 -5.168790814066232642e+00 -3.141177637395371480e-01
0.000000000000000000e+00 4.238756674126558099e-01 1.366140301269041846e+00 -2.617992318254898088e+00 -5.621453010377518211e+00 -1.646410035302875885e+00 -2.968053925245220714e+00 2.750170418603410827e+00 -6.942074454745412737e-01 -4.717484338361420448e+00 -9.367746605737206078e-01
0.000000000000000000e+00 1.690435295217085798e+00 1.648771232305265011e+00 -2.826556794381232862e+00 -4.129590797701368388e+00 -1.848426511482269996e+00 -2.510020589119935863e+00 2.446563589756191259e+00 -7.427842347523354594e-01 -4.304576509075032753e+00 9.528240238945624441e-01
