1.000000000000000000e+00 -3.823686760023561781e+00 -6.441388098584649446e-01 -2.515727011028616733e+00 1.616481121567122425e+00 -3.433574708228474215e+00 3.136048074437043365e-01 8.373491268995503223e-01 -2.461625900138637135e+00 2.095225892870849371e+00 3.246141954317667278e-01
1.000000000000000000e+00 -4.909538452554107479e+00 -1.940007928812365279e+00 -3.589345478207559559e+00 5.026265257836476374e-01 -3.407490411510094575e+00 9.266914144385206553e-01 2.134318022573189921e+00 -1.627762879025654641e+00 1.449195331171841294e+00 1.377332389755606901e+00
0.000000000000000000e+00 -2.548904516006801124e+00 -4.643452238020175038e+00 1.801450932509105485e-01 4.423050358835031837e+00 -2.905778609548285818e+00 -1.070138718273294209e+00 3.774878552498016404e+00 -1.942597634684785635e-01 3.003730270699643157e+00 9.649628293289681524e-01
1.000000000000000000e+00 -3.938050453864000655e+00 -8.279419517617516711e-01 -3.647653837123641551e+00 1.177843552638116131e+00 -3.144339862021056309e+00 1.756898129654618890e+00 1.329531072129093827e+00 -7.923831549466671120e-01 1.257010510472004849e+00 -6.775707776299858542e-01
0.000000000000000000e+00 -4.464104979599703427e+00 -4.574194237172948263e+00 9.557682432101730630e-01 3.565155940901037823e+00 -3.583578314285392974e+00 -1.683449586776989193e+00 2.095052657637701099e+00 -1.263440494736498776e+00 3.508485472144438955e+00 -6.983762091250221848e-01
0.000000000000000000e+00 -2.575174727814411924e+00 -5.288468866508475585e+00 1.925934676710088223e-01 4.556332535863244715e+00 -1.739934045693260600e+00 -1.184600970725096181e+00 3.273042551436990077e+00 8.299299443564426282e-01 4.638530181822585696e+00 -2.166007605922093404e-02
1.000000000000000000e+00 -2.708264654515596170e+00 -1.841506018002689871e+00 -2.215507274999718668e+00 1.492627306694882083e+00 -3.272568869474516973e+00 2.626963203521129664e+00 7.517607429231191185e-01 -9.965780983509073820e-01 1.383952238368338250e+00 -5.592676850256027565e-01
1.000000000000000000e+00 -3.694117469952856059e+00 -1.255068753943266779e+00 -2.832287000785378872e+00 -2.349840207250464275e-01 -3.059308590971580255e+00 3.508311956227128658e-01 3.828023405303065951e-01 -5.443247071834420581e-01 2.885950000824049511e+00 -1.234997130064861448e+00
1.000000000000000000e+00 -4.185340712077744385e+00 -2.423170279484171630e+00 -2.836105544265844713e+00 5.136537549579771600e-01 -3.379742901973290081e+00 -2.802103393592476621e-01 8.743257982757913771e-01 -1.403502365398259899e+00 1.312326216304783744e+00 -3.090193954262246967e-01
0.000000000000000000e+00 -3.934815450631962364e+00 -2.910050170069029107e+00 2.280375812927588619e+00 4.311676972034599764e+00 -5.610128360225507649e+00 -2.430609494119384095e+00 2.670317422605934965e+00 -2.643478231703979553e-01 4.123149301810516754e+00 8.182096697999186041e-01
1.000000000000000000e+00 -2.885808135147033049e+00 -1.895999219950151637e+00 -1.960944922054464357e+00 3.372254904011271037e+00 -2.360457614082164923e+00 5.829409047933820087e-02 1.913230410710933527e-01 -1.173173656717430680e+00 2.193322353820930992e+00 1.054153533423908273e-01
0.000000000000000000e+00 -2.951147703557158941e+00 -3.357251710180284121e+00 2.553356735746055595e+00 5.252071728319167576e+00 -2.787029318036194248e+00 -1.410436301059368125e+00 1.760932833642097517e+00 -3.845163471569930103e-01 4.855600440757735115e+00 4.243818170840793491e-01
1.000000000000000000e+00 -5.273590590968049163e+00 -4.505536158734702035e-01 -1.992359752218850089e+00 6.317985623356491276e-01 -3.073362937329345179e+00 -8.838165711995413787e-01 6.990375748972755821e-01 -1.705715770169533130e+00 2.433851005901628284e+00 6.641248055754409574e-01
0.000000000000000000e+00 -1.164217250339238285e+00 -4.462130466802924467e+00 2.892084395339810099e-01 4.929668478214047411e+00 -2.951570529207244942e+00 -1.464480852216817341e+00 5.049259157720753066e+00 -1.250752661920710551e+00 1.459313770053176196e+00 -3.899979446279911999e-01
0.000000000000000000e+00 -1.962017789322717531e+00 -2.417622896655717391e+00 2.484849443898401233e+00 3.824434761312394571e+00 -3.729581001632056747e+00 -1.930766926853009213e-01 3.315984101663441042e+00 1.304064022617682062e+00 4.191741546361548387e+00 -9.713259238818512387e-01
1.000000000000000000e+00 -4.198731145856678282e+00 -1.409009033794861088e+00 -1.588097885850662250e+00 3.490250651340541244e-01 -5.137485761302023946e+00 -2.140529602904924777e-01 -1.598591206801813214e-01 -3.592931599405586152e+00 2.950486077081964531e+00 -1.668644447021017774e+00
1.000000000000000000e+00 -2.162818066959758312e+00 -2.120450595269407046e+00 -2.591096936517379046e+00 1.063526198590273530e+00 -4.634551283778107766e+00 6.264876746383588602e-01 -5.472330052098623998e-01 2.095152958373820429e-01 3.140256626018882002e+00 -1.894882754490166299e+00
1.000000000000000000e+00 -2.595184096636402593e+00 -1.548633354627141356e+00 -1.172941690590469044e+00 2.999427104476251049e-01 -3.439722438429650531e+00 1.759244292239748431e+00 1.540557970775215724e+00 -2.121686985409195758e-01 1.316431861394537828e+00 -1.374224409738936670e+00
0.000000000000000000e+00 -2.862109519078062103e+00 -4.894342247730546269e+00 4.071907873158231439e-02 3.848082191832971954e+00 -2.606771863291624580e+00 -7.005965194226423387e-01 2.707225506190714448e+00 1.929809805034852666e+00 4.700896654044346867e+00 2.581933150658393128e-01
1.000000000000000000e+00 -4.248170252209774844e+00 -1.380616339384360902e+00 -2.708126372896701550e+00 -2.658766601033817345e-01 -2.677305247540354483e+00 6.742679757906033799e-01 1.755369682894090122e+00 -1.767351736134209705e+00 1.496935731735438591e+00 -4.318524600214547760e-01
1.000000000000000000e+00 -4.044795049411045618e+00 -3.150856714040751738e-01 -2.754354877009892455e+00 8.823296621638877513e-01 -2.898468726698399944e+00 4.383256019885360955e-01 -1.583985354434902959e+00 3.006529240918764945e-01 1.263306535457261459e+00 -3.907233484800311518e-01
0.000000000000000000e+00 -2.810113518487172612e+00 -3.555081795757855989e+00 1.122288077983031096e+00 3.652903902716712725e+00 -1.279544696713562413e+00 -1.663147506958426280e+00 3.228484908218267613e+00 1.770859589888001406e-01 4.067535773705381885e+00 1.385170934688636279e+00
1.000000000000000000e+00 -3.790757374415397507e+00 -1.140055324710015139e+00 -3.392124195284568433e+00 -8.226272485513186350e-01 -3.433788436522826615e+00 -2.117421663169798407e-01 6.698887744387030940e-01 -9.424775034033775478e-01 6.006627785101112948e-01 -1.808809554304154243e+00
1.000000000000000000e+00 -3.438109179960568973e+00 -7.794313310818286045e-01 -3.919772429301896288e+00 -5.245702061881412082e-01 -2.967064256818208179e+00 -6.598534777384563732e-01 7.899327161442558642e-01 -7.082199938482980350e-02 3.005060450624217339e+00 -9.406210163954111803e-01
1.000000000000000000e+00 -5.880542599584821062e+00 -6.891817525063527183e-01 -3.493214037758256119e+00 5.967125284753402870e-01 -2.122488544953318623e+00 1.199831273032881285e+00 -2.800781997048297223e-01 -5.740719131052002266e-01 2.224995906331153073e+00 -1.938289506898124737e+00
1.000000000000000000e+00 -6.617828188874973705e+00 -6.183406479946002010e-01 -2.386657282487411269e+00 5.319381044726646524e-01 -5.958071224477443195e+00 -2.015004155021150378e+00 1.055574939689652325e+00 3.158883037698718699e-01 1.572257645247698843e+00 -2.128186437386697882e+00
1.000000000000000000e+00 -3.718134750989708692e+00 -1.938993854057226240e+00 -3.735306702933000711e+00 3.010452252068897661e+00 -1.648552093686384890e+00 5.279518634499346108e-01 -1.644078406729871489e+00 -6.661412927155567765e-01 3.313232259435038962e+00 -2.252002144729026156e+00
0.000000000000000000e+00 -2.842428435613819637e+00 -4.856058081634945900e+00 4.170990171459577622e-01 1.942001831831008829e+00 -4.014511350977271853e+00 -1.332855974310384939e+00 3.230136274348675673e+00 4.887169633744340436e-01 3.243447708200971391e+00 2.574005005128165990e-01
1.000000000000000000e+00 -4.176592377126929101e+00 -2.850792947220043505e+00 -2.654075833078530344e+00 5.452826817663234404e-01 -4.274297312228619639e+00 1.419663241886999216e+00 -1.450559102072294770e+00 -1.708546026262959261e+00 8.046619790268152439e-01 -2.349433048665846790e+00
1.000000000000000000e+00 -4.485944872197927147e+00 -2.221498127026641178e+00 -2.827170055997133336e+00 1.496362407647583215e+00 -3.057672236659976672e+00 9.210346144499693688e-01 -1.746914508947587930e+00 -1.669429439461451725e+00 1.714263393157192228e+00 -1.763910005350422860e+00
1.000000000000000000e+00 -3.741135414656233671e+00 -5.340486368613762691e-01 -2.803386066255618925e+00 1.293516675884657241e-01 -2.507185471611767191e+00 -5.527791696143002920e-01 5.394163489584424820e-01 -7.780172332090234955e-01 2.030545429743199737e+00 -1.211067794713593493e+00
1.000000000000000000e+00 -4.876605472906117456e+00 -1.100100022811195677e+00 -3.047767854755689232e+00 1.600900181482877160e+00 -5.162528822473820611e+00 1.896152500128548857e+00 9.687597546858267572e-01 1.454519450155642435e-01 1.592443268236305443e+00 -1.148039823248491631e+00
1.000000000000000000e+00 -4.330895937263756323e+00 -1.991444145162010404e+00 -3.447068428400214657e+00 -3.685307864732523253e-02 -2.476994766891465805e+00 1.414985961664204872e+00 2.423101295115718923e+00 -4.753158639168652000e-01 2.019573776227878259e+00 -2.243459455478769904e+00
1.000000000000000000e+00 -4.713281759449715835e+00 -1.120902925584246201e+00 -3.443158004412196327e+00 1.150766833642399734e+00 -3.439266907061220735e+00 7.938526094635227626e-01 5.234771936513467061e-01 6.910593601437424738e-01 1.575984433867141155e+00 -8.915358714003912555e-01
1.000000000000000000e+00 -3.374396285560463671e+00 -1.452134179245138323e+00 -3.703228059900667724e+00 -7.394877594449917879e-01 -3.609164598463778795e+00 2.425790399801920572e+00 1.568152940775986437e+00 -1.400146163534395916e-01 4.130695600713599092e+00 -1.316921706465819186e+00
0.000000000000000000e+00 -2.799648408062454852e+00 -4.001391398461161764e+00 1.710668143932115193e+00 3.533363839768925985e+00 -3.472865493676983384e+00 -1.656356197295000943e+00 3.650218812144471414e+00 -6.861151207074979164e-01 1.508979157042517283e+00 9.527544852607350290e-01
1.000000000000000000e+00 -5.928019873888287883e+00 -2.119082545688101948e+00 -2.145691141757431364e+00 5.299912642151154429e-01 -5.050972085054495686e+00 2.779793700189139294e-01 7.115440723404464762e-01 -1.467585788753624554e+00 2.468215645974792150e+00 -7.669620959550847994e-01
0.000000000000000000e+00 -3.217064967776198436e+00 -4.725316835603376120e+00 1.843369584001554484e+00 2.448904966284930040e+00 -4.120928632548451098e+00 -2.251318056596062434e+00 2.793632173950448827e+00 7.634312732634177534e-01 5.383176617207787729e+00 2.170275773294774169e+00
0.000000000000000000e+00 -2.598376028313736708e+00 -5.413285208924551561e+00 2.296799837920496579e+00 3.200629631534328556e+00 -2.968907436378914522e+00 -1.501165359830381574e+00 3.612235901235968605e+00 -3.621951960794322911e-01 3.493999517704875490e+00 -7.743639561641859625e-01
0.000000000000000000e+00 -2.532203843921144948e+00 -2.983274812461292225e+00 2.663289621060220380e+00 5.102775123333672447e+00 -4.095037585547387060e+00 -2.009926780780348921e+00 2.767297674776953542e+00 1.745765637472134202e-01 3.522719352604157361e+00 7.467638942810456149e-01
1.000000000000000000e+00 -3.877089246342092288e+00 -2.156866422271261463e+00 -4.166831193412225076e+00 7.804454266508132898e-01 -3.064880427738058799e+00 -5.928550977659245991e-01 -1.301219512644802290e-02 1.785811860917279059e+00 1.009055476636883775e+00 5.688422733032585388e-01
1.000000000000000000e+00 -4.091780348594486583e+00 -1.557201128008858237e+00 -2.044846123351783618e+00 8.100071713128438322e-01 -2.261232260290410689e+00 -3.312227719144975602e-01 1.727114094028316282e+00 -7.332931385938465940e-01 3.488718306885397080e+00 -1.166968074954963130e+00
0.000000000000000000e+00 -4.612726186584606758e+00 -4.144987123915298000e+00 1.779048925279301141e+00 4.197213456028183742e+00 -1.519073697058427985e+00 -2.220684280138434108e+00 3.127452819207130474e+00 -9.061701445536672894e-01 3.068389525980748989e+00 2.418918099472555649e-01
1.000000000000000000e+00 -4.900993984408128057e+00 -1.033635252697826745e+00 -1.170215689563377071e+00 4.904035275044035802e-01 -2.841411610674295485e+00 -3.296661334492626549e-01 -4.754148101714377184e-01 2.183200975934977972e-01 2.169100127926211652e+00 -1.759603172627759005e+00
0.000000000000000000e+00 -4.095825986156505394e+00 -4.529286985623721229e+00 -4.130675858301666725e-01 3.352540261272198840e+00 -2.374649734941807644e+00 -1.570586773935737979e+00 3.262703875678409027e+00 1.206323599577163952e+00 2.945635379371734697e+00 -1.272735853681521423e+00
0.000000000000000000e+00 -3.362190542042568620e+00 -4.967206567741886403e+00 2.863010773700964240e+00 4.789300573173141728e+00 -2.503621646317839566e+00 -3.117719815440395337e+00 4.100518178979920769e+00 1.673011687183902252e+00 3.221999444074296726e+00 -3.591247170151587453e-02
0.000000000000000000e+00 -2.456956575925271835e+00 -3.144406531379997816e+00 9.942426793650778194e-01 3.072811351029758775e+00 -4.525594042856757149e+00 -8.444635954589013727e-01 2.598143202807287278e+00 1.610795713612907520e-01 4.604717894301592729e+00 1.148318137016177243e+00
0.000000000000000000e+00 -3.493093574036910454e+00 -4.000712385118065484e+00 1.875908376812647660e+00 4.253249813951099689e+00 -2.468428070258970930e+00 -1.424043437946721946e+00 3.439133717676155833e+00 -8.372138135363088596e-02 5.127306064112332251e+00 -6.238234019430761723e-01
1.000000000000000000e+00 -5.568373232952344765e+00 -1.952762080404591760e+00 -2.837877393966488526e+00 1.268566356610780321e+00 -2.719808580215968163e+00 -2.425179655346392238e-01 1.004654749813529868e+00 -2.274177195916851080e+00 2.449283296541815869e+00 -7.819915106388395376e-01
0.000000000000000000e+00 -2.547442855029986131e+00 -3.692897777885774779e+00 3.119610522600246849e-01 3.177452700765910798e+00 -4.268620208803594274e+00 -1.617209204618346163e-01 3.922388133826331114e+00 6.952973654385914415e-01 4.015559122159999994e+00 6.193529254607321732e-01
1.000000000000000000e+00 -3.753784843219469813e+00 -1.483336858980460748e+00 -4.094618612087966625e+00 1.499916915056561439e+00 -1.250519409131176651e+00 -9.911127786880151724e-01 -1.054546741634244000e+00 1.198791835313165688e+00 2.119970054144436400e+00 -1.676619003743931913e+00
0.000000000000000000e+00 -2.439220607045967881e+00 -3.154438950981826473e+00 2.275501955481202820e+00 4.032569045608418890e+00 -3.418577438619669007e+00 -8.906302410911233203e-01 4.348528649274408409e+00 -1.028438696539067276e+00 2.533713857686748394e+00 -1.630502412402435208e+00
1.000000000000000000e+00 -3.148621352541467910e+00 -1.280399000787459274e+00 -2.900798559955279465e+00 1.061874228034281220e+00 -2.664203172094459227e-01 1.828959321659566095e+00 1.248686785457360227e+00 -1.556310750963240785e+00 3.211484585728562990e+00 -7.367066416135636953e-01
0.000000000000000000e+00 -2.903779865071443922e+00 -4.104128848227116322e+00 2.245807716301251311e+00 4.765459638630554551e+00 -2.999478055559930745e+00 -5.687706928421065733e-01 1.903351486035814277e+00 -1.102591512621619696e+00 5.799684660471411846e+00 -1.788672114951651571e+00
1.000000000000000000e+00 -4.705363608674956843e+00 -4.109806677456199209e-01 -1.252543983721896348e+00 1.747672977040863662e+00 -1.563283865511003290e+00 -3.046959483207396513e-01 -1.787999198689992131e+00 -1.633979716778415359e+00 1.360485828294045518e+00 -1.665474433493713935e+00
0.000000000000000000e+00 -3.163917665790509925e+00 -3.595755503064316461e+00 1.619905804109314396e+00 5.804824203859800136e+00 -5.069586409305538943e+00 -1.490634348855234936e+00 4.604617245561064109e+00 4.575348394434516353e-01 4.039359313971885967e+00 -3.629282220961370653e-01
0.000000000000000000e+00 -3.369187719842190010e+00 -3.825457995117466758e+00 6.716990210838950093e-01 2.795590162633097453e+00 -3.702500504484669275e+00 -1.468168156736883168e+00 3.972099201959772063e+00 3.088750488288004026e-01 5.061786787464341408e+00 8.762326791533177339e-02
1.000000000000000000e+00 -5.840191873902144337e+00 -1.490708357938740791e+00 -3.204023592556632494e+00 -9.158023290840511255e-01 -5.086330142206176852e+00 5.567851011588049737e-01 1.298552193805763588e+00 -2.634734259132013312e-01 1.542697608895794659e+00 -4.651493424569441704e-01
1.000000000000000000e+00 -4.308037034783691155e+00 -9.856390285683620522e-01 -2.237836013652449552e+00 3.586341804403527789e-01 -5.623491201398050698e+00 1.906928701226389355e+00 -1.632323176176958546e-02 -2.445530171099424610e+00 1.895782466885681083e+00 -1.731510524576605592e+00
0.000000000000000000e+00 -2.786320016808979005e+00 -4.296064701457113166e+00 2.069881292134890582e+00 4.399403756023176904e+00 -2.774382763968388677e+00 -3.112831046380453159e+00 1.545244372778497022e+00 -8.995051119181441956e-01 1.383668710476592345e+00 -1.716762395363575333e+00
1.000000000000000000e+00 -5.033816457871221672e+00 -1.501301463837854566e+00 -3.093461034106065544e+00 -2.955735484823542869e-01 -3.983597893678557433e+00 2.026399218873410124e+00 6.412840109337192285e-01 1.364203970246542497e-01 2.137467469681899601e+00 -6.930344868289393112e-01
1.000000000000000000e+00 -3.745476089086440918e+00 -1.266832186189462028e+00 -1.325185966298187967e+00 -5.718051036197446813e-01 -3.663964810045942766e+00 3.220465119207353011e-01 1.056690499513546655e+00 3.584020819364071020e-01 2.945214155497584585e+00 -1.931261882900183080e+00
0.000000000000000000e+00 -3.113644376287856730e+00 -4.592401695936915829e+00 1.035156290961615433e+00 4.213208038495992014e+00 -3.127638080345538363e+00 -1.090711741609761809e+00 4.015698345515302137e+00 -1.635123794252919982e+00 3.667102305905005633e+00 -4.429245176103729920e-02
0.000000000000000000e+00 -3.689654238548318421e+00 -4.520644055496587654e+00 2.137464905931874881e+00 3.887806369553390873e+00 -5.233008573702742972e+00 -8.512951932541471534e-01 4.968613700886499451e+00 -2.545420388785898935e-01 3.827190590139025961e+00 6.172479849212324510e-01
1.000000000000000000e+00 -2.503869321848697371e+00 6.716152481611095126e-01 -3.246226403531652593e+00 4.834065841098550975e-01 -2.131179734353468636e+00 2.362624629575765245e-01 -1.404150502307497939e-01 -2.217974869216424949e+00 1.080556156512764376e+00 -1.389000991090739490e+00
0.000000000000000000e+00 -1.667472150466486891e+00 -1.895771252422432607e+00 2.406336509234514587e+00 2.564884795068345547e+00 -3.701209214085544819e+00 -1.189421651104612287e+00 2.515012660514615472e+00 8.688844821517801575e-01 4.562885139354857955e+00 -5.483253051934383615e-02
0.000000000000000000e+00 -3.635125732492363593e+00 -3.900638029086754166e+00 6.513412982815089958e-01 3.264346813363130373e+00 -1.873590971330263200e+00 -1.599994889404341425e+00 9.434330251678062496e-01 -6.385765337245031814e-01 3.412073403681323391e+00 4.559842968270479413e-01
0.000000000000000000e+00 -4.193278824394820248e+00 -2.414144769699419157e+00 5.040492288095900220e-01 5.055232665885307064e+00 -3.023306632901623825e+00 -3.844040376438162543e-01 2.541151886363958390e+00 -1.215127867038634513e+00 2.786443501935312206e+00 1.315302427828295651e+00
0.000000000000000000e+00 -1.211253087037251541e+00 -4.550275157836918716e+00 3.371845320552016023e-01 4.153057116633681822e+00 -3.345332006213610043e+00 -1.326441421243148122e+00 3.436387101595125948e+00 9.532184374691639039e-01 3.545557082574000152e+00 1.242032709667036716e+00
0.000000000000000000e+00 -2.682307500776129228e+00 -4.161884072244717458e+00 9.361537208224173234e-01 3.104222110565041159e+00 -4.225078966388089441e+00 -1.886612479720345181e+00 3.416772561406589581e+00 -5.835881127987857520e-01 3.262879575781690633e+00 -8.092644540914575302e-01
0.000000000000000000e+00 -1.864864157218776741e+00 -2.967227015265262668e+00 1.941690735916981048e-01 4.090824888502320178e+00 -1.515226625313041753e+00 -1.860438142658031868e+00 4.818207623898898007e+00 1.197151131224581055e+00 3.878286613165367047e+00 -4.175052580395899327e-01
0.000000000000000000e+00 -4.246324685638478869e+00 -3.348792046156537250e+00 2.480173366316434702e+00 2.676805389789924661e+00 -3.666029783106613316e+00 -4.217209647765794989e-01 3.866258830262070401e+00 1.947015782921545313e+00 3.398417586006803770e+00 -3.106457918945553787e-01
1.000000000000000000e+00 -4.298615989491989531e+00 -2.301017361722748067e-01 -2.618030745575921525e+00 6.620222601459838652e-01 -2.317850606274328484e+00 1.700235733149895179e+00 -1.955700763213172433e+00 -5.421952530380742541e-01 1.656244928803593641e+00 -3.969607822254740959e-01
1.000000000000000000e+00 -4.001323523714908070e+00 -8.080362524390303225e-01 -2.420256086921802385e+00 -4.837564023609448594e-01 -2.855484100866372721e+00 1.324231669284294255e-01 1.357602519856464518e+00 -2.544636869107857802e+00 1.565112863825166567e+00 -5.402869885635164238e-01
1.000000000000000000e+00 -4.282975079686381470e+00 8.590657242652184333e-01 -1.450494195864022062e+00 5.819132049594710754e-02 -3.529819785244727726e+00 2.891162178013321760e-01 -4.841768247851097051e-03 -1.965133430229302203e+00 1.652793737111222239e+00 -1.883730190141607697e+00
0.000000000000000000e+00 -2.820585261123151000e+00 -3.611462900170719248e+00 3.401871615878862887e+00 4.298989160296522449e+00 -1.109997725212441999e+00 -1.287830995795697264e+00 2.650735473143055021e+00 -3.644634139493492520e-02 5.067320522288282447e+00 -1.061134297663163251e-01
0.000000000000000000e+00 -2.900900970370404064e+00 -5.482366798273892172e+00 1.631005456559277533e+00 3.542498959630191457e+00 -2.606598285895263878e+00 -1.392153239655257391e+00 3.207105325241302207e+00 -8.513092024367382438e-01 2.479534592775592294e+00 1.466069111556260740e+00
1.000000000000000000e+00 -6.180197380810714236e+00 -5.775407278244203413e-01 -2.480446856066923278e+00 5.314650560681949409e-01 -3.082391796665333583e+00 1.689005750064582534e+00 2.500765824986574959e-01 -4.743201083768161519e-01 2.965816257836813907e+00 2.097572724430858404e-01
0.000000000000000000e+00 -4.391983460341119638e+00 -5.226863732061930889e+00 2.696514210704991310e+00 2.849918139908742098e+00 -3.342928085023622486e+00 -8.044068785611164785e-01 4.741223377422733698e+00 1.188602416253063399e-01 2.126212245133221934e+00 2.554926492483095002e-02
0.000000000000000000e+00 -3.204211242953518113e+00 -5.655091457455573511e+00 -1.103752325543592150e-01 4.355453401756875564e+00 -1.774467480679858156e+00 8.299422282394885997e-02 2.865916720651185301e+00 6.175593830952910146e-01 3.496772666594368140e+00 9.581324186693305212e-01
0.000000000000000000e+00 -3.176290658739061357e+00 -3.497565243715281103e+00 1.945372851655637225e+00 5.979541516573275040e+00 -2.354176314335562292e+00 -1.414017769287535087e+00 2.823491437202765297e+00 -8.033894349180501493e-01 3.911611347240403713e+00 4.680747792506945171e-01
0.000000000000000000e+00 -1.775283381762776447e+00 -4.222217549173768347e+00 1.330379893545167613e+00 3.480372233614068112e+00 -1.690011191114668687e+00 -2.289036581052164010e+00 2.228741475823342810e+00 8.965653695705622095e-01 3.869003918847818024e+00 -2.501657444216837667e-01
0.000000000000000000e+00 -3.416108030625437220e+00 -4.413088777518220596e+00 1.305968234294283548e+00 3.838782592304359920e+00 -3.435288243721111634e+00 -6.790860519575644405e-01 2.455859058820659691e+00 1.064860192536639660e+00 3.781166384854265594e+00 -1.680357828152641009e+00
1.000000000000000000e+00 -4.701879867569873639e+00 -7.388120382926159913e-01 -3.179830700916415509e+00 -4.669318878117225680e-01 -4.407302036123227573e+00 1.122585956985237221e+00 1.531007646221215879e+00 -1.154049166251200909e+00 2.247633934801142708e+00 1.857380117371469908e-01
1.000000000000000000e+00 -4.619701845862291378e+00 -4.715341841774756126e-02 -2.761972301544991293e+00 9.597752144022527743e-01 -2.104727501851172633e+00 7.182404610513979382e-01 -1.131926604115707446e+00 -1.537168866410607126e+00 1.711658050106541262e+00 1.282835641627325884e+00
0.000000000000000000e+00 -3.545351246156548619e+00 -3.938014509502053340e+00 8.735654535736746551e-01 5.400917462524353674e+00 -3.544705700893540978e+00 -1.532831841182177524e+00 3.409317061270773497e+00 -1.401118932318117460e+00 3.934377961290980608e+00 7.787672653537387468e-01
1.000000000000000000e+00 -6.593447267877342810e+00 -1.598334760205015082e+00 -2.055961092997577122e+00 8.076855329318699539e-01 -3.250523005083331363e+00 6.496099070000815878e-01 1.355448272095926554e-01 -6.241382757028102191e-01 1.490934638579593408e+00 -2.482183380046552479e+00
1.000000000000000000e+00 -4.934676897817352526e+00 -2.430769955468907728e-01 -3.008902761190990205e-01 1.052458657764699490e+00 -3.236665494611062677e+00 -2.004799004932298345e-01 5.617215614879237373e-01 -9.770575834978281193e-01 2.522029394316853690e+00 -3.996851611100822321e-01
0.000000000000000000e+00 -5.307385263844242473e+00 -3.677615096641411174e+00 6.250893632535010624e-01 4.135053683836673599e+00 -3.098337816507001463e+00 -2.650997018074233047e+00 2.145290170608783686e+00 8.698369101917737822e-01 5.056862922281224471e+00 4.069048681509156440e-01
0.000000000000000000e+00 -1.232161629831326044e+00 -4.564235511454088901e+00 1.977931874249702959e+00 4.507365775023735033e+00 -2.641934157993272692e+00 -1.043926697524841796e+00 4.702410855570777315e+00 6.548878147007101136e-01 4.117087885594588492e+00 -1.227067596432143803e+00
0.000000000000000000e+00 -3.383692403307173358e+00 -3.675871260973046173e+00 3.158679458394916484e+00 3.079235364793729168e+00 -3.377626792817639334e+00 -3.630974180537309692e+00 2.484024154776730331e+00 -1.637450577429439447e+00 4.282237739217654493e+00 1.669398449480274937e+00
0.000000000000000000e+00 -2.201597810696578783e+00 -4.074565187621057127e+00 2.303761909227164395e+00 5.235111612430308980e+00 -2.525949715677681784e+00 -1.560645723472682045e+00 2.787716051256103444e+00 -3.453695656113777712e-01 3.650659920960503957e+00 5.727976249485906557e-01
0.000000000000000000e+00 -2.715975853947201202e+00 -5.506550736070709995e+00 1.496263408745919454e+00 3.451794516026593929e+00 -1.829288096896345195e+00 -4.932872115523512235e-03 3.308475563836322131e+00 -1.529921049898454788e+00 4.805717350164123935e+00 -1.274166154223156822e+00
1.000000000000000000e+00 -4.679763004289518413e+00 3.284760678706339920e-01 -3.097871134897128620e+00 9.814927626958702689e-01 -4.038816080956154408e+00 -1.117924990287402442e+00 1.019562671548286614e+00 -2.734167058766538982e-01 -3.315287977103458239e-01 -1.671959613884551388e+00
0.000000000000000000e+00 -2.502962758390447906e+00 -4.271538548420025450e+00 7.350823540185154048e-01 3.885353661918688584e+00 -1.058628127982012668e+00 -2.827945806744993185e+00 3.273977120124450302e+00 1.200026574867306906e+00 4.355517661144506114e+00 -5.098795701882160580e-01
0.000000000000000000e+00 -2.984457097135311265e+00 -4.820105640866006347e+00 6.710477377400132504e-01 3.792075750120081690e+00 -3.119699672474209429e+00 -3.747971986871840855e-01 4.386967274630002578e+00 -8.334947233788442267e-01 2.107923194355925567e+00 4.334567711754606090e-01
1.000000000000000000e+00 -3.712289908594212928e+00 -2.203061852262970799e+00 -3.837936465863021951e+00 1.738793187224738412e+00 -2.780639186109446825e+00 1.419855032052093513e+00 -7.167294418479421836e-01 -1.176697053916123892e+00 1.186429661988692041e+00 -5.608730902013844277e-01
1.000000000000000000e+00 -4.528997094203666585e+00 -1.750986762526746343e+00 -3.751261310359611745e+00 -1.948243475752367004e-01 -3.977413885733127596e+00 -5.856786830875553296e-01 3.581114271380100855e-02 -8.833904170055764116e-01 2.174501013690844697e+00 -1.703284004500350557e-01
1.000000000000000000e+00 -5.277600894757538796e+00 -2.654809449867100213e+00 -2.376689176614885657e+00 5.079012997387405415e-01 -2.288414778224461266e+00 -2.862508088761890335e-01 1.879528909036367157e+00 3.339760651137153591e-01 3.066437574411137845e+00 5.020412670762153251e-01
0.000000000000000000e+00 -2.885500171318178708e+00 -4.186403950191103007e+00 5.247598599342218062e-01 2.703327129488608982e+00 -3.602065002706847263e+00 -1.012284108544233341e+00 2.534008159996409049e+00 8.537706221405724216e-01 4.302345320811208573e+00 -1.275480234645418376e+00
