0.000000000000000000e+00 3.159118611082226913e+00 -1.917089221227991747e+00 1.791181602541427997e+00 -3.409069476145690558e+00 -3.538934866144219704e+00 2.557421643544062650e+00 -4.009716739592798618e+00 -1.874133065963688782e+00 1.213054055985852475e+00 4.166382552230947667e+00
1.000000000000000000e+00 -1.605681356227513623e+00 1.976133759925549738e+00 -1.287987643125617643e+00 -5.277764146256304301e+00 -2.447365091377820434e+00 2.264665621018832731e+00 2.001762189547388715e+00 -4.533296375564975778e-01 -4.478731367481225689e+00 -1.281548285273597321e+00
1.000000000000000000e+00 -1.271287223112267828e+00 2.997186852776958510e+00 -8.910902652986422146e-01 -2.888522281182457796e+00 -2.107003053155966921e+00 2.614845552290583353e+00 3.894224872049045771e+00 1.385822752047807249e+00 -1.289301635541669988e+00 -2.882558795161694221e+00
1.000000000000000000e+00 -2.518615036605548418e+00 2.525874409123737507e+00 1.566889444448751334e-01 -4.653503211286253105e+00 -2.159772292952666817e+00 2.381740189624185877e+00 2.537025237364006536e+00 1.204318886586255299e+00 -9.960727675103826506e-01 -2.623380634935656541e+00
0.000000000000000000e+00 3.138196309949265128e+00 -4.047567882795281236e+00 1.883924296968633616e+00 -3.657810053004458162e+00 -4.734635434198311010e-01 1.285655273517947172e+00 -2.490743148011820285e+00 -3.147094741416543773e+00 5.634540489135220209e-02 2.139922086984384020e+00
0.000000000000000000e+00 1.610502700104095908e+00 -2.313692437502196775e+00 3.287553936607664706e+00 -2.489310763709432273e+00 -1.301418897363908256e+00 3.675411192823180961e+00 -3.002234774650245797e+00 -1.915175874660673294e+00 8.320527319874191363e-01 1.781262324356453819e+00
0.000000000000000000e+00 4.551916420363156135e+00 -2.555467230938935685e+00 3.237650230711097254e+00 -3.292229133392457374e+00 -4.407155216338689563e+00 3.347883942419473513e+00 -3.617074971976518949e+00 -1.926228961769754111e+00 1.876875177791418770e+00 1.626166395320576274e+00
1.000000000000000000e+00 -2.330493419341935546e+00 1.380920697848446066e+00 -1.765255501232147806e+00 -5.303933946851782544e+00 -3.036549017826615682e+00 1.587050197245502670e+00 4.824019249819918365e+00 1.328892463252971279e+00 -1.752551743171963272e+00 -2.816269115036586612e+00
1.000000000000000000e+00 -1.476275612751123845e+00 1.124610550698488032e+00 -1.805577108247331530e+00 -3.396985170941101639e+00 -3.686225282201567310e-01 -9.158938973441919096e-01 1.798146712504213429e+00 -2.387615679153096693e-01 -1.823068266290391648e+00 -2.930620894550731492e+00
0.000000000000000000e+00 4.798790032565978692e+00 -2.587436878211844871e+00 3.216888413086956167e+00 -3.957322357857028017e+00 -2.811572905569831082e+00 1.354481950521612577e+00 -2.671416561746266183e+00 -2.318242074236354089e+00 5.918034138475967154e-01 3.165105492705878820e+00
0.000000000000000000e+00 3.541263387421532460e+00 -2.393947669471923501e+00 2.299187769755685729e+00 -2.582374692842532404e+00 -1.331818815628365460e+00 2.743971535276632512e+00 -3.611459532269742034e+00 -3.601733596764068235e+00 -6.369333454436933994e-01 4.669122934271250358e-01
1.000000000000000000e+00 -2.745538079060255932e+00 9.470532215155091915e-01 2.903841919946665850e-01 -5.327194990330910151e+00 -2.347986794610214645e+00 1.304088520932238371e+00 2.758203364214007358e+00 4.237428286678138756e-01 -1.690627756285308481e+00 -3.602265994866168608e+00
0.000000000000000000e+00 3.343494511633192001e+00 -1.736634133926489021e+00 2.411174605603997989e+00 -2.246624695823802753e+00 -1.607395675169629667e+00 2.691113144383534106e+00 -3.095228576416583888e+00 -3.529494461202282274e+00 8.028053878753788064e-01 1.609330696292486040e+00
1.000000000000000000e+00 -1.385921323774204073e-01 2.134606159441789330e+00 -7.090507661094300751e-01 -5.102776744077565318e+00 -1.218014828348097822e+00 4.403853591901238929e-01 3.633270544312824590e+00 -2.138103125354352541e-01 -9.361852800758108106e-01 -1.837186098906330667e+00
0.000000000000000000e+00 1.754397666076254803e+00 -3.037985471479615729e+00 3.217384109595020636e+00 -1.546403034802416254e+00 -2.248585320423386769e+00 7.419240274378511302e-01 -5.386326004755493280e+00 -2.613050815664978987e+00 9.691589760512864249e-01 7.045218314177034147e-01
1.000000000000000000e+00 -2.637846286260379980e+00 2.397862561757829081e+00 1.791835863293700815e+00 -6.208207600961761941e+00 -6.720217888837680675e-01 2.795728997964866291e+00 1.390695587582669424e+00 1.710547657609164052e+00 -2.729277185810714546e+00 -1.322230174523662427e+00
0.000000000000000000e+00 2.986537764477015688e+00 -6.866199099194116862e-01 2.710692856114480964e+00 -2.604697043556341018e+00 -7.328526310988270343e-01 3.275851094423832599e+00 -2.942790302976495020e+00 -1.831749445819749855e+00 6.918397260725712705e-01 2.086930320944432538e+00
0.000000000000000000e+00 2.322550990049176534e+00 3.019834196136241822e-01 2.638615507380747349e+00 -3.827639118049147804e+00 -2.218977609659559480e+00 1.326113238722317345e+00 -2.922717799328816923e+00 -1.049581780582478530e+00 9.489041661919145332e-01 2.615228806824863916e+00
0.000000000000000000e+00 2.665236465878216165e+00 -1.671399756247522683e+00 3.821566618023681361e+00 -2.171028844853085893e+00 -2.223485043808966388e+00 1.600403382666001129e+00 -3.076729449188867260e+00 -4.042297842635667493e+00 6.891452963794056918e-01 1.271499995286369922e+00
1.000000000000000000e+00 -3.245450849384377001e+00 1.742817751154909445e+00 -4.745708184299634036e-01 -2.854632133119939130e+00 -2.727217280156765344e+00 2.334124402712110413e+00 2.180274415298477653e+00 1.215298102713455286e+00 -2.300894829530693908e+00 -3.033134276411810326e+00
0.000000000000000000e+00 3.614879106357347993e+00 -2.774766067352530285e+00 2.953970974813085348e+00 -2.170939898933900380e+00 -1.772335079495468424e+00 2.332863985212862090e+00 -2.740156403444184985e+00 -1.056399614280972399e+00 1.935065120390586646e-01 1.094402906901558170e+00
0.000000000000000000e+00 1.992222191827125011e+00 -2.831880475625015769e+00 2.825695772591122257e+00 -2.253045884980895863e+00 -2.599183770534092108e+00 1.416722058034803222e+00 -4.308775091207940555e+00 -3.636251822119677790e+00 2.464719316452611331e+00 1.370930626882245651e+00
0.000000000000000000e+00 3.419599219237760668e+00 -7.640084856364379728e-01 2.907268860989177028e+00 -2.884539645642250516e+00 -2.147213094045224313e+00 3.134026451227341692e+00 -3.292166029529537408e+00 -2.968696839989153347e+00 3.913731685870390220e-01 2.086258579673715641e+00
1.000000000000000000e+00 -2.232975223937524234e+00 2.652719134871150519e+00 2.629009140470139894e-01 -4.156862700770555641e+00 -1.104604144780156672e+00 4.048060298308593374e+00 1.585531111590754882e+00 -5.691051783267826458e-01 -3.722131466810671085e+00 -3.470535865789886376e+00
1.000000000000000000e+00 -2.415794554294599550e+00 1.645273866426205878e+00 -6.462893955777652133e-01 -5.625764854302873985e+00 -1.113497188787115899e-01 2.621761951770667842e+00 3.045125064599609743e+00 1.841391820607085617e-02 -1.958560531225446377e+00 -2.378396849743271257e+00
1.000000000000000000e+00 -1.455489750131044424e+00 8.559292750776426040e-01 4.370552329313133200e-01 -5.001246573204994661e+00 -1.073348688381164262e+00 2.520944829367033790e+00 3.882024959701859235e+00 -5.530644976437590898e-01 -3.677825582332180154e+00 -3.546765912171768065e+00
1.000000000000000000e+00 -1.060097598665713958e+00 3.155597034924874755e+00 -1.670076533006492170e+00 -4.620013416456194122e+00 -2.661336896829792131e+00 1.979589480238230115e+00 2.421934839299114905e+00 1.298761174461287471e+00 -2.705948630763153950e+00 -5.074083414166205230e+00
1.000000000000000000e+00 -2.910339484728434734e-01 2.049371495061793613e+00 1.492432441725417558e-01 -3.632635493690734130e+00 -6.503381992473454831e-01 9.849349965186420253e-01 2.891300034343706749e+00 -1.724464832406423564e+00 -2.602158158619269024e+00 -3.657152476168337163e+00
0.000000000000000000e+00 2.820728880330685140e+00 -1.140796040834881842e+00 1.867807969965921355e+00 -3.470080734093352604e+00 -2.999141744735153381e+00 2.045013143159045921e+00 -3.068426063189543473e+00 -2.673777109741471758e+00 -4.567777406682258512e-01 1.578465345073362336e+00
1.000000000000000000e+00 -2.373171425444057459e+00 3.502899126986465994e+00 1.285764258967849738e+00 -4.757385857806610829e+00 -1.165632312989323793e+00 3.126156807680794625e+00 2.691751066274054249e+00 4.774848635644471928e-01 -1.666252707108186737e+00 -2.641915986920557291e+00
0.000000000000000000e+00 3.029838839258383043e+00 -2.627894322908579827e+00 4.317454148487206211e+00 -2.551624052780770313e+00 -2.384345892165276481e+00 1.928809124442027345e+00 -3.526078423752469160e+00 -2.370761954543142647e+00 1.893568853854140199e+00 2.338695084565764581e+00
0.000000000000000000e+00 3.865816825919590638e+00 -7.847020706368392773e-01 1.635268330105934531e+00 -3.573215049660583897e+00 -2.896574031230629842e+00 2.423414038857231834e+00 -1.473968926277923641e+00 -2.356929214277155182e+00 7.007150727371926902e-01 5.975918635051661321e-01
1.000000000000000000e+00 -2.661599036946990182e+00 1.701863220241531138e+00 -1.523770332515758330e+00 -3.646413107033275480e+00 -1.075162997552740585e+00 1.460134899958084542e+00 2.518275927870786024e+00 -3.353718551299925688e-01 -1.472818398118389549e+00 -2.298145532469207275e+00
1.000000000000000000e+00 -1.334475148174100401e+00 9.095634384040924836e-01 -2.191728252420126033e+00 -3.461455637816098552e+00 -1.872253483015274611e+00 2.448025546022784660e+00 2.837263462193716279e+00 -3.509654092921287161e-01 -3.277348480557222388e+00 -2.111243912845998771e+00
0.000000000000000000e+00 3.931664133298849784e+00 -2.386660870428657155e+00 2.458421050679076014e+00 -1.696546856910904788e+00 -2.770178824674569995e+00 8.780231297516991606e-01 -3.602955558848333961e+00 -3.738859806700250310e+00 7.657981195789989037e-01 9.466895507420969302e-01
1.000000000000000000e+00 -2.807735108281212533e+00 2.323716456571887967e+00 -1.598436485571061327e+00 -3.489113763198190554e+00 -2.390155341709993664e+00 1.462892692223358937e+00 2.191579963045775070e+00 9.609672081924789389e-01 -4.328150795883502155e+00 -1.726059013342692960e+00
1.000000000000000000e+00 -1.714278477100425135e+00 3.660474290143596487e+00 -1.675910218253298556e+00 -4.488571669581619794e+00 -1.969588686159340796e+00 2.214031679244552464e+00 3.140731154633407129e+00 -1.552166482048292995e+00 -3.593224722730262943e+00 -2.043887174353265834e+00
0.000000000000000000e+00 2.754593301041283304e+00 -3.437090192828489599e+00 3.358935654579192853e+00 -1.578747764750986438e+00 -2.251785348062124825e+00 2.139239104233083832e+00 -4.144137837808484548e+00 -1.825732187791642147e+00 1.564238932175050500e+00 2.273107375364755267e+00
1.000000000000000000e+00 1.578544222920106321e-01 1.402792974564517570e+00 -1.080840134337878400e+00 -2.721853850007042830e+00 -9.414476632898353126e-01 2.467682639008836887e+00 3.891491563942781173e+00 1.709630116721895021e+00 -3.968667621803923851e+00 -3.765063556305559445e+00
1.000000000000000000e+00 -1.493716929571444751e+00 3.087681056685987357e+00 -6.880408527791108675e-01 -4.526431155911023296e+00 -1.065574161170034007e+00 2.997590157793475374e+00 3.104501800919780230e+00 5.721203865341667472e-02 -3.075615400232911245e+00 -2.700811009296375520e+00
1.000000000000000000e+00 -2.296545218919660680e+00 3.330133736801966560e+00 -1.897764446684784279e+00 -5.500670182274544295e+00 -9.425181862075464601e-01 4.106942991687644096e+00 1.623640192129364612e+00 5.228238868668076966e-01 -2.034384010594455283e+00 -3.111652759319911699e+00
1.000000000000000000e+00 -2.398658779644549988e+00 1.233034874940650782e+00 -5.672302988867883311e-02 -4.871190530440853372e+00 -1.058238020601045548e+00 1.482184317936906304e+00 2.203644469338205791e+00 5.228193974099644148e-01 -1.130786548366538247e+00 -4.034453102623162479e+00
1.000000000000000000e+00 -2.509948725256838209e+00 2.057166403965990931e+00 -1.328329497728973463e+00 -3.842157424366388074e+00 -1.285998736233154638e+00 3.128975688194941984e+00 1.142302623765889757e+00 1.926240577217404271e+00 -4.618090571620327989e-01 -2.560304090886426298e+00
0.000000000000000000e+00 3.956988260365305710e+00 -9.292273445857133218e-01 3.353164108035388669e+00 -1.514316194680525474e+00 -3.107244611110243415e+00 1.982548403085377942e+00 -3.626081190700662482e+00 -2.763605781079960799e+00 9.849281401968450478e-01 -2.064302370246540175e-01
1.000000000000000000e+00 -4.321360372658036297e-01 1.392899932386180595e+00 -1.213071467219317245e+00 -3.255039889890506632e+00 -7.059804325060418106e-01 2.695966230687409926e+00 2.979141267315355890e+00 -4.656548973746628128e-01 -1.716354887396224438e+00 -2.563102101281382605e+00
0.000000000000000000e+00 2.616817743301172339e+00 -2.828741428526134527e+00 2.295679467567894427e+00 -3.417461758806406458e+00 -1.437739469126541714e+00 1.385625956245845281e+00 -3.135429590336520356e+00 -7.704320660316099634e-01 6.675635380556603771e-01 2.981658691806364558e+00
0.000000000000000000e+00 3.193743172660282514e+00 -1.727939544057962351e+00 2.874468299959982875e+00 -3.141881796892010748e+00 -3.850501200501538435e+00 7.262324258026731094e-01 -3.248545795915837253e+00 -2.650942325369850749e+00 -9.585821210076082011e-01 3.796235546769706204e-01
1.000000000000000000e+00 -2.494345268318359565e+00 1.604689608788724353e+00 -8.132673544071513660e-01 -5.175264930133458563e+00 -2.561824942054900411e+00 1.694115371027510530e+00 2.943320367182082897e+00 -8.992079977524491952e-01 -1.572142029447831213e+00 -2.204877517043355883e+00
1.000000000000000000e+00 -9.446536548150228363e-01 4.646404373336125104e+00 -1.148568091873121144e+00 -4.662710251977298270e+00 -7.836197595551889217e-01 1.886707101717616908e+00 3.237432950526776487e+00 -1.094261809673189978e+00 -1.356748610633967012e+00 -3.745891412447827751e+00
1.000000000000000000e+00 -1.620947505628564489e+00 2.401195005169799668e+00 -5.423619539283084379e-01 -4.813452440356430273e+00 -1.369961646775675446e+00 2.174844579038606618e+00 3.508150792646230087e+00 1.697917297018689542e+00 -1.009269549940513766e+00 -3.204134482798254524e+00
1.000000000000000000e+00 -1.449066077367921812e+00 2.206085552886293488e+00 -2.062643087594444147e+00 -4.921662178939453902e+00 -1.029717695805951738e+00 1.840887990169498112e+00 2.302852824644951113e+00 1.788368601037395811e+00 -2.426302380708192707e+00 -3.438311449485852211e+00
0.000000000000000000e+00 3.182163445473404906e+00 -1.979019436811576771e+00 2.629985711705255635e+00 -4.099196924059402392e+00 -2.646920408305697858e+00 2.390545894505215596e+00 -3.454349665454337526e+00 -2.560820419625922106e+00 7.774191923891140554e-01 1.713889124447399270e+00
1.000000000000000000e+00 -3.031537582342389570e+00 1.840063633392707398e+00 -7.669693309878096166e-01 -4.288502290194583288e+00 -1.236299292806921635e-01 -1.916344823387525764e-01 1.316232516993905310e+00 3.472996109213987159e-01 -1.493865503745438694e+00 -3.087207745147202420e+00
0.000000000000000000e+00 3.027771475193876682e+00 -1.012298115716432578e+00 3.529411538924064118e+00 -4.309927583723579758e+00 -2.034957948116799642e+00 2.465584604288896031e+00 -3.452753756855833522e+00 -3.532567217481904276e+00 1.166259467405220462e+00 1.332224961416026199e+00
0.000000000000000000e+00 1.578370894461728735e+00 -1.706289684637982695e+00 1.500919191342029002e+00 -4.275631160693580846e+00 -1.989706018383683217e+00 1.528767932543751540e+00 -5.219504339330511833e+00 -4.200368918431860443e+00 9.432230087622708314e-01 2.938571240032472609e-01
0.000000000000000000e+00 4.210583304183773912e+00 -1.133970766856499335e+00 2.496889734618942480e+00 -3.721176896887050667e+00 -3.358878888778492389e+00 2.298061052397097015e+00 -2.569717820343162096e+00 -1.807366040982614885e+00 1.488586401901385470e+00 2.739676712650845225e+00
1.000000000000000000e+00 -1.614031105419774681e+00 2.783537108174376939e+00 4.887673159549987822e-01 -5.853793699382498161e+00 -8.812919878470393265e-01 1.771391448677042568e+00 2.180379062688253544e+00 1.136315812991815610e+00 -3.075909502296506837e+00 -2.939138481448156703e+00
0.000000000000000000e+00 3.124602103389714891e+00 -1.883073435637845128e+00 1.560949152983385435e+00 -2.948359630617890303e+00 -2.691279103929645977e+00 1.592107055526177151e+00 -3.829293720895628361e+00 -3.446417003794807421e+00 1.149565345315150866e+00 1.243736780771906636e+00
0.000000000000000000e+00 3.301193550228953999e+00 -1.724347605287326779e+00 2.835943607710541325e+00 -2.922158191436223795e+00 -1.941689878738069641e+00 2.330097919646689775e-01 -3.393567455309141057e+00 -2.038091871598292748e+00 1.107801289130522004e+00 1.837275414688264163e+00
1.000000000000000000e+00 -2.591006695361691925e+00 3.912957363865062099e+00 4.191718644385922232e-01 -5.253491568896278885e+00 -2.864312894449425606e+00 3.627114233851964187e+00 1.290057924146220003e+00 -7.530518156350638481e-01 -1.400360506588239184e+00 -2.090538088963932672e+00
1.000000000000000000e+00 -2.860566323234901454e+00 2.451187385249591788e+00 -8.957694567399542285e-01 -4.837328758874472001e+00 -1.627336569978933722e+00 2.542928014162598949e+00 2.214104759729786487e+00 -1.473022849353687214e+00 -2.216223810479169831e-01 -4.419302138441891792e+00
0.000000000000000000e+00 2.535658915843188144e+00 -1.452867407104015074e+00 1.115228435349630898e+00 -5.199616111862653156e+00 -3.669935892623987339e+00 1.394726967351474167e+00 -3.425299888585523256e+00 -3.786534850211634939e+00 8.618892724496232116e-01 7.087470295539929355e-01
1.000000000000000000e+00 -2.348364167443189654e+00 1.476662651353714661e+00 -2.564253985246708334e-01 -5.689541140686220189e+00 1.530645525964569043e-01 1.884202824228021100e+00 2.536741685480166986e+00 1.373772400424085882e+00 -1.988603615079408193e+00 -2.574067594918105328e+00
0.000000000000000000e+00 2.870493519535698645e+00 -2.088204910675699466e+00 3.053435179757102436e+00 -2.708011270468738019e+00 -2.812589759178885984e+00 3.845023384588220683e+00 -3.459018017830805647e+00 -1.536281358816222742e+00 5.553814577335642877e-01 2.771913380404516403e+00
1.000000000000000000e+00 -2.279263064866281496e+00 2.282783832791329459e+00 -1.362492051977416407e+00 -5.030185567328839369e+00 -7.626709822478903167e-01 3.189687593895731421e+00 2.747980013834872004e+00 7.385055403569452670e-01 6.891519929219720453e-01 -2.227852692982729366e+00
0.000000000000000000e+00 2.563383122780737988e+00 -2.418670847084618547e+00 3.620756293393767145e+00 -5.214088767652087064e+00 -2.702237413742111016e+00 2.037697812339340775e+00 -3.818023578717483879e+00 -2.291160479404465100e+00 1.207390517580761991e+00 1.294920906782910608e+00
0.000000000000000000e+00 3.405517732474093950e+00 -1.213571498529915971e+00 1.358134189856856411e+00 -3.434411068682629242e+00 -2.573727496755866095e+00 1.787464971208670095e+00 -3.403097965549239046e+00 -2.928792122548517618e+00 8.588766556309190836e-02 -2.151997740166970985e-01
0.000000000000000000e+00 3.683015725399633844e+00 -1.203366339996476686e+00 3.438138161764510592e+00 -3.173993502280927803e+00 -2.974178652053738769e+00 2.000949869667954850e+00 -4.491841886596197320e+00 -2.468277340581527035e+00 2.570108080976315712e+00 1.207626620815294372e+00
0.000000000000000000e+00 4.105365900472250473e+00 -1.228631774452329406e+00 2.772211442745650345e+00 -3.556317413348878631e+00 -2.485042013558624863e+00 4.211010285498372419e+00 -4.120031991988913234e+00 -4.554671669188820715e+00 9.366527322167172986e-01 1.935112236609606740e+00
1.000000000000000000e+00 -2.183971970664109197e+00 2.382038812631512847e+00 -2.845951827793854250e+00 -3.373149567024032347e+00 -1.518211870245075312e+00 2.462803963281490205e+00 1.990791653437009145e+00 2.268423934492965088e+00 -1.475684080646175289e+00 -4.295673526319889746e+00
0.000000000000000000e+00 2.578726763044082659e+00 -2.702842551811690974e+00 2.785804891239325176e+00 -4.268470837585944366e+00 -2.049284345545860475e+00 2.660384830061842010e+00 -2.856068492796625780e+00 -2.775281288794678058e+00 9.357053060623095053e-01 1.356850397298092759e+00
1.000000000000000000e+00 -2.148391702757642463e+00 3.478267340262740426e+00 -1.548868363065913911e+00 -4.004206421688046191e+00 -2.665803000292820357e+00 3.404543974847720200e+00 2.075204785871369140e+00 1.085036440998251139e+00 -4.445696365317273191e+00 -3.838448622481748895e+00
1.000000000000000000e+00 -1.775719832933624787e+00 1.794971248266141739e+00 -2.363127430212893287e+00 -6.042299217934407274e+00 -2.008188527027958692e+00 2.115262616377429072e+00 1.858682291551580601e+00 -7.409993260305454132e-01 -1.638268613932474249e+00 -1.887813177690683908e+00
0.000000000000000000e+00 3.762351865328169787e+00 -3.348194863663262133e+00 2.213289168223793624e+00 -4.169989264416842367e+00 -2.867291473472170171e+00 3.137515821165976604e+00 -3.550472134561710735e+00 -2.881246614028875719e+00 9.407669477633987531e-01 6.136250163871252994e-01
1.000000000000000000e+00 -3.221310645319131805e+00 2.244149722944855707e+00 8.892729366761229493e-01 -3.920159759894580542e+00 -1.298519714775331346e+00 3.631834248585117386e+00 1.726536898674218445e+00 -1.294571880240947825e+00 -1.681002805571344627e+00 -2.501701413964597442e+00
1.000000000000000000e+00 -1.512058086397140233e+00 8.854317348690574629e-01 2.154587520119568556e-01 -4.711322145192852417e+00 -1.153442574215988836e+00 2.873302339873517575e+00 1.545122653521466383e+00 1.908905187267011749e+00 2.265386513030467341e-01 -4.229364307514650534e+00
0.000000000000000000e+00 2.633189607138549437e+00 -9.504449871416291717e-01 1.935228665857815722e+00 -2.392487389842389955e+00 -1.168959702136421530e+00 1.116919649182833929e+00 -3.326427789628097820e+00 -1.673929327072990914e+00 9.878141056206118931e-01 1.174106954856926510e+00
1.000000000000000000e+00 -2.480115309815504876e+00 1.933948848694375444e+00 -1.567965433116778051e+00 -3.770063117476918801e+00 -1.329581964001922190e+00 1.084738513455323794e+00 2.161129286934393434e+00 2.412510604190820640e-01 -2.607660753819506461e+00 -2.112775548632223277e+00
0.000000000000000000e+00 3.241125885273280272e+00 -3.765556305623127820e-01 2.006079770884669600e+00 -4.265502989566487990e+00 -2.108880170767336804e+00 3.659512540957973847e+00 -1.535234453321764780e+00 -3.250786217481405949e+00 8.339266348969703868e-01 5.947669757354925313e-01
0.000000000000000000e+00 3.437053242193473857e+00 -1.780683141219906673e+00 2.147325692165439559e+00 -4.277748174563924977e+00 -2.456206920296463370e+00 2.291460761429002790e+00 -4.258622446431722608e+00 -4.271066211862452278e+00 1.840960371260910611e+00 1.195939264430387006e+00
0.000000000000000000e+00 4.084972370207901271e+00 -2.633096757589313608e+00 5.008608034882982452e+00 -2.142445227062714341e+00 -1.566278713947675483e+00 2.674433893049087629e+00 -2.582374558331172132e+00 -3.845664033353154210e+00 7.600363497975166638e-01 -6.247862143598927887e-01
0.000000000000000000e+00 2.409770603228901020e+00 -2.883609887493145063e+00 8.624936540707768273e-01 -4.586777249405039392e+00 -3.628891918580611886e+00 1.855054064918363554e+00 -3.377139190335872065e+00 -2.342617176798921008e+00 1.220716402703072356e+00 1.515324064129436543e+00
0.000000000000000000e+00 2.044664139333950637e+00 -1.382481377511739495e+00 3.095834936186931063e+00 -4.627436029135308715e+00 -3.123243419020405476e+00 2.260546552873488491e+00 -3.266733600398849635e+00 -1.990023032542998171e+00 5.696526009345459496e-02 1.453522130395734191e+00
1.000000000000000000e+00 -2.612137078875140794e+00 3.318538956026145126e+00 -1.223607121023530642e+00 -4.833442247090820487e+00 -2.679824781067685624e+00 5.670442746893800123e-01 2.484470895742872276e+00 7.729322955054820365e-01 -2.642211763640390121e+00 -2.668908990939676595e+00
1.000000000000000000e+00 -2.425864739982031004e+00 2.881601116209730140e+00 -9.976434765160130391e-01 -4.302688127253532890e+00 -1.287868302273094567e+00 1.466403742027014845e+00 2.086696936022858218e+00 2.200845957072194992e-01 -1.714283805847647724e+00 -3.168994011084390383e+00
0.000000000000000000e+00 3.875095676693325331e+00 -4.163883584901100221e+00 2.930790014449355052e+00 -4.223091504706876442e+00 -1.657135396070653632e+00 3.194875106847166801e+00 -2.215201049545798995e+00 -1.651873071238093127e+00 4.958957350826756483e-01 1.489748460289884724e+00
0.000000000000000000e+00 3.231546949654442891e+00 -8.421694310619252111e-01 3.685367497500440681e+00 -2.767917174561104865e+00 -3.578251818842002052e+00 1.542706078941650238e+00 -3.505379918561046804e+00 -2.891934730179927637e+00 1.055200663737027700e+00 -2.899083543733007584e-01
1.000000000000000000e+00 -2.271913315049991056e+00 2.878250549302894257e+00 -2.042614872809073390e+00 -4.713470919416182348e+00 -3.068027469399090101e+00 2.310427967008182648e+00 3.142344056974057942e+00 1.806837484666894422e-01 -9.676667371280909258e-01 -3.365258796720185241e+00
1.000000000000000000e+00 -2.755709578044918118e+00 2.699960770524495679e+00 -1.044617163374713220e+00 -5.391407145228887643e+00 -1.415874578262616312e+00 1.248996726985920569e+00 2.608544524804036424e+00 6.377310279780874502e-01 -4.251382574762614830e+00 -3.197171574935817162e+00
0.000000000000000000e+00 1.548506195135305630e+00 -1.022193703704086021e+00 2.703404078697698054e+00 -3.611464268074562334e+00 -1.964248956626145182e+00 2.053102337005696665e+00 -3.004314314720974100e+00 2.250115860566448411e-01 -5.396507232835390244e-01 7.347406905498438112e-01
0.000000000000000000e+00 2.730417204009770060e+00 -1.316889037472336987e+00 1.417457738781592314e+00 -1.362989152119387981e+00 -2.199650056049907043e+00 3.174614891050397958e+00 -2.405488854379356667e+00 -2.986264457092528524e+00 1.376156946988646990e-01 5.433023983373367338e-01
0.000000000000000000e+00 1.874570924003070349e+00 1.866716895402267262e-01 1.525569664266687830e+00 -3.912006102557726628e+00 -3.933236802078488026e+00 2.286642249456496856e+00 -3.003704371550599994e+00 -1.650898990452007276e+00 -3.937140555318190405e-01 1.602403880308787221e+00
0.000000000000000000e+00 3.053103890855394020e+00 -3.184200855829645516e+00 1.120126488109598473e+00 -2.921578154627139323e+00 -1.415557292055471761e+00 4.236363335045187029e+00 -3.367781415490345154e+00 -3.239867257225133024e+00 3.118384456863662058e-01 7.004903894031418998e-01
1.000000000000000000e+00 -2.195285080384339782e+00 3.018186280306436764e+00 -7.039614768039283987e-01 -4.186047348491392484e+00 -2.294247536001779331e+00 -6.190175678077913801e-02 3.888907825907785387e+00 -4.148255118451877888e-01 -1.033157308844423694e+00 -1.974065394474395774e-01
1.000000000000000000e+00 -2.557972679542626082e-01 3.378984167063339594e+00 -9.030884402751161444e-01 -3.484199569382584016e+00 -1.007574446981384098e+00 3.666043951424011738e+00 1.753632484330575725e+00 1.551451953293209396e+00 -1.577461746747822691e+00 -4.101129595261297389e+00
1.000000000000000000e+00 -1.716776310580731657e+00 3.174288584618372600e+00 -1.506591852192521674e+00 -5.773879255149683587e+00 -7.587001616501098944e-01 2.053444575599514543e+00 2.441392424010408568e+00 -1.014086774337807251e+00 -4.154653459032652485e+00 -4.082481832674444533e+00
1.000000000000000000e+00 -3.383164762814057092e+00 1.515157361053217855e+00 -1.700079761061140893e+00 -3.640092164997468238e+00 -5.217546878674843569e-01 2.996572814005630470e+00 2.864851156211961847e+00 -1.831963429882623728e-01 -1.548072000726090858e+00 -3.183011366256782271e+00
0.000000000000000000e+00 2.876364935446158011e+00 -1.968271547244413222e+00 2.695906148652817969e+00 -5.446231229320988021e+00 -3.384447220775907539e+00 2.507232203090364653e+00 -3.828591301780635892e+00 -2.554383087711480371e+00 2.357137041295589874e+00 1.414091708953941984e+00
0.000000000000000000e+00 3.509193525222485732e+00 -2.184615724855222929e+00 3.137837676728604031e+00 -2.092381352163187991e+00 -2.879100257013811337e+00 1.953199954337537791e+00 -2.877667101570504204e+00 -3.179518045703305429e+00 1.823009848197650440e+00 1.571508126287290308e+00
1.000000000000000000e+00 -2.184864893313845258e+00 8.194564856094033178e-01 -4.573723492173860095e-01 -6.627481974040021484e+00 -2.572182989437084011e+00 9.743214507706892125e-01 3.197401513161862940e+00 1.933483804876398038e-01 -2.017080527025524095e+00 -2.715515316637463261e+00
