0.000000000000000000e+00 -6.291027901198190664e-01 1.666573708462040670e+00 -4.965792393789409509e+00 -1.689314743640651040e+00 1.170098410086980456e+00 2.989259315169188191e+00 -2.103064386411809039e+00 -3.439945574991720711e+00 1.196549806681085126e+00 9.994628150667894673e-02
0.000000000000000000e+00 -3.723024844236846320e-01 4.610346786193804114e-01 -2.696927626974748637e+00 1.286408621444658396e+00 -8.301391262964707973e-01 5.057546693619980438e+00 -2.522055613111577888e+00 -2.794656611569563243e+00 1.014818092581864839e+00 9.314794253522072909e-01
0.000000000000000000e+00 3.895979049212695000e-01 1.977628868742479451e+00 -1.913098516001225491e+00 -6.659331576835070265e-01 2.503960344869481380e-01 4.379651504076958801e+00 -4.499807774856406262e+00 -1.282905541552925577e-02 2.115769389174043003e+00 2.744359617980985266e+00
1.000000000000000000e+00 5.841424222602562555e-01 4.878590844888128331e+00 -3.489724470462354677e+00 -2.260061856492902699e+00 -4.305593082908475644e+00 3.583637371778263692e+00 5.259444401683861514e+00 -4.093007966984920643e+00 3.507319178141643956e+00 3.630816621195325222e+00
1.000000000000000000e+00 -9.826708769914915820e-02 5.900979082258157149e+00 -1.913828401389140677e+00 -3.944439161106522818e+00 -4.354046547629867092e+00 6.031248015941310214e+00 4.239489928763751969e+00 -3.976039430562838817e+00 4.364050102859405200e+00 3.461850973615947069e+00
1.000000000000000000e+00 -1.237826253483016226e+00 5.062154937626480944e+00 -3.682894356484619269e+00 -4.827156480437151842e+00 -4.500203889084620101e+00 4.803058803864861837e+00 4.123989267126390246e+00 -2.981288619616030644e+00 2.024622598896939962e+00 3.471391335681625279e+00
1.000000000000000000e+00 -1.168373951071329575e+00 5.043090254505949055e+00 -1.844451101648526326e+00 -3.706567487580642251e+00 -5.458690682018040086e+00 4.065046288498899152e+00 4.116425091432847516e+00 -5.341108011753378015e+00 3.197869225635130430e+00 1.874974119164752207e+00
0.000000000000000000e+00 2.999859073677103027e-01 2.237543123902248077e+00 -1.739350551394429845e+00 -6.585247462635034355e-01 1.672760377042428193e+00 3.310517968466303973e+00 -5.360577816120155603e+00 -2.494640566520677005e+00 1.391865357448849316e+00 1.131498036019596531e+00
1.000000000000000000e+00 -1.425336468368275877e+00 3.247949117501554461e+00 6.573200368355180956e-02 -3.961144263685413947e+00 -6.979900270280037233e+00 3.291781169418353414e+00 2.817186879909126418e+00 -3.396641402748626692e+00 2.356669503578789016e+00 6.384145711410633695e-01
1.000000000000000000e+00 -6.127938343072650840e-01 3.917584618003562280e+00 -2.704711264603783860e+00 -4.188478134901382433e+00 -3.240965155229101669e+00 6.001517122608232668e+00 4.277175503312802718e+00 -6.583284638220527007e+00 2.674433157692138519e+00 3.472918873336300116e+00
1.000000000000000000e+00 2.290496812635599344e+00 4.185546841647707517e+00 -2.782298480926344908e+00 -4.203475559815122331e+00 -2.724191651824521276e+00 3.863895842821457371e+00 2.223246740396163101e+00 -4.175423996513019986e+00 3.673824475433871584e+00 4.242080877872111522e+00
0.000000000000000000e+00 -8.948344700505399540e-01 3.002170950689695861e+00 -3.068036038281191313e+00 -1.238870894250238663e+00 2.065693368008113762e+00 3.930257814418372853e+00 -2.899872677278700017e+00 -1.907815591085306739e+00 1.827626415550597683e+00 2.274065653525326081e+00
1.000000000000000000e+00 8.247886154956085569e-02 4.612236289101881326e+00 -2.745692598404176010e+00 -4.230175582613844298e+00 -4.262152746961295868e+00 4.560451490403544916e+00 3.448894822972180751e+00 -4.249262521255085190e+00 4.829203621578183281e+00 3.958861729765574378e+00
0.000000000000000000e+00 1.884501724740730855e-01 1.902805178234511008e+00 -3.069884442337091901e+00 -1.365436142277021148e+00 9.615922554661843202e-01 4.035310648637918440e+00 -3.634846125033565301e+00 -2.827887723004974596e+00 2.309860889911529380e+00 7.273778859434041344e-01
1.000000000000000000e+00 1.121367587191454351e+00 3.466174095582183590e+00 -3.050047424641180616e+00 -4.642748195810059819e+00 -2.072646720298591205e+00 3.370447176173437587e+00 4.290860752962265323e+00 -1.744308574852036386e+00 2.462754242762287937e+00 1.486899828146379221e+00
1.000000000000000000e+00 -1.519807130181766830e+00 3.769161827062730730e+00 -1.409686249454384033e+00 -2.319679911359268321e+00 -6.037156053143317713e+00 3.324625049384873687e+00 3.716269486501088792e+00 -5.227840982059193564e+00 3.332140027218214673e+00 1.853774605984708224e+00
1.000000000000000000e+00 4.701358384996209283e-01 4.054785506591183974e+00 -2.398043255508515603e+00 -5.062918405984948578e+00 -3.592098698156155123e+00 4.779781703483680033e+00 2.840649586967382678e+00 -4.793082857044725920e+00 3.691031136906675503e+00 3.922451845398124526e+00
0.000000000000000000e+00 -7.742620334292077411e-02 1.275183975832770322e+00 -3.194210312468670931e+00 -3.117437347649443247e-02 1.249705010159354757e+00 3.656732038228112547e+00 -3.687248704467996685e+00 -2.368733206388655255e+00 3.394482799886278102e-02 1.404043854607423203e+00
1.000000000000000000e+00 6.882986548782474845e-01 3.852922143036888070e+00 -1.792073413050261799e+00 -5.619562794035182662e+00 -4.741351031151373796e+00 5.263012161262286881e+00 3.805959951860384383e+00 -3.418929780970731969e+00 1.638475700287443937e+00 2.066586691215141158e+00
0.000000000000000000e+00 -1.563701657081435714e+00 2.382078096025126435e-01 -3.090454282153835219e+00 5.771536011875422201e-01 4.940056605651994559e-01 5.288575869069333635e+00 -3.999281044727927004e+00 1.342509753190162858e+00 1.847871020284612698e-01 2.555069581003312162e+00
1.000000000000000000e+00 8.834679450612064056e-01 5.772773320770783201e+00 -2.122096604209754211e+00 -2.906022320162511274e+00 -2.934353580593794586e+00 4.814953550706539964e+00 3.121572759032508415e+00 -4.283491482461168509e+00 3.386619192439468407e+00 2.940849903178606617e+00
1.000000000000000000e+00 7.701440337389336976e-01 2.609257538704791379e+00 -2.065025132485227122e+00 -1.773450485081425221e+00 -4.325670863203626482e+00 5.536139404438149114e+00 3.377699869639206653e+00 -4.427710541032117142e+00 2.268212239110341422e+00 2.316887196452785069e+00
0.000000000000000000e+00 -2.797238445455428879e-01 9.894593223278287386e-01 -3.015743602892664743e+00 1.411988817988130140e-01 -3.558187600064468548e-01 5.972043975616245781e+00 -2.647508780267040507e+00 -2.413394562388857079e+00 1.028408337990601495e+00 1.274711012040036007e+00
0.000000000000000000e+00 8.440290689975731286e-01 2.964877288629074847e+00 -3.486251601597780247e+00 8.727015071971744309e-02 -2.656987596498856519e-01 5.269259532311343364e+00 -3.144348944392451717e+00 -1.294911796511599711e-02 2.460026079522541487e-01 2.869847427419665920e+00
1.000000000000000000e+00 1.359007404970326016e+00 1.799252592750141932e+00 -2.951132407680955083e+00 -2.865667652608823168e+00 -4.611049294639530949e+00 5.639505531827652796e+00 3.656407805329180416e+00 -5.014527208946840453e+00 4.247519253766896874e+00 4.153901327457791837e-01
0.000000000000000000e+00 -1.085976853479237780e+00 -9.591960342004881568e-01 -2.639445472691991590e+00 -1.569207600991288309e+00 1.311662400387292760e+00 4.169645256003418510e+00 -3.432919095446827384e+00 -5.402659077508065177e-01 1.998925665214966729e+00 1.412963462714635465e+00
0.000000000000000000e+00 5.270402739230917177e-01 7.722443113243206980e-01 -1.803779535889689534e+00 -8.075599597245771699e-01 5.479932016493651581e-01 5.650287725313416942e+00 -3.228098761000160799e+00 -2.621010982184037275e+00 1.052622073702612848e+00 9.733862443110760099e-01
1.000000000000000000e+00 1.593490486879633461e-01 5.802818348753506328e+00 -2.103733605359127790e+00 -3.902982759125728673e+00 -4.908868197254634858e+00 4.690929294503121127e+00 1.865982728696132575e+00 -3.960014478443265595e+00 3.375427050771591553e+00 3.210468028708027610e+00
1.000000000000000000e+00 2.057491472411265399e+00 3.127572073661765373e+00 -2.466369600684511720e+00 -3.733671943513810820e+00 -4.673963716104416299e+00 4.291306498204244591e+00 3.114858048461257134e+00 -4.269162276798027733e+00 4.294129577922759289e+00 2.757826469089985633e+00
1.000000000000000000e+00 3.440338091226530781e-01 4.151190270785543923e+00 -2.523061606258880651e+00 -4.557882413876107819e+00 -5.839069703586186932e+00 5.185698098777707266e+00 2.940722004848160154e+00 -5.434815742777866276e+00 3.398226084912296052e+00 3.978534001477592064e+00
0.000000000000000000e+00 1.749992642821361355e-01 3.580715408952203749e+00 -4.155911572427326561e+00 -1.039479838912782395e+00 1.753430682122947726e+00 5.015737535020257098e+00 -3.389728761270099255e+00 -1.474414499850446258e+00 2.800372124402185747e+00 1.907613074111154328e+00
1.000000000000000000e+00 1.519878221317541689e+00 5.275588061538526219e+00 -1.961473981111824250e+00 -3.005010034456723655e+00 -5.320533403848035192e+00 4.814934565363619967e+00 2.452201569391767144e+00 -2.769521593293045481e+00 3.516881776212553490e+00 4.242885413588685317e+00
0.000000000000000000e+00 -6.847043287033446335e-01 2.641631632138867758e-01 -3.488175372762437387e+00 -7.768432681466655998e-01 2.849840906732622470e-01 5.081277185622257164e+00 -3.457004170542011146e+00 -3.313975120209007752e+00 1.229952334897777666e+00 -5.423493799514189639e-01
1.000000000000000000e+00 3.398808618484893684e-01 4.700739595757064571e+00 -2.488496020864096714e+00 -4.021090972062984825e+00 -4.532662225648493859e+00 4.118991200906203964e+00 2.704727468516706868e+00 -2.144013718964937976e+00 3.551719122213020885e+00 1.843138127369796653e+00
0.000000000000000000e+00 -3.198716526972661400e-01 -6.950005302437625154e-01 -2.891148774063864835e+00 -8.560268849221404075e-01 6.427226923750252174e-01 5.705687682827282892e+00 -2.860472650656598947e+00 -2.888227595224355237e-01 1.436548958685405886e+00 3.002559607579916801e+00
1.000000000000000000e+00 -9.775030013879582036e-02 4.814887213451211068e+00 -1.841806719645363799e+00 -2.051537110349477722e+00 -5.463616180543869660e+00 4.342751313380465383e+00 2.249677191435674573e+00 -3.623629041872583390e+00 1.699044571945965476e+00 2.953854089747808054e+00
1.000000000000000000e+00 -8.601056212819113700e-02 5.963306523970659079e+00 -3.647510055289966413e+00 -4.140697908776579617e+00 -2.856749942459940073e+00 4.392637898492363746e+00 2.571897705043205917e+00 -5.852354845994940824e+00 4.129018859684184584e+00 3.683856532785620974e+00
0.000000000000000000e+00 1.614305484453672612e+00 3.815998185667450748e-01 -3.436180275379543847e+00 1.607047807097812253e-01 9.705376145960953327e-02 4.043690632152959097e+00 -2.306298094204285665e+00 -1.096367453578596551e+00 3.741105379606467496e-01 2.347040247446820160e+00
1.000000000000000000e+00 4.400690741999949140e-01 2.371538380280432179e+00 -3.700330965425142615e+00 -4.403059841651285389e+00 -3.156473861273608961e+00 3.660905198545422401e+00 4.247955253464075653e+00 -4.468600876018505197e+00 3.114630953867222996e+00 9.122891383547644395e-01
0.000000000000000000e+00 4.262952289971573272e-01 5.455573346168018922e-02 -1.784060148282991864e+00 -7.544337825899445349e-01 6.963725026432030507e-01 3.608211935439532336e+00 -2.500497736688207517e+00 -1.227662678141926644e+00 2.732162063044129230e+00 2.421913521794671453e+00
0.000000000000000000e+00 1.262475928704365646e+00 7.941328736386621401e-01 -3.444964803548879129e+00 -1.343359378333190746e+00 4.293154548587260200e-01 4.809868065902227485e+00 -3.310045051279216111e+00 -2.555747409418492655e+00 2.096185802954033228e+00 5.668366301573641852e-01
1.000000000000000000e+00 -5.505931144021581902e-01 4.099971778387335952e+00 -1.478271016962634521e+00 -4.019153965942701134e+00 -2.798496023685918210e+00 5.139000477433101288e+00 3.156622929806026878e+00 -4.692102293802621560e+00 3.206704988153429525e+00 3.294038815730235381e+00
0.000000000000000000e+00 1.488459957148471346e+00 8.514834977959191420e-01 -2.870715877029013541e+00 -6.267237676628700793e-02 2.807402363657760969e+00 5.234301406830545567e+00 -2.952640007948918122e+00 -1.029722160719986235e+00 1.317153591717071137e+00 2.903097194215056298e+00
1.000000000000000000e+00 8.382405930300005359e-01 3.208614280638075744e+00 -9.689037574403653874e-01 -3.117949037798614764e+00 -4.463200974624096595e+00 4.604715157838927375e+00 3.435318249747581820e+00 -4.520236492706260378e+00 1.785794946157062801e+00 2.620399919658022103e+00
1.000000000000000000e+00 1.336079709806065718e+00 5.500943032908088171e+00 -3.067544203740133923e+00 -4.887556389022729597e+00 -3.115695790007230848e+00 3.609460232769527543e+00 2.645880566051020732e+00 -5.674217189080152934e+00 4.122873871197841211e+00 2.256225774122215810e+00
1.000000000000000000e+00 -5.141812576531198387e-01 4.142591246145662431e+00 -2.653632935416142757e+00 -3.426978590063956442e+00 -5.168360406993262046e+00 5.775433000777742798e+00 1.481223695200553747e+00 -3.825402546245755708e+00 5.690504748112305222e+00 2.511991317351795150e+00
1.000000000000000000e+00 1.309217239029676350e+00 3.538183200382799320e+00 -3.295931349188569115e+00 -3.037425661691292245e+00 -4.502264231936042194e+00 4.534095695052482000e+00 3.295878263804140396e+00 -3.183985229970594411e+00 1.498986371992215627e+00 3.346222448236695346e+00
0.000000000000000000e+00 -1.388190754084969614e+00 6.560979226823407950e-01 -4.454441339368949038e+00 -1.031775660093978475e+00 5.326442042928130061e-01 3.462824377912660623e+00 -3.728209310849933011e+00 -1.194741129287326897e+00 1.504810540725728840e+00 1.847905376807396527e+00
1.000000000000000000e+00 6.024538938439155666e-01 5.899473151587757869e+00 -3.368904008830139851e+00 -2.227127105673110119e+00 -1.994813404296828185e+00 6.380897089636534680e+00 2.405443119038622957e+00 -4.003181561542259459e+00 4.096716360828732029e+00 3.894144434277519995e+00
1.000000000000000000e+00 8.149753206367154057e-01 3.964555813951587737e+00 -2.654956985128540836e+00 -6.008431444403578681e+00 -3.859947021055806893e+00 4.567240316798647726e+00 2.180642850099967944e+00 -3.247610129813584656e+00 2.335050956408545098e+00 3.532716792942352857e+00
1.000000000000000000e+00 3.143272192429329981e-01 3.745860172708787239e+00 -1.444392150621174986e+00 -3.151171585995419022e+00 -2.113324515351933996e+00 5.580423511022285510e+00 1.720341446446260969e+00 -3.161967078953094479e+00 2.808478082323267344e+00 1.842154976182279080e+00
1.000000000000000000e+00 6.734093110565324558e-01 3.286437013081076053e+00 -1.542580503564315197e+00 -4.396111691006558075e+00 -4.245154053368226599e+00 4.542574061993083667e+00 2.793703296245833911e+00 -5.023801579862654521e+00 3.517931445651546252e+00 2.145261039328101749e+00
1.000000000000000000e+00 2.225627397792184325e+00 3.670214696565591961e+00 -2.429821985702396159e+00 -1.824860332486919923e+00 -4.574467215583974955e+00 4.652409839306521633e+00 4.147232683253502472e+00 -3.449678325865058959e+00 2.924435800697660071e+00 3.157763102082631779e+00
1.000000000000000000e+00 3.905566116772868912e-01 4.843499210491307494e+00 -1.127317090623947138e-01 -3.818790657881542483e+00 -3.336267292334720302e+00 4.958220009932792216e+00 3.116364474450155519e+00 -3.792429619967360388e+00 4.903076928840023108e+00 2.408924948346218731e+00
1.000000000000000000e+00 -1.776001877084097957e-01 3.608519303817202761e+00 -2.519134982932002664e+00 -3.246914081179112621e+00 -5.391250860201438400e+00 4.471789054764056637e+00 7.886144860541732804e-01 -4.923653083486970061e+00 4.111439251006538953e+00 3.309649939679041530e+00
1.000000000000000000e+00 1.884162433253522506e+00 4.665343027569687884e+00 -3.223096189158774827e+00 -4.350585902848285613e+00 -4.041502119079145139e+00 3.919768259234301055e+00 4.553736851782577588e+00 -2.338705048852958157e+00 2.593894385676902559e+00 2.231569214779493215e+00
0.000000000000000000e+00 3.243179909405632388e-01 2.914748010224562869e+00 -2.393838540813569171e+00 -7.000616222611758532e-01 1.272144239545221600e+00 4.264983071919103530e+00 -3.369001470246498986e+00 -4.373968180729869815e+00 -1.429490164376694405e-01 2.028183640409630506e+00
0.000000000000000000e+00 -1.561873264287529484e+00 2.912703513028597868e+00 -2.447972139235691458e+00 -1.316256857303592209e+00 2.210787582896759140e+00 4.820517717294698024e+00 -3.060450004111427091e+00 -5.470731698097308637e-01 2.449368642035973043e+00 1.303835481201077284e+00
0.000000000000000000e+00 2.738195232317442440e-01 2.945095025010068479e+00 -3.403579336378229403e+00 -7.853027241797785329e-01 1.231772886031845982e+00 3.815719595050720336e+00 -1.292605156292357282e+00 1.197860095232138988e+00 6.629891412563171382e-01 1.163492849118735961e+00
0.000000000000000000e+00 9.039723815221106795e-02 1.066479500825957993e+00 -3.370137509690184885e+00 -1.023775828886090977e+00 1.799016263380836644e+00 4.544915569274468936e+00 -2.779215323028667584e+00 -8.888678733057234771e-01 2.132138079588576929e-01 2.813466944702570416e+00
1.000000000000000000e+00 1.957496985824003222e+00 5.152335606222104403e+00 -1.578685471301810583e+00 -3.806541928884376702e+00 -4.949121569770800200e+00 3.956026379686833572e+00 3.362393033748977800e+00 -3.420708010270395061e+00 6.072807149126441040e+00 2.774946763879460487e+00
1.000000000000000000e+00 -1.993269849520391546e-01 6.110172356227132617e+00 -2.855133385975673121e+00 -3.257900282071580556e+00 -4.257616803224854252e+00 3.701414888285545768e+00 4.047980420441697369e+00 -4.638628861288395910e+00 4.225061452654084171e+00 2.046153712991024332e+00
0.000000000000000000e+00 1.231374623416375547e-01 2.438789814331412842e+00 -4.603882129949040447e+00 -8.877265605611808219e-01 -6.882759112095178100e-01 4.430814796520180288e+00 -2.462986351274832231e+00 -2.762924430642604179e+00 8.473656109066531883e-01 9.608404510394438214e-01
0.000000000000000000e+00 4.694753742166480892e-01 2.594687123088759595e+00 -2.959985337694442720e+00 -8.628405428751756423e-01 1.969963621027991829e+00 4.059440971422679567e+00 -3.304788825408821129e+00 -5.424752093477147596e-01 1.974060581146371396e+00 1.114938064427646758e+00
0.000000000000000000e+00 2.200425051185824210e-01 3.704647960554452446e-01 -4.740845733646620985e+00 -1.806537069061964207e-02 2.188892642945927669e-02 3.103009766983212181e+00 -1.181725551842216060e+00 -2.820861104511332318e+00 1.632752723241270409e+00 1.308565525295874332e+00
0.000000000000000000e+00 -1.353725284485887692e-01 1.397622500137898349e+00 -2.399516404660510194e+00 6.263090639342183685e-02 1.680472235882440879e+00 3.864719530384078894e+00 -4.724305295870085075e+00 -1.639125222027933981e+00 1.390040819369416925e+00 -1.955526822339184179e-01
0.000000000000000000e+00 1.455769952447917737e+00 2.073640659763420491e+00 -1.770767072235620798e+00 2.342069638339083770e-01 1.622746549474622269e+00 4.499750214205278986e+00 -3.914876587862178070e+00 -2.571198506871668954e+00 2.335647381814912826e+00 8.035567141905319843e-02
1.000000000000000000e+00 1.411576608080071127e+00 4.270851502946377387e+00 -1.725927209954538633e+00 -4.052844877790104050e+00 -5.517057991536103323e+00 4.104154788632151885e+00 5.325461471031435856e+00 -2.810406603271663251e+00 4.998759028023801676e+00 2.142081202637106330e+00
0.000000000000000000e+00 -3.945468790428556805e-01 2.001725797228209203e+00 -5.255847698643616006e+00 6.254715975204927503e-02 3.007676177893621183e-01 3.844878421423299386e+00 -1.855731402292476906e+00 -3.074174121592452735e+00 1.581323054985373844e+00 1.568146649775175927e+00
0.000000000000000000e+00 6.353760076332354290e-01 6.605115230488529665e-01 -2.839298716094914798e+00 -3.012808512688034845e+00 2.421077760633851383e+00 4.546430010023438051e+00 -5.023118935106786864e+00 -2.445166579334262735e+00 1.129535631123340877e+00 1.615077915401974096e+00
0.000000000000000000e+00 -6.531086888386498090e-01 1.186684800573827303e+00 -4.968126333877512124e+00 2.866349835287238523e-01 5.214450551673340817e-01 5.060262466551659344e+00 -3.246012324161807516e+00 -2.480046716504673565e+00 1.032199761695610896e+00 1.684151350786963430e+00
0.000000000000000000e+00 1.190500339969366772e+00 2.627173847926152384e+00 -3.759262321602562018e+00 -2.619661190194678912e+00 1.986900619086079400e+00 6.367776079301980197e+00 -3.513386838921591870e+00 -2.001250184347761252e+00 2.238285074020594845e+00 1.688139268853208863e+00
0.000000000000000000e+00 1.063242068651419014e+00 1.533734114439093466e+00 -3.140996011988475889e+00 -2.091538773141865093e+00 4.635874063371847598e-02 4.717958573182705173e+00 -3.742816669886726455e+00 -1.726710233449530119e+00 1.914198582922643332e+00 1.594489759391820582e+00
0.000000000000000000e+00 4.612063610803159852e-01 2.171948375159928446e+00 -2.457449125460744455e+00 8.133785779162974183e-01 1.575143030544792433e+00 3.674201431116324024e+00 -2.333820528447145826e+00 -3.357135722421888069e+00 2.326429526313082530e+00 9.870837844741329192e-01
1.000000000000000000e+00 -4.862043724075433282e-01 4.853621833856630374e+00 -3.429488822993635555e+00 -3.569661683311405653e+00 -6.147443727083755860e+00 3.811345446720473262e+00 3.949840718056634614e+00 -4.185488595949675705e+00 2.077946643395734316e+00 2.517983398183218924e+00
0.000000000000000000e+00 -1.149856730169308117e+00 5.240252181224486216e-01 -2.847228778286233997e+00 -1.513544709828138046e+00 2.257828228461572273e+00 5.777189882554032430e+00 -2.268781940735796532e+00 -2.131272751024454681e+00 5.093873780486667391e-01 2.983399005197265641e+00
1.000000000000000000e+00 1.338843506635631009e+00 3.412775387910206959e+00 -3.514090366945809674e+00 -3.044672940939077144e+00 -2.806254597827987141e+00 5.128756214957222781e+00 3.662920573177327555e+00 -2.630560798098330544e+00 3.019551934279492311e+00 1.215801782941291931e+00
0.000000000000000000e+00 2.425619271458608339e-01 2.304647703430442451e-01 -2.950363987090879991e+00 -6.385841465271324680e-01 -1.380684768109771809e+00 3.410826456958568453e+00 -1.850591919435259358e+00 -2.336305863058951271e+00 3.819774780434505024e-01 1.251092219483025847e+00
0.000000000000000000e+00 -1.211636060990253227e+00 1.848471299251287503e+00 -6.294893027701781385e+00 -1.000632150948303822e+00 2.468676025453161227e+00 6.295695444835356369e+00 -2.920928801390839880e+00 -1.192240377124856865e+00 1.765832353315404113e+00 1.018127281923595362e+00
0.000000000000000000e+00 1.587076618194468214e+00 1.812008895923582052e+00 -2.400150758655948735e+00 -2.165392311504630851e-01 6.461344714950767454e-02 3.812984724734941988e+00 -2.628678376297688413e+00 -1.833259292719469080e-02 1.021489853364942801e+00 6.392363709816513140e-01
1.000000000000000000e+00 -3.755796041534014140e-01 4.534605359954833048e+00 -1.614957764219385306e+00 -4.297161818427759350e+00 -3.722903783095482311e+00 3.676272583348152434e+00 5.063174373365598058e+00 -3.577944039646901775e+00 2.175881887434172768e+00 3.474915868387641549e+00
0.000000000000000000e+00 1.688242745440257098e-01 -1.655920992304522610e-01 -3.758278727175049738e+00 9.128394372245827171e-01 2.622801650726584111e+00 5.182090318852742072e+00 -2.458731155076013586e+00 -1.682864623892095013e+00 2.249936569234230355e+00 3.239991672188954563e+00
0.000000000000000000e+00 5.227813737993773913e-01 1.492921493920093656e+00 -2.969708018876503264e+00 -9.619495273300214810e-01 2.808998289893165357e+00 3.391173602239331508e+00 -3.695888332707281787e+00 -1.125056849204747245e+00 5.125334539178878490e-01 3.388971627939518783e-01
0.000000000000000000e+00 1.694096922837036168e-01 1.913453536256472853e+00 -2.564216452200178242e+00 -6.667344004501103427e-01 6.472245796034843401e-01 5.628155511697721991e+00 -2.901457411662887509e+00 -2.909901543827488002e+00 2.296495247402300599e+00 2.648148963600482020e+00
1.000000000000000000e+00 -6.806048842139191812e-01 3.742688652683574091e+00 -2.346983796178243153e+00 -4.369118572108430243e+00 -3.581664976869196160e+00 2.837136914528781251e+00 4.613107092458670344e+00 -5.796547067403658104e+00 3.654357857490183825e+00 2.215397813267402150e+00
1.000000000000000000e+00 -1.705483677499924910e-02 5.528497819936561086e+00 -3.425088899793338193e+00 -5.037751529779484372e+00 -3.066479159759258888e+00 3.889320793362699202e+00 2.969552412265288321e+00 -4.409349351107396231e+00 3.637079692700964095e+00 4.894356064903977455e+00
0.000000000000000000e+00 7.509189191083640580e-01 1.211174845896991759e-01 -2.874561631702211351e+00 6.191979278532517839e-01 -9.180683792406565402e-01 3.726131747844922959e+00 -4.120712703974152014e+00 -1.662735454395915191e+00 -1.111705414307300188e-01 1.535526306470752722e+00
1.000000000000000000e+00 1.655539985595923635e+00 4.017937117593970875e+00 -4.077897935805333773e+00 -3.636529723562090588e+00 -3.476827695894569636e+00 4.979280693032218430e+00 4.236254280787274951e+00 -3.610309787279528226e+00 3.384538867378096061e+00 2.076803317760377077e+00
0.000000000000000000e+00 -1.045053244076924459e+00 1.491496490383288576e+00 -4.917502836136824484e+00 8.170768957363734319e-01 1.595033900715890240e+00 4.955530059177825741e+00 -5.211975680787793053e+00 -1.127909763537474408e+00 1.780943773878020941e+00 2.805622026996664076e+00
0.000000000000000000e+00 -7.162363086552323566e-01 2.184199075956549940e-02 -1.948321964665770123e+00 1.103883970087583100e+00 2.097628026197874140e-01 5.448980294870512608e+00 -3.491607043561349766e+00 -2.189873667631581977e+00 1.364375602705983015e+00 1.655217026697498817e+00
1.000000000000000000e+00 1.785775755292509093e+00 5.981441113626753570e+00 -2.012523168869309487e+00 -3.738299669796756319e+00 -5.258755177474033538e+00 4.294410669156709659e+00 3.492842428297168844e+00 -4.319611207125578112e+00 3.071844230942861742e+00 1.566193038891135147e+00
1.000000000000000000e+00 6.771967911457685840e-01 4.748336652761442345e+00 -1.061971310782738431e+00 -3.589518978807216598e+00 -2.831116707809433475e+00 5.407610265053577336e+00 3.164754482050700091e+00 -4.283393994276273098e+00 4.858288630999145319e+00 4.215898289577257430e+00
0.000000000000000000e+00 5.880563825270403999e-01 1.189764155188195671e+00 -2.550398751410381415e+00 2.963961898010923912e-01 1.460469088946170002e+00 4.748880174084140648e+00 -3.707859712823381226e+00 -2.296916447610234613e+00 -1.535917807027724624e-01 1.671500197049328396e+00
1.000000000000000000e+00 -5.581262180986190646e-01 4.079409945260635162e+00 -2.272029399453391107e+00 -4.674022647216464321e+00 -5.574574717049893380e+00 3.524862027559643174e+00 4.472936976194208825e+00 -4.450149989805861850e+00 2.329233924506421971e+00 3.753641272262958850e+00
1.000000000000000000e+00 8.389568763976222865e-01 3.932689840753423649e+00 -2.036397195823209216e+00 -3.719455905912299354e+00 -5.011990865232780479e+00 5.196202685264973198e+00 4.306552891335190481e+00 -5.117065639788394904e+00 5.022341166855250449e+00 2.184317972138798414e+00
0.000000000000000000e+00 -4.663430311202279022e-01 2.257785385768784625e-01 -3.378032465313559385e+00 -7.952376922278736604e-01 8.569190688764543040e-01 4.497873379163338292e+00 -5.150681390485011057e+00 -2.618680781325918527e+00 2.045857049073376288e+00 1.425341477862388961e+00
1.000000000000000000e+00 1.227455824693019393e+00 3.581032931712025746e+00 -2.541195305713411567e+00 -2.954604210746432535e+00 -4.222297103134825313e+00 5.834481830649846046e+00 3.554494550762407723e+00 -5.311655479254275392e+00 3.805392194423072638e+00 1.215823481676085116e+00
0.000000000000000000e+00 -4.348602217834340866e-04 9.756613342717543880e-01 -2.518550310336610032e+00 -6.177455823590046746e-01 1.804034459856706629e+00 3.169569028856659365e+00 -3.237171043270695492e+00 -8.613265183167738703e-01 2.204309066783939119e+00 9.069504184858812046e-01
0.000000000000000000e+00 1.069264183097427656e+00 3.343806242822919828e-01 -2.387280674289733451e+00 -2.012907200265760643e+00 2.845266645491396629e-01 3.943376441536426302e+00 -3.722169063416321144e+00 -1.388261092951202924e+00 2.182307958561411354e+00 1.674529129171171471e+00
0.000000000000000000e+00 -3.655668595928363018e-01 1.186371637924751532e+00 -3.861899798110686621e+00 -1.260901289951547710e+00 1.839146975179767107e+00 5.402057190345327164e+00 -2.930251337822165070e+00 -3.465265696512045412e-01 6.539659698169475455e-01 1.136590546479641084e+00
