1.000000000000000000e+00 4.972977637907485260e+00 1.026439136529150531e+00 -5.080971259535370876e+00 -1.952762612347008986e+00 5.017901897146966661e+00 1.205864365754836465e+00 9.582203521563262827e-01 -4.697501278620135778e+00 -1.850545574009323513e+00 5.584609518130722705e+00
0.000000000000000000e+00 -3.215182243644632898e+00 -1.871376880262601405e+00 1.029680580842555759e+00 5.539358173862344081e+00 -4.270486455234891565e+00 -2.865073372061392121e+00 -2.274517641497703302e+00 2.524012620973504539e+00 -1.154866662950327916e+00 -3.568597953974753434e+00
1.000000000000000000e+00 5.640051628409930906e+00 1.528979349428718271e+00 -5.125164786278449292e+00 -3.337020440153241729e+00 2.487728225206931931e+00 8.812512391113569432e-01 1.173909130261070466e+00 -3.687982926569658204e+00 -2.950855920760444118e+00 5.132309882189462158e+00
1.000000000000000000e+00 4.990319758314876175e+00 2.861332138458086316e+00 -1.567486066216516871e+00 -2.232786729320488828e+00 2.222552253200763328e+00 8.260504550339435870e-01 -1.120274373453130634e-01 -2.981725029947903671e+00 -1.610325204387602849e+00 6.104598685726439378e+00
0.000000000000000000e+00 -7.310115284622593634e-01 -3.172933911666064422e+00 -8.450453034302005673e-01 4.999024000674024748e+00 -5.887830543584991361e+00 -1.493289032593527077e+00 -7.275102450964656686e-01 3.082690633232661348e+00 -9.801555040356497717e-01 -4.586414274146555670e+00
1.000000000000000000e+00 3.654286737314464961e+00 8.174120658610470880e-01 -4.933678800135728792e+00 -4.118679412432891596e+00 7.574832387968772895e-01 2.012628697399093891e+00 -1.158851830690290630e+00 -2.142142854691546638e+00 -1.989785669421067604e+00 7.420066801260714939e+00
1.000000000000000000e+00 4.633228056148368523e+00 2.596884883230933028e+00 -5.615903094945311480e+00 -2.547964414396874488e+00 3.529609103629198774e+00 2.408366390076091879e+00 1.726685918740973991e+00 -2.651944540362995539e+00 -3.369857906146492610e+00 3.151754748555952723e+00
1.000000000000000000e+00 4.284862642561449775e+00 2.563665741973743639e+00 -5.162962652013764142e+00 -3.278356791904545542e+00 2.372478584283225889e+00 1.580848234897683335e+00 -6.337026779040511038e-02 -4.237261573505727519e+00 -7.736283719444969620e-02 5.607031996260062101e+00
0.000000000000000000e+00 -2.676610193201757859e+00 -1.374087688577951161e+00 1.769829551399181300e-01 4.080726559004808962e+00 -3.847117587186926091e+00 -3.138443748776147402e+00 -1.052746485762834361e+00 1.360124663251561117e+00 -2.148201111349278269e-01 -3.767615812457371316e+00
1.000000000000000000e+00 5.310028530900638088e+00 1.797577818028901264e+00 -4.211918587850515650e+00 -2.927709751139998318e+00 2.846100624043765848e+00 4.132036857526790286e+00 1.431656135958872422e+00 -2.708198792542659827e+00 -1.548161194829029474e+00 4.600822527706355025e+00
0.000000000000000000e+00 -3.650597094137985277e+00 -3.550989978346162257e+00 2.864765246792325692e-01 6.672125912464643704e+00 -4.046062273854406754e+00 -3.183215231792923650e+00 4.172671408098804768e-01 3.496268248515332022e+00 -1.022760883482900285e+00 -4.722862775141448921e+00
0.000000000000000000e+00 -2.583260081347521275e+00 -3.955809645675732344e+00 2.443589547260059947e-01 2.870706622984342982e+00 -3.806576167841429825e+00 -1.193928588222664233e+00 -3.507558926154381584e-01 2.484707970568288626e+00 -8.040042830416121999e-01 -5.821971294863773849e+00
1.000000000000000000e+00 4.366721496449015305e+00 2.571499054316706445e+00 -3.671438721360960500e+00 -3.259182978784326945e+00 1.182733331770220886e+00 2.156080853713801648e+00 -1.293264451150801797e-01 -5.221141379270148875e+00 -1.723989163782982725e+00 6.000710017174386124e+00
0.000000000000000000e+00 -4.596335379454213665e+00 -2.516753976482237309e+00 -9.548767113288462172e-01 3.354762583301282408e+00 -4.020528776011189187e+00 -2.310427142501769282e+00 -1.055411515339289563e-01 2.246578358510540330e+00 -2.854673425797200625e-01 -2.728311937796405573e+00
1.000000000000000000e+00 5.671613770705964619e+00 1.694518475434205751e+00 -2.880124815913519321e+00 -2.294530331722208327e+00 2.511092969401008013e+00 2.106714576991217225e+00 4.097736447571919127e-01 -3.195444005351388395e+00 -2.961550050036981574e+00 5.742685979508610039e+00
1.000000000000000000e+00 4.886484545954466796e+00 1.915296209815722683e+00 -4.352928297622680631e+00 -2.301256163065783511e+00 3.257713518626330185e+00 1.683891177483358925e+00 1.923694638927953560e-01 -4.639694245109072135e+00 -1.291421350466261053e+00 4.770521114417563879e+00
0.000000000000000000e+00 -4.708541039421062280e+00 -2.575568231904259875e+00 -1.289069664864024745e+00 3.497273847436106031e+00 -4.264403913383707945e+00 -3.850289678536413795e+00 -7.474210070820619389e-01 3.094720698670891057e+00 -2.333037095640421388e+00 -2.389984203158542986e+00
0.000000000000000000e+00 -4.006732794105357875e+00 -3.815436786803844349e+00 -7.499725695790617763e-01 3.742243304766038836e+00 -4.598836054171838050e+00 -6.136392052067187741e-01 -1.011297663710839290e+00 3.531340731930149524e+00 -8.356205445192969039e-01 -3.403229459220649566e+00
1.000000000000000000e+00 5.860296539432126472e+00 1.517449224361887783e+00 -3.555485727005094354e+00 -2.205531651129746695e+00 3.707745841822569943e+00 1.291438084246978590e+00 1.619731781779223168e+00 -2.265260645216324864e+00 -3.380487894277130589e+00 5.543606533068320630e+00
0.000000000000000000e+00 -4.698689764780307421e+00 -3.628730607182996337e+00 4.382772565039799728e-01 4.370553700510314776e+00 -3.502084152096760050e+00 -1.658856430228503598e+00 -9.676546814694328980e-01 3.707235614309077221e+00 8.403881730407389838e-01 -5.287806164897123296e+00
0.000000000000000000e+00 -4.898552365028816524e+00 -2.182922932470224175e+00 -9.922744803621352805e-01 5.941917714361181879e+00 -5.036934499933707343e+00 -4.317210619058204024e+00 -1.019402185515672077e+00 2.683066587869263220e+00 -3.578584448123865447e-01 -3.624774993479087826e+00
0.000000000000000000e+00 -3.936248153661658034e+00 -2.707812089582527726e+00 6.404837536704202083e-01 4.010922594402742014e+00 -5.478261579750316912e+00 -1.685779610372789339e+00 -1.815982268404087385e+00 3.118049623635925194e+00 -3.827849888677395951e-01 -1.517345081486359604e+00
1.000000000000000000e+00 4.482883327872257517e+00 2.712366917728564530e+00 -4.879624837040060115e+00 -3.311941631849177892e+00 2.526278690043885611e+00 2.395204794964326922e+00 -1.663235336431728051e+00 -3.137392666700779653e+00 -9.583415686158743840e-01 4.353846066820240779e+00
1.000000000000000000e+00 5.613186733489434310e+00 1.980627162754737158e+00 -3.336164954226304769e+00 -3.718587311758827063e+00 2.152010552035575675e+00 1.916664098640847191e+00 8.119578827057303272e-01 -1.388917799471950154e+00 -2.298075922486893852e+00 4.168490152632594814e+00
0.000000000000000000e+00 -1.872775864526283307e+00 -2.660902484952256675e+00 -6.318366575325041756e-01 4.949977981921128922e+00 -3.827529812080032290e+00 -3.415667101799059857e+00 -9.579298437714621750e-01 2.909943193307789944e+00 3.915369302853428657e-01 -5.075005632539454581e+00
1.000000000000000000e+00 2.826715252812576296e+00 1.746888401027295368e+00 -4.973860220568913526e+00 -2.138498114040512377e+00 1.577705551428584485e+00 3.627875569935476996e+00 -1.610629095110790443e-01 -2.978814583922869907e+00 -2.301751655242348260e+00 5.168791745177746755e+00
1.000000000000000000e+00 4.795361407379533425e+00 2.488193817660591556e+00 -5.098393347435538736e+00 -2.510927446179920697e+00 2.101407069432739583e+00 1.698170389663781865e+00 -1.985426012695818976e+00 -2.597459655803596057e+00 -2.459773972832036915e+00 4.600510065224809431e+00
1.000000000000000000e+00 3.997219434364148505e+00 3.201396693220369905e+00 -4.207203413529473579e+00 -2.876828550598643286e+00 1.811306016691411891e-01 1.849959597553076263e+00 6.971032255596576466e-01 -2.355572039738027534e+00 -9.391310989383152563e-01 6.506253820259397358e+00
1.000000000000000000e+00 4.815207590215641709e+00 3.462614454792953822e-01 -3.329692299699065217e+00 -4.581179677333939715e+00 2.032203587212974227e+00 2.485796614111666969e+00 1.252452717261361759e+00 -3.292555297339628151e+00 -1.682227324815777969e+00 4.065577039814866289e+00
0.000000000000000000e+00 -2.076808036463761109e+00 -4.699786414614754548e+00 4.719886053804845938e-01 4.642671605966230075e+00 -3.673322891760321340e+00 -2.993480672407294207e+00 -1.791137109461264032e+00 2.252203914031144727e+00 1.158749505911651045e+00 -3.306510094442132175e+00
0.000000000000000000e+00 -3.454538174443767318e+00 -3.521060246138841165e+00 -1.066976574361829799e+00 4.327414966371261329e+00 -3.646741469431542093e+00 -2.153953995388618647e+00 -8.569003927871008397e-01 2.853645821663369553e+00 -3.897290437080944137e-01 -4.885904381425500986e+00
1.000000000000000000e+00 5.844191451569729523e+00 1.365344963917433097e+00 -1.874955901842794592e+00 -1.306727691445480177e+00 2.741431312388495023e+00 2.215736221152071472e+00 4.951355876001537482e-01 -3.308422907431593174e+00 1.375211910535185655e-01 5.166510293551705324e+00
0.000000000000000000e+00 -1.959802502830737980e+00 -2.242797864417185316e+00 -9.731295651465674545e-01 3.519527704147991543e+00 -3.624593040231946173e+00 -2.003058485030225988e+00 -3.786893790225530632e-01 2.307912788027693729e+00 -8.895473531081022900e-01 -6.056752975175768938e+00
0.000000000000000000e+00 -3.545444669909414426e+00 -2.944098536898990037e+00 4.323889760905823554e-01 3.406294904356765851e+00 -2.727106022759731907e+00 -3.714440463456010200e+00 -1.736021427033541897e+00 2.110728511553967568e+00 -1.996463219244293485e+00 -4.594104495803887467e+00
1.000000000000000000e+00 5.329263464682593820e+00 7.082756859144563322e-01 -4.223220676404077167e+00 -5.817537896666147290e-01 1.754387211555716419e+00 1.280845609419006159e+00 -1.165024494786952580e+00 -4.657749494357930509e+00 -9.860688722455464017e-01 2.910284210611399303e+00
1.000000000000000000e+00 2.085744937857011205e+00 1.631725261300222662e+00 -3.651714047142020192e+00 -1.889824591792702124e+00 2.794665144761907083e+00 3.033320978372302967e+00 1.208847391063532006e+00 -3.620301231385989471e+00 -2.770016122667429137e+00 5.099157218078941511e+00
1.000000000000000000e+00 4.178216869309355097e+00 1.691875031431027132e+00 -3.196116289560502643e+00 -3.238375310727014789e+00 2.321451987095684455e+00 1.733591519650785617e+00 8.980138118050180474e-01 -1.992106762066137682e+00 -2.326178622930527684e+00 4.032401957023390437e+00
1.000000000000000000e+00 5.381772349271427558e+00 -4.374960356955068796e-01 -4.536105913237948428e+00 -3.604410063501799488e+00 2.123815009767320738e+00 1.969413858829016206e+00 1.210996373971900741e+00 -4.041862786171797062e+00 -2.701362305953255660e+00 2.854530281572164263e+00
0.000000000000000000e+00 -2.170362458004481354e+00 -3.448932297173025852e+00 -1.372079895994640752e+00 3.080968538284093228e+00 -3.766020971642034088e+00 -3.245645592524954104e+00 -9.522100825250892076e-01 1.550538653452679938e+00 -1.802844989034451340e+00 -2.234644277680016611e+00
0.000000000000000000e+00 -3.001535000455309632e+00 -3.228514287903004654e+00 1.570354949953391976e-01 5.151664665275853316e+00 -2.162940148667968909e+00 -2.506079315975019650e+00 -3.044562192838298653e+00 2.811519930270837353e+00 -1.720509330672809867e+00 -3.937562444191459843e+00
1.000000000000000000e+00 5.890481571872998146e+00 2.703335856085850253e+00 -3.772802117584781012e+00 -2.953965187625804401e+00 3.898043222689492104e+00 1.252729776431068753e+00 1.229159391896599729e+00 -3.685056258564454179e+00 -5.765406159809012276e-01 5.295712891070839312e+00
0.000000000000000000e+00 -4.535789004316036710e+00 -1.913405390571266906e+00 -2.427335603184908486e+00 5.646490672161500690e+00 -3.692403130683286960e+00 -1.543005606076266023e+00 -1.691625835135296185e+00 3.957418718883049635e+00 -1.314220573802757031e+00 -2.886767680683287374e+00
0.000000000000000000e+00 -1.388706989286651705e+00 -4.056036360582669253e+00 1.117475046013168605e+00 4.040102071670620631e+00 -6.402234726287698408e+00 -3.064388612768056852e+00 5.698284065000205345e-01 3.724308960586787620e+00 -3.779599688246677025e-01 -4.759517006874830258e+00
1.000000000000000000e+00 5.833526986563065009e+00 1.550742970814727340e+00 -5.696897448506321737e+00 -3.708807475988083802e+00 3.012048530048956785e+00 1.510345285677584970e+00 1.641564922779587876e+00 -1.642548538441964912e+00 -1.162878113594332463e+00 5.188601231012525794e+00
0.000000000000000000e+00 -3.920551234835810472e+00 -1.958531829191207274e+00 3.697399197215871514e-01 5.537911273230879949e+00 -4.049966711867917013e+00 -2.470985951537543635e+00 -1.432765304648556892e+00 1.774226784130747081e+00 -1.256056349153214846e+00 -4.041838213583678119e+00
0.000000000000000000e+00 -1.536776414032958282e+00 -3.351850235348532436e+00 1.293317933724598578e+00 3.945662793800213564e+00 -2.886745405197196135e+00 -2.682982932401130505e+00 -1.500639896463658030e-01 3.218869687388318468e+00 2.892111375826406316e+00 -5.324224937633690757e+00
0.000000000000000000e+00 -4.294358445374190758e+00 -3.081149250090649439e+00 -1.967931833262868135e+00 5.122855047778378079e+00 -3.743688052216709305e+00 -3.626673409664202818e+00 -7.701719941893213628e-01 1.702246692110744419e+00 -1.141782120004303014e+00 -2.983984470377982756e+00
1.000000000000000000e+00 5.005735217488624045e+00 1.192640672977402394e+00 -4.754159751655980592e+00 -3.310133595083485591e+00 4.004269741401002669e+00 2.296617302371736891e+00 2.051730102726301297e+00 -3.772816459365212260e+00 -2.168747774200576739e+00 6.041684471225622133e+00
1.000000000000000000e+00 4.167414613058696204e+00 1.389570483613756569e+00 -4.974001055102084123e+00 -2.757575309104954631e+00 3.115418125257091830e+00 2.644334614348934576e+00 1.200864058591254668e+00 -4.648403752252055376e+00 -1.553737475866024287e+00 4.925941091667595195e+00
0.000000000000000000e+00 -1.456811191420053220e+00 -2.056480949036000094e+00 -6.944702974529397554e-01 4.770258662967060914e+00 -2.740215122528412373e+00 -1.659513653739551398e+00 -2.471485722831396004e+00 3.727650487818409797e+00 -1.322193355051744401e+00 -3.911575058749607425e+00
0.000000000000000000e+00 -3.777550501932626759e+00 -4.737349918243936031e+00 -5.244096899147253632e-01 2.167769851019661687e+00 -3.715080657649441953e+00 -2.580152339125111993e+00 -2.346924744175465927e-01 3.607246004532080441e+00 -1.225451157685683246e+00 -2.364142531713020468e+00
1.000000000000000000e+00 4.654578338604977716e+00 1.965973948584147646e-01 -2.446395076665470736e+00 -2.706159061892070561e+00 3.205970362255848638e+00 1.251253797189655792e+00 1.310760265578179151e-01 -3.261749746018568707e+00 -2.239162306749049147e+00 5.462308380323873891e+00
0.000000000000000000e+00 -2.360626968599581321e+00 -4.471151125915059588e+00 3.951804703799398633e-01 3.720996628391000094e+00 -4.286224404679395583e+00 -2.563630985090782133e+00 -1.464541729596868791e-02 3.688568890459384519e+00 8.150388702289803611e-01 -4.549324071003074899e+00
0.000000000000000000e+00 -2.735861908680060406e+00 -2.918678465298087943e+00 -2.370499266660627824e-01 4.705392520941887646e+00 -3.063178257796016268e+00 -3.985544961574106537e+00 -1.033090183151580410e-01 2.165658267006428606e+00 8.693248319309845318e-01 -4.884732138302371851e+00
1.000000000000000000e+00 4.244580232331331970e+00 4.280297872916856150e+00 -5.258237264413888390e+00 -2.006973166245514140e+00 3.657502034101094424e+00 2.439612569212748383e+00 4.231766509996061076e-01 -4.015374547244507042e+00 -2.835126117832539538e+00 5.203574769869241834e+00
1.000000000000000000e+00 3.257565301235265220e+00 3.308399710488294510e+00 -3.816726099887143953e+00 -4.227835806574297806e+00 2.870569509185537882e+00 2.922077104021876259e+00 1.932687283356006036e-01 -4.717448039850823172e+00 -1.119210988011360541e+00 4.307585149569338689e+00
0.000000000000000000e+00 -3.752216474808017121e+00 -2.273245364309578243e+00 -9.887335567983192020e-01 4.184665569435099819e+00 -2.795813070682163115e+00 -2.623385964171805806e+00 -7.969639287217247237e-01 3.242254881632922192e+00 -9.940698273086194803e-01 -4.268017208822818098e+00
1.000000000000000000e+00 3.703502448214702980e+00 1.910386801425314252e+00 -4.774250396188437939e+00 -6.238075772780979023e+00 3.209866600171761952e+00 2.036432666277006032e+00 2.229604675577439465e+00 -3.167809766832340390e+00 -6.589967948058299552e-01 5.615780626491288174e+00
0.000000000000000000e+00 -2.322532717218046550e+00 -3.473108337885584707e+00 2.732340263446816353e-01 2.318872648477007914e+00 -3.728820081193192859e+00 -3.334345478156704345e+00 -1.346838608854339148e+00 2.639346024351272746e+00 -5.418947941468441609e-01 -3.168531594380273653e+00
1.000000000000000000e+00 5.463894669893272216e+00 -5.220902878140312176e-01 -4.203372551902339715e+00 -3.996649771735929946e+00 2.494138049259758461e+00 2.701041263483157095e+00 -1.507110793386481351e-01 -4.656859124083090329e+00 -2.340904336349261428e+00 5.329598140439915532e+00
1.000000000000000000e+00 5.373846576820225707e+00 1.550840716169081590e+00 -3.280822881611975550e+00 -2.464006907447152450e+00 8.106887600008416683e-02 1.798934606106495471e+00 5.110994542299057697e-01 -3.425915501510833572e+00 -1.523872595569613075e+00 2.962215923829881525e+00
0.000000000000000000e+00 -1.785048975115528291e+00 -2.956728003448784392e+00 -1.417249953329135392e+00 3.834582357184335599e+00 -4.089990135872652921e+00 -3.083696875684799110e+00 -1.046758227739295499e+00 3.025929236771670805e+00 -1.030908633647661166e+00 -3.868764508336531627e+00
1.000000000000000000e+00 5.571061723989982895e+00 1.314280315499742002e+00 -4.018882549351568301e+00 -3.841243832537413194e+00 2.125868957416783722e+00 1.489109457284781390e+00 2.748708831749417936e-01 -3.566617868128575619e+00 -1.876403546578025328e+00 3.910328542622899306e+00
0.000000000000000000e+00 -2.920335952506652344e+00 -2.040239433585022688e+00 -1.376998861613877967e+00 5.358775153566220695e+00 -4.742833621239348041e+00 -2.987173411691370628e+00 -1.223143384909592957e+00 2.384727502690984657e+00 6.534713955960806953e-01 -3.741966655772250405e+00
1.000000000000000000e+00 3.807303172796768553e+00 1.537999392971691970e+00 -5.401497575610464175e+00 -3.179014481549902182e+00 9.509116146309686268e-01 1.688800728137691998e+00 5.772507614698200173e-01 -3.272643930880040575e+00 -2.650801312494324602e+00 3.943189921652553220e+00
1.000000000000000000e+00 4.695502734120979405e+00 1.914661380435285221e+00 -3.368637902031553111e+00 -3.506905833711521314e+00 2.039321745380003215e+00 -7.630288020521103221e-01 5.563675046654191769e-01 -4.373347344133777348e+00 -2.693910443108499919e+00 5.500154683064081951e+00
0.000000000000000000e+00 -4.081390534364615519e+00 -3.073983018894300034e+00 6.530807062903121185e-01 4.257347417499349973e+00 -2.425046148035697513e+00 -3.436330740366158043e+00 -1.404129930471218479e+00 3.201940075474557723e+00 -2.235859728631699461e+00 -3.674242287222990289e+00
0.000000000000000000e+00 -3.384465781610622059e+00 -2.472834601729469117e+00 -1.564840866844908751e-01 3.630841417496236012e+00 -4.040569567438841325e+00 -2.400820134052505495e+00 -9.906545172369711771e-01 2.970109005808975855e+00 -2.860284891549627617e-01 -2.428374179870247396e+00
0.000000000000000000e+00 -4.441177783183257510e+00 -1.845399388410970287e+00 6.673342627251188652e-01 2.635856743612864150e+00 -4.677553285058509758e+00 -1.299179787332803926e+00 -1.545489875996696405e+00 2.831240613083434887e+00 -3.081320862559703277e-01 -3.009481988094545368e+00
0.000000000000000000e+00 -3.022026976864164549e+00 -2.461202413805104960e+00 -9.178007501336293839e-01 4.803382980491445409e+00 -3.711923137912001014e+00 -2.777978222009755527e+00 -1.069280467766218656e+00 2.573746303496661891e+00 8.182780105100284640e-01 -3.422586330037441726e+00
1.000000000000000000e+00 4.909942256121080817e+00 4.827148071781413030e-01 -2.566903467446624898e+00 -3.813547722738190870e+00 1.956007325147610443e+00 1.267981828318617943e+00 1.140225328948522687e+00 -2.971033024226983343e+00 -2.844747942080980252e+00 4.330998856871608460e+00
1.000000000000000000e+00 4.768065888809883468e+00 1.016032995601018118e+00 -4.113535107946616698e+00 -7.563241716862041386e-01 1.392109817919548576e+00 2.905209309285552877e+00 6.948605936797136451e-03 -3.158275078177986472e+00 -3.202090832407948895e-01 4.456523222770433890e+00
0.000000000000000000e+00 -3.061517893639400079e+00 -4.220272800417903980e+00 -3.534343963742168082e-01 3.558389061280932353e+00 -2.863847100690994019e+00 -2.811128511314123113e+00 5.650085053743179042e-01 2.557046344313984587e+00 -2.621008796325178247e-01 -4.102533853145027720e+00
0.000000000000000000e+00 -4.129868025305029278e+00 -4.776050239399115327e+00 -3.726881984866011188e-01 2.842120675358703608e+00 -2.913527746483900671e+00 -3.297097190560757340e+00 1.676818067797554157e-01 3.244239796465101300e+00 -1.835129752795137792e+00 -3.842513430949987541e+00
0.000000000000000000e+00 -3.295013061168432955e+00 -1.117028646277231418e+00 -8.316164620462394019e-01 2.440973556968105918e+00 -4.089072364580161434e+00 -3.379816829271746315e+00 -5.029362883024882658e-01 4.302150845296475623e+00 -1.684763507738485933e-01 -3.935743110362407204e+00
0.000000000000000000e+00 -3.868978165417767290e+00 -2.310822912692606312e+00 3.932075749812167231e-01 2.172461801356257549e+00 -2.314484123660151660e+00 -2.853536716565494569e+00 3.404723875158806035e-01 2.725450793653739545e+00 -5.853754772833551501e-01 -2.656717031219784086e+00
1.000000000000000000e+00 3.937081618248845949e+00 2.651905006685793875e+00 -3.908951769816624733e+00 -3.864050382317172350e+00 1.899560541277799164e+00 1.741149608345931021e+00 1.176288186578941186e+00 -4.274341232658763978e+00 -2.204116216383011029e+00 4.390924838616056647e+00
1.000000000000000000e+00 4.291528873166249092e+00 7.372726042516045686e-01 -5.863854088593590141e+00 -1.776369698663519348e+00 2.706653882137016076e+00 1.841440614760928129e+00 1.479181552545282052e+00 -2.832296599067286369e+00 -1.056732690536486441e+00 4.212478491211472331e+00
1.000000000000000000e+00 5.076371078431486161e+00 2.279108354227679989e+00 -5.002745991604084175e+00 -2.034314106279802026e+00 2.174573922348431498e+00 2.230598546941058746e+00 4.368708019434936474e-01 -3.469601339847403931e+00 -1.779932216070811757e+00 4.160475985396498544e+00
0.000000000000000000e+00 -2.802007609922672948e+00 -1.652653386008528180e+00 -1.156324088925702487e+00 4.764416323145793442e+00 -3.541905341690564590e+00 -2.569519667222820214e+00 -2.138989797463679565e+00 2.052330968531322242e+00 -1.343109597634609909e+00 -2.416276631260929619e+00
0.000000000000000000e+00 -2.196920918941352774e+00 -2.082260606580313755e+00 -5.632801338129456159e-02 2.960937468057736943e+00 -3.679091195980670470e+00 -3.075134469697257789e+00 -1.694526211358004630e+00 3.494910510287922545e+00 -3.740984452595963461e-02 -4.203543720849866716e+00
1.000000000000000000e+00 5.427151789475425758e+00 9.445594452798676821e-01 -3.621929304577151676e+00 -2.916553226038290259e+00 3.554294610249671749e+00 2.624265190551814175e+00 1.424865826027782889e+00 -4.079870920864828499e+00 -1.538000380057089389e+00 4.206127592627019851e+00
0.000000000000000000e+00 -1.121815229890562815e+00 -3.479131433617878244e+00 2.294342008558283297e+00 3.632554402871869481e+00 -4.205362930455792458e+00 -2.817756070419768832e+00 -6.743155357203922673e-02 1.130803635293946119e+00 -3.098416770071891868e+00 -3.215727512844941405e+00
1.000000000000000000e+00 4.167045352916817436e+00 9.454518197432305593e-01 -5.333434145104816615e+00 -3.559659621992328216e+00 9.582088572130396109e-01 2.454384723904911692e+00 1.039770196881029563e+00 -4.333839244625654175e+00 -2.758366765021887268e+00 5.245495359225889942e+00
0.000000000000000000e+00 -3.536609502366497626e+00 -2.243254566641089909e+00 1.476984990444155432e+00 3.273605625068169545e+00 -3.880026495236162276e+00 -3.168694232031233238e+00 -1.449466305849917536e+00 3.114859617955298532e+00 -4.626918097487712211e-01 -1.996589400525490943e+00
1.000000000000000000e+00 6.788141400712635942e+00 1.352392761166600232e+00 -4.417645555093827170e+00 -2.582684570258036327e+00 3.932848544229423204e+00 3.458968803665209091e+00 8.775772956458339769e-01 -4.667604835380824824e+00 -2.372107254214940841e+00 4.626380914533309685e+00
0.000000000000000000e+00 -3.391777641777056207e+00 -4.543747803864298440e+00 2.121674399833777258e-01 3.408790398497487217e+00 -3.960406883211370577e+00 -2.989824448055930617e+00 -5.624892816133502116e-01 2.702622262863643154e+00 4.338173484485545739e-01 -4.607691979934084969e+00
1.000000000000000000e+00 4.927583655446263755e+00 3.170224064481503845e+00 -3.862088016153527370e+00 -3.236732739247588420e+00 1.660560933164771269e+00 2.458004219318290939e+00 4.884477386922357889e-01 -3.409957107355272576e+00 -1.416142215145614669e+00 4.674932944588581663e+00
1.000000000000000000e+00 4.362823672556360499e+00 3.941057385833237614e-01 -4.272710917071537828e+00 -2.843406343473179998e+00 8.587196600902526900e-01 1.640804907467909413e+00 4.391309490301926743e-01 -3.393488575378007965e+00 -1.555996605222039086e+00 6.126527834708986653e+00
0.000000000000000000e+00 -4.792774665339367246e+00 -2.626592995015572196e+00 1.274108532517309600e+00 3.838652351749006542e+00 -4.158586597171626487e+00 -2.993880394843702497e+00 -4.719064843555547117e-01 1.437067313527963464e+00 1.215034714231244539e-02 -3.421004945474985348e+00
1.000000000000000000e+00 5.438965477991701825e+00 1.963230309274245133e+00 -1.839381631685929719e+00 -3.921758656181551395e+00 1.393254414025778765e+00 1.510028750924581331e+00 9.788023614524861138e-01 -5.527171535357799925e+00 -2.909539184126821443e+00 4.794770323494018882e+00
0.000000000000000000e+00 -3.549305264891936762e+00 -4.032213579503074463e+00 1.093691548116604295e-02 4.465346158802510956e+00 -3.799977986114369433e+00 -2.638350210644539118e+00 1.826505248048606589e-01 2.196500192852914424e+00 -3.959572473248771374e-01 -2.930763511698070367e+00
0.000000000000000000e+00 -3.240737794814261719e+00 -3.911786738904496019e+00 -1.095713051855528697e+00 5.600564457613387503e+00 -3.031039514172365834e+00 -4.839948890935898973e+00 1.110364536591474494e+00 2.757183360952246254e+00 -3.550379908942865592e-01 -3.407895681682782563e+00
1.000000000000000000e+00 3.386759126380097129e+00 2.439656569977712852e+00 -4.015246967751559204e+00 -3.759359386747486820e+00 2.153098414252077486e+00 1.844429707099009885e+00 1.197715046883541579e+00 -4.151315107336557730e+00 -1.851975140060050595e+00 3.595193532095724898e+00
0.000000000000000000e+00 -4.283071228936821129e+00 -2.816134705959195905e+00 -4.411716495558926088e-02 4.913912609870618731e+00 -5.112586452154729955e+00 -2.942540041488513669e+00 -1.533208527124108711e+00 2.351442328950751115e+00 -1.866647650183457463e+00 -3.877872853826737742e+00
0.000000000000000000e+00 -2.541700468731593610e+00 -2.957360387708356964e+00 7.639877161359216462e-01 4.959882258250963183e+00 -4.628946386567136528e+00 -3.873648609476627591e+00 -7.148472277389998908e-01 3.381186487531196772e+00 -5.319214397638099001e-01 -2.653313128135178722e+00
0.000000000000000000e+00 -3.340405065203341017e+00 -2.333747508465920717e+00 -6.390707138992886005e-01 2.409487229968679145e+00 -4.970669555682879270e+00 -2.997082020257424873e+00 -1.174704245581030149e+00 3.637407488608400907e+00 -1.510365965446221814e+00 -3.851483202346963619e+00
1.000000000000000000e+00 4.827212904799219828e+00 3.442180649871240394e+00 -3.197585622364161217e+00 -3.763729953234005166e+00 2.772279067686097331e+00 2.210360044063377050e+00 1.413681730117315904e+00 -3.288030957954168443e+00 -1.400927913315916040e+00 4.013967936678056958e+00
1.000000000000000000e+00 4.594016731735600878e+00 2.411068870449735613e+00 -5.782283046197261633e+00 -1.587585551602048284e+00 2.250844409517074318e+00 2.728094171217067654e+00 -8.854462436813732573e-01 -4.027304569910700849e+00 -3.936596064460319067e+00 3.715451606377723870e+00
1.000000000000000000e+00 4.705193033577153905e+00 2.165534549621719318e+00 -4.849798556437542985e+00 -3.031396538256905249e+00 1.401291183691671938e+00 4.311779950289816199e+00 2.288617254352705466e+00 -3.016836879536449523e+00 -2.068567285347027163e+00 5.469636957721943915e+00
