1.000000000000000000e+00 2.755984886845894710e-01 -3.925995122793097369e+00 -4.622064998681425507e-01 2.625849567840788712e+00 2.128457728283347228e-01 -2.429018387973801651e+00 4.026895668678904805e-01 3.782509294281564682e-01 1.586193221469265335e+00 -1.095241860891472685e+00
1.000000000000000000e+00 1.923579871912781458e+00 -5.243448566272633116e+00 1.746781738155949615e+00 1.219148929475067256e+00 1.181182825145372872e+00 -2.191300488456988216e+00 1.299958310926458749e+00 2.949127031952964106e+00 7.587587788424088320e-01 -2.233766996300004859e+00
0.000000000000000000e+00 2.455634490418155291e+00 -3.556856472017367210e+00 -1.363795728304957322e-01 -3.999229924803098690e+00 -1.512095558103133675e+00 2.817874948218248576e+00 4.761348286666642338e-01 4.978715608115514835e-01 -1.160168746773005299e+00 -1.369496579782747414e+00
1.000000000000000000e+00 1.753384060196341077e+00 -4.635135878837918000e+00 3.620630022696384565e+00 -6.021040815935596591e-01 -1.019461251006714031e+00 -3.818782540232589895e+00 1.044393376930596640e+00 2.777509483339323459e+00 1.085272477390093249e+00 -2.184148974896135798e+00
1.000000000000000000e+00 2.224512284280806274e+00 -3.735860107594052515e+00 9.756161325534444817e-01 1.044969439955218515e+00 -6.911771997681566138e-01 -3.347345229546245360e+00 -1.044483583363514878e+00 9.144045849801688552e-01 7.313872409058265189e-01 -3.256297286820037939e+00
0.000000000000000000e+00 8.015018174518643290e-01 -4.044665419443621346e+00 -2.185889844096907453e+00 -5.815840719411051296e+00 -7.393825331719120486e-01 5.569632403369748630e+00 -6.705264320269304079e-01 -6.996601428278822477e-01 -1.924324961989592797e+00 -2.251462900563919511e+00
0.000000000000000000e+00 2.017336631015691495e-01 -3.698840364462109065e+00 -1.148815924758760154e+00 -4.578262454045492369e+00 -2.441283484585109242e+00 3.699890279689241002e+00 6.321886680803393554e-01 4.993826409118287124e-01 -1.841070950945205897e+00 -2.077091524766903952e+00
1.000000000000000000e+00 1.730578106705388919e+00 -4.012343506504235435e+00 2.049268451511894185e+00 4.924463169074126956e-01 -5.350092836623157044e-01 -4.127490757277706201e+00 2.302518556163182240e+00 5.416877080933607536e-01 1.850161274239993769e+00 -1.693345136830889608e+00
1.000000000000000000e+00 2.038108994954083375e+00 -5.057938849501924850e+00 2.567914168559471300e+00 2.231002500837756752e+00 6.243803760865651586e-01 -3.578531277575754732e+00 9.032812764265825134e-01 1.920140544229652191e+00 -3.864829007920196347e-01 -5.426228765766709650e-01
0.000000000000000000e+00 2.256001842976353422e-01 -2.691088747630679290e+00 -1.016366079983370696e+00 -3.534527491475518701e+00 -2.094115670005369800e+00 2.467917207014042269e+00 -4.193014093335973858e-01 1.391377660016520357e-01 -4.221580667712571122e-01 -1.776213027546388989e+00
0.000000000000000000e+00 6.837229425902551228e-01 -3.617928310130519076e+00 -3.250413094349107190e+00 -5.867300739086588557e+00 -4.583218363765115821e-01 4.716835677522253967e+00 1.156124446166262087e+00 -3.583328044384746502e-01 -1.469528322158214939e+00 -1.668974606243996739e+00
1.000000000000000000e+00 1.431225981490993782e+00 -3.479140903514512217e+00 1.235617973902343181e+00 3.295693785923321073e+00 -1.955040868720962610e+00 -2.837319774995264332e+00 2.074745826568280549e+00 5.428384927326510567e-01 -2.442176555321546871e-01 -1.456183376559131215e+00
1.000000000000000000e+00 2.461025685614218084e+00 -4.035319359365929337e+00 1.568271450191917271e+00 3.234919571679785832e+00 3.246004440095839882e-01 -2.393344767016406305e+00 7.893801914022713362e-01 -5.841533225795780826e-02 7.598519801862370082e-01 -2.204594683688622769e+00
1.000000000000000000e+00 7.867226278054209043e-01 -1.797777966210137635e+00 1.579574197725621243e+00 3.197590977031043558e+00 2.274320548470927683e+00 -5.355347095286381531e+00 1.033003547631470731e+00 5.730364832405632214e-02 1.288528290837406720e+00 -2.308760490622539407e+00
0.000000000000000000e+00 1.161596288830909762e-01 -3.827548548581746424e+00 5.377521376594129876e-02 -3.823075420239952393e+00 -3.292708874584116430e+00 4.214857288618160780e+00 1.052013378887971529e+00 5.521907130390975027e-01 -2.900297845532870955e-01 -1.077968233323075564e+00
1.000000000000000000e+00 6.255256277772438533e-01 -3.784388130470670575e+00 5.836892625298785164e-01 9.671775814969794105e-01 -5.704653953684102330e-01 -3.805231977571623680e+00 1.902955758464638381e+00 1.956123227456792568e+00 1.904336090263959003e+00 -3.704088909529070772e-01
1.000000000000000000e+00 4.537464658751106938e-01 -5.534517091076577522e+00 2.064300333404962107e+00 2.861025039374682777e+00 -7.209975142473878940e-02 -2.634103917842965270e+00 6.036576226103491649e-01 9.449704919867339958e-01 6.783045459732444105e-01 -1.289033038606745230e+00
0.000000000000000000e+00 4.843857698287434843e-01 -1.929787139535182217e+00 -2.034594585667925948e+00 -3.439110637852744290e+00 -1.845604827636215584e+00 3.091557165950307606e+00 6.514171204399494819e-01 -2.337184074632776110e+00 -2.428669507967305741e+00 -4.581519237754620999e-01
1.000000000000000000e+00 1.196443464127650902e+00 -5.197835956651029932e+00 3.204976144313941511e+00 5.077455090193150333e-01 -6.063349234761390427e-01 -3.935507115178785931e+00 2.018001658466526571e+00 -9.445001637588015253e-01 -6.579201675395762727e-02 -6.862123769149517383e-01
1.000000000000000000e+00 1.448491236497863266e+00 -5.017572143798331830e+00 1.723016348511313689e+00 1.835589695912299701e+00 -1.511395353588654178e+00 -2.120060139780823860e+00 1.443017092797512335e+00 -6.973145294894091961e-01 1.122809705940430502e+00 -8.670710778229886451e-01
0.000000000000000000e+00 -1.465081562481138855e+00 -4.533110666310296466e+00 -1.878750120356960096e+00 -4.646963472725111899e+00 -1.630192103605800025e+00 3.029542412935489537e+00 -6.098505927939553706e-01 -7.065424399123041432e-01 -1.293417368982958671e+00 -8.762193899347205939e-01
0.000000000000000000e+00 -8.674670811668830916e-01 -2.299368565267563280e+00 2.012877199020304264e-01 -4.881626924942628065e+00 -1.901622897128053324e+00 2.827505156956399368e+00 -1.774823418519921869e-01 3.175039804306427071e-01 -2.456800814749969142e+00 -3.602130315939336302e+00
0.000000000000000000e+00 -4.353781846078569884e-01 -1.979161062598588927e+00 -1.407580664637381851e+00 -5.378307144012171470e+00 -1.470735133193326050e+00 3.239240907417434645e+00 -4.855089704094546210e-01 -1.913598994683944343e-01 -4.045986435741955045e-01 -2.674440937355861525e+00
1.000000000000000000e+00 2.518125651049338387e+00 -3.825421063123535248e+00 2.455131979533737852e+00 1.885141390160622876e-01 7.222496807528679952e-01 -4.024508809186329472e+00 5.956119446607109902e-01 1.189030390278017268e+00 1.839893150441556546e+00 -1.916790176930504908e+00
0.000000000000000000e+00 -3.574890550874236794e-01 -5.050143460377428895e+00 -7.854538851443186864e-01 -3.977754117378244025e+00 -1.566815322792535214e+00 4.077457681057795824e+00 3.001639386296647838e-01 -1.628567386017266250e+00 -2.102387153565823397e+00 -1.551852024551347853e+00
1.000000000000000000e+00 2.356036538069949060e+00 -5.586393452161384943e+00 7.380171870135096013e-01 2.214498549216956214e+00 6.708420106329753274e-01 -4.004548912597092780e+00 4.176530677666352442e-01 -1.717026558752658971e+00 -6.770820484867710043e-01 -2.281535482486597655e+00
0.000000000000000000e+00 7.622635883420115777e-01 -4.384998487087421459e+00 -1.750220052156300277e+00 -5.865375516989254301e+00 -1.524517973978693375e+00 5.189702703906910131e+00 5.597926045661608674e-01 -8.997334065347059040e-01 -1.063917034192883637e+00 -1.175680431236418411e+00
1.000000000000000000e+00 2.479755860858096295e+00 -4.943016652918079679e+00 2.109788928679267705e+00 2.107857127007799480e+00 -1.360054043113586575e-01 -3.270237231386304178e+00 1.006317075903460090e+00 -2.938303415850882505e-01 1.254457164667097668e+00 -1.019720706431091584e+00
1.000000000000000000e+00 2.382152290536984740e+00 -4.568247296399986723e+00 5.085328431162830398e+00 1.694120385779948057e+00 4.222974930446470321e-01 -2.893936543691324026e+00 9.684830201846917896e-01 -7.071396919130001901e-02 6.680768846890661194e-01 -7.342473639508200201e-01
1.000000000000000000e+00 1.656030625805716028e+00 -4.419447832518120123e+00 1.731297090176127984e+00 1.758388224645526243e+00 -1.861970044494509757e+00 -4.384791980222882302e+00 3.759945582270019404e+00 -5.267431639744220018e-01 1.535518032761562734e+00 -8.698493221257674879e-01
1.000000000000000000e+00 1.875033283762135294e+00 -3.865765203997267196e+00 5.143362079480700011e-01 3.361026178892668526e+00 1.127086289098782501e+00 -2.017134098724004065e+00 1.806529548669491447e+00 7.932065005526105494e-01 -5.725283377036853860e-01 -2.942743907705435369e+00
0.000000000000000000e+00 -1.167937923725664850e+00 -1.695828243764285537e+00 -2.186108366624671895e+00 -6.192419419493242927e+00 -6.249333472705155268e-01 3.855172653258436721e+00 -1.248540826141409932e+00 3.648820853444423307e-02 -2.841218533954450898e+00 -7.135405270210594120e-01
0.000000000000000000e+00 -5.545482884547170421e-01 -2.719588065679972466e+00 -3.347425965973388262e+00 -6.580900380028125163e+00 -2.255067255228083489e+00 4.050820881528943040e+00 2.423863602247630089e-01 4.885221103370305240e-01 -5.496315156351804232e-01 -1.766380335420600911e+00
1.000000000000000000e+00 1.726396704361861101e-01 -4.778081872165183874e+00 1.786582174751797147e+00 7.975068982795141537e-01 -5.214647996802056484e-01 -3.085057213764297313e+00 1.371036007203710883e+00 1.063136790466492565e+00 1.187420431547680177e+00 -1.848370328322626488e+00
1.000000000000000000e+00 9.061620612157159638e-01 -4.693861119634523682e+00 2.558226564151101279e+00 1.269188235029944378e+00 -1.007400160663001643e+00 -3.446124391660009501e+00 2.344283262997418404e+00 1.805643641307437264e+00 -1.031624787961597400e+00 -3.917896856170908215e-01
0.000000000000000000e+00 -8.485397980541545815e-01 -3.125864307248898299e+00 -1.673866160915553181e+00 -3.721197380678734845e+00 -2.563663104886712674e+00 3.583932881644565249e+00 4.369700526245446914e-01 1.195604316945688472e+00 -5.707721429196787044e-01 -2.645513423965978106e+00
1.000000000000000000e+00 7.912920576644026927e-01 -4.130985068272894800e+00 2.437496062018031484e+00 1.511412037904535488e+00 -1.968113947195061275e+00 -3.152287270337596592e+00 -3.442635351170517666e-01 8.982568830461428178e-01 1.789137971587466902e+00 9.370602679371664578e-02
1.000000000000000000e+00 1.302714388322688155e+00 -4.860399642709273493e+00 1.437342757060663834e+00 1.687377945695929027e+00 -7.187548730169934785e-02 -1.636512884164690096e+00 2.273828840651844541e+00 3.494559666408478260e-01 1.443011757819415930e+00 -1.601918858761679720e+00
1.000000000000000000e+00 8.940618219947529255e-01 -4.687811902072448689e+00 1.226218422478783099e+00 3.130163275803564460e+00 -6.855795150856310860e-01 -2.969173634309036913e+00 1.689476568894378028e+00 7.845031268038659134e-01 -1.751529582041078115e-01 -2.593376917066562370e+00
0.000000000000000000e+00 5.851536041081618622e-01 -4.499236239571353657e+00 -1.352043673127506507e+00 -4.730377659455000661e+00 -2.149227632948036870e+00 3.496337950144653650e+00 -1.772075245263763144e+00 -7.091972238694144171e-01 -4.943937909063844671e-02 -9.095412469367409880e-01
0.000000000000000000e+00 -8.081893328540856736e-01 -3.346529864562329593e+00 -9.362742250346338668e-01 -4.158490525879136257e+00 -8.283795309310582056e-01 2.518405409862905842e+00 3.020956851271171528e-01 1.193960832717031684e+00 -2.176285963490027786e+00 -2.212174834293727077e+00
1.000000000000000000e+00 7.213023507880311769e-02 -4.720210644405281819e+00 2.254292626919379483e+00 2.731664017919084309e+00 -9.934956014666225244e-01 -4.414226420258843042e+00 2.527813907862112686e+00 -1.029848227020433438e-01 -1.606437913125007722e+00 -2.651727825681984729e+00
0.000000000000000000e+00 1.636732074348290489e-01 -2.120071014392317821e+00 -2.096081777680996794e+00 -3.081031963121811934e+00 -1.370046089798650168e+00 2.156523960423576192e+00 -2.887836638304855930e-01 5.909819394166251350e-01 -1.168194435985836499e-02 -1.560465212442573080e+00
0.000000000000000000e+00 -2.013236629138204670e+00 -3.657309170753627381e+00 -3.072540078909502981e+00 -4.317755779080751921e+00 -1.748554827674468903e+00 6.151698589027160935e+00 -5.327549524561974170e-01 8.544038507795318482e-01 -3.228946226843121270e-01 -2.321012638113515436e+00
1.000000000000000000e+00 5.977477464239917548e-01 -2.513542420050767667e+00 1.793381534888915274e+00 2.243761649304863326e+00 -1.191661383471573687e+00 -2.670025987218620056e+00 9.645804477689117196e-01 -8.875955006079763177e-01 1.369828486336621687e+00 -2.601279743673850842e+00
0.000000000000000000e+00 -1.610959269466538446e+00 -5.220745987645728725e+00 -9.289463226261346351e-01 -4.608245226701316533e+00 -1.248514406059296533e+00 4.951234002786958577e+00 6.091509889714012971e-01 -7.015287556358837384e-02 -4.591366491903257074e-01 -2.483571219740788649e+00
0.000000000000000000e+00 2.070048601464877347e+00 -4.858130685878542465e+00 -1.375099692344128322e+00 -5.486443304106132679e+00 -3.016523237305363203e+00 4.067175908981582211e+00 -2.358372027516325575e-02 1.964374426034060317e+00 -1.972776968574863288e+00 -1.025060372883418003e+00
0.000000000000000000e+00 -6.186261206108103483e-01 -2.878019678826040373e+00 -9.463006986208069016e-01 -6.057580593407173808e+00 -1.007811027611587029e+00 1.897166661855053116e+00 1.021270499698490042e+00 -5.212813298566045805e-01 -7.906961422761843439e-01 -1.072481189264107515e+00
0.000000000000000000e+00 6.913069456919669342e-01 -3.256722222049463600e+00 2.429699995715683958e-01 -5.994833527122404249e+00 -2.685963395860501368e+00 4.216154790566184474e+00 -4.440438353105661262e-01 -2.730934057474909138e-01 -1.650241311501693620e+00 -1.063354976981117694e+00
0.000000000000000000e+00 -1.949598672527135257e+00 -2.380454068298157200e+00 -1.479006902190800110e+00 -6.564983723879766586e+00 -1.092384052845200015e+00 4.381992285947223564e+00 -9.956772206437123351e-01 -3.833322677881283447e-01 -8.979527890314435989e-01 -1.351032445783358460e+00
0.000000000000000000e+00 -1.177065716351598512e+00 -1.994453264486657051e+00 -1.672371559623995196e+00 -4.020536021032074636e+00 -1.149569524438741164e+00 3.298953709819207436e+00 -4.450908037974977693e-01 -1.233920016797209085e+00 -3.263256629075349302e+00 -3.416716518597080476e-01
0.000000000000000000e+00 -1.949055348270039234e+00 -2.092391580240313687e+00 -1.394254376112607607e+00 -2.931620583056687934e+00 -9.249354846964197296e-01 3.097477240951418853e+00 5.513412825006818174e-01 6.267277670388982092e-01 -2.238853281438760945e+00 -2.413394291188358132e+00
1.000000000000000000e+00 1.730635165162630384e+00 -5.028611378761591588e+00 1.415367867254858414e+00 3.275644541416313338e+00 -6.221332163278178173e-01 -3.200804571873432369e+00 7.517208896092877346e-01 9.674427235970620709e-01 4.576989400459843260e-01 -2.457309055761958128e+00
1.000000000000000000e+00 1.023536464185049066e+00 -4.904540540488325107e+00 1.067744517422454908e+00 1.611474031176255206e+00 1.161710251005692474e+00 -3.324133173027422394e+00 1.970132014528231945e+00 4.272499612993784779e-01 8.954734828626332854e-01 -2.397559048627439182e+00
0.000000000000000000e+00 9.290681071591013751e-01 -3.416901976275395825e+00 3.385981253857575091e-01 -7.366491835773731012e+00 -1.368651546211946401e+00 2.702062805186691286e+00 -1.550098135306251734e+00 -3.285132399750375076e-01 -1.702071960936088590e+00 -2.971248595158109129e-01
0.000000000000000000e+00 -9.259884337715661440e-01 -2.559134179428701472e+00 -2.767656998819175485e+00 -7.265906086418098653e+00 -2.171785866349642102e+00 3.600909350461699798e+00 1.066752937056513417e+00 4.352721109352923889e-01 -2.172404622102050986e+00 -2.552411220435992334e+00
1.000000000000000000e+00 1.800450695806997681e+00 -5.487345370553641466e+00 2.692972126043116532e+00 1.130114898821895419e+00 -2.573164688272296274e+00 -4.654386504805678726e+00 1.316504702062561094e+00 1.409600462044114266e+00 1.100563247905100850e-01 -2.560730600785552369e+00
0.000000000000000000e+00 9.841153181130459782e-01 -3.635533735715722692e+00 -2.996239793876545932e+00 -4.926546386387854248e+00 -1.013470924835258025e-02 4.454931966566845425e+00 3.933174520806520524e-01 -2.180715034955212628e-01 -5.901763109634626803e-01 -1.484372415469513484e+00
0.000000000000000000e+00 9.334005263193132507e-01 -1.693119275172818350e+00 -5.533177048722581759e-03 -5.102385545826880531e+00 -1.091250671936460748e+00 4.713300418765543398e+00 -1.311103178114237378e-01 -7.393942989243483810e-01 -1.741451829911686122e+00 -1.654281392208086121e+00
1.000000000000000000e+00 1.649936731338676799e+00 -4.808225283139754502e+00 1.043504048432387421e+00 2.574522185659828821e+00 4.458310718638474057e-01 -3.034317249352000534e+00 1.994728745596764163e+00 -2.946339785334806116e-01 2.809725086388272786e+00 -1.324924564264178706e+00
1.000000000000000000e+00 -5.395108575407678853e-01 -4.456672949431811581e+00 -3.339432079819999455e-01 2.803113335951950891e+00 -6.201888177682604031e-01 -4.793105058667839202e+00 1.485047249257185564e+00 1.200686102933914423e+00 5.375967314846968881e-01 -2.622295327205423909e+00
1.000000000000000000e+00 2.676606489813657674e+00 -4.887974109751070273e+00 3.116596369714499382e+00 2.104769779227422699e+00 -2.911053723052067221e-01 -2.186081712271644495e+00 4.519459718866839504e-01 1.089629673055085179e+00 1.935319373313335589e+00 -1.229726617525360055e+00
0.000000000000000000e+00 1.603391004597046976e+00 -1.802712425920444561e+00 -1.022920742128066163e-01 -5.283763170716760271e+00 -5.448586142517757303e-01 5.053172240576596863e+00 1.400364279043597504e+00 -3.962825201217183291e-01 1.545657000684941274e-01 -2.022556725393851007e+00
0.000000000000000000e+00 -1.017483048143518420e+00 -2.505097315815968617e+00 -8.758811222707937327e-01 -5.370341555237974518e+00 -5.301404317564875068e-01 4.463539208263298974e+00 9.067367848968470589e-01 -1.135776672356346273e+00 -2.107716243224158958e+00 -9.014618040241203500e-01
0.000000000000000000e+00 4.647656389136656241e-01 -1.749818040466081914e+00 -2.264913562034712502e+00 -4.776521812873121497e+00 -1.303924494097650433e+00 4.931990364934371485e+00 1.107313379525801000e+00 1.993595532085801758e-01 -1.111174788368431976e+00 2.307253616473885494e-01
1.000000000000000000e+00 2.687532345539195511e+00 -3.476164245183426260e+00 2.603696633671035876e+00 3.228757412029686691e+00 -6.382400689042525554e-01 -4.606794208118766498e+00 1.859545869244102478e+00 2.019147214524005918e+00 1.428957258648545947e+00 -1.887163589255216989e+00
0.000000000000000000e+00 1.940272945093707846e-01 -1.117171198552040723e+00 -2.291575312812144993e+00 -4.660914447751383527e+00 -9.700393092416654817e-01 3.756857245424427560e+00 1.298537051141011478e+00 6.926498128961421363e-01 -1.847327973165753701e+00 -1.069138094674057848e+00
1.000000000000000000e+00 8.703578296114624635e-01 -4.512575056256798334e+00 1.847286609669472224e+00 1.403794668052491534e+00 -5.541578906782563818e-01 -5.047780225658863529e+00 4.302896440717848492e+00 1.291215834788179695e+00 2.106049683842413422e+00 -1.101832561401715260e+00
0.000000000000000000e+00 2.461437376547393807e+00 -1.399136715802196118e+00 -1.943684267497090223e+00 -4.832230531368757909e+00 -9.247643007639372303e-01 3.839532621894671482e+00 2.485307013002461485e+00 -2.045641215389017165e-01 -2.479887655707921468e+00 -1.091276021633590387e+00
1.000000000000000000e+00 2.300876569404665783e+00 -4.217828290830749616e+00 4.156124126846554745e+00 9.123245480446866562e-01 -3.788108414625646070e-02 -3.867631188429863087e+00 2.939817036330800715e-01 1.347829184647491019e+00 1.622149189972337036e+00 -1.154206140371547562e+00
1.000000000000000000e+00 9.094591719409507169e-01 -2.935611152525230860e+00 2.123798965015621931e-01 2.430471444181550478e+00 8.450558446928229106e-01 -3.965947825894371448e+00 3.464798138039763220e+00 1.002977124316511093e+00 1.595534342862072963e+00 -5.018492505868843434e-01
1.000000000000000000e+00 5.704726887970180682e-01 -4.494367081341967385e+00 1.931179649269489484e+00 2.481936930033677768e+00 -9.124867652626348358e-01 -2.902123985477909507e+00 -4.333596996739681462e-01 1.484039899152861386e-01 1.326269232461712688e+00 -1.878302889116961305e+00
0.000000000000000000e+00 1.395418128622433418e+00 -2.214174743592991490e+00 -2.684974140448219693e-01 -5.602771542360708956e+00 -1.596814481126383356e+00 3.062943313620715813e+00 -3.684072843025124611e-01 -7.168640590956811831e-01 -9.556661783855424641e-01 -7.762984196762059419e-01
0.000000000000000000e+00 3.599826933043911437e-01 -3.199750574436964978e+00 -1.066699990676544640e+00 -5.402773525339485516e+00 -1.965216288589772820e-01 3.622829245630830641e+00 -1.722143404019949919e+00 6.525517121096022777e-01 -5.229642805086882618e-01 -2.277593905047257117e+00
1.000000000000000000e+00 2.525608607581959042e+00 -2.975660284935043975e+00 1.448504559881858222e+00 9.157187272978961623e-01 -1.886664298225962377e-01 -3.433109069691651971e+00 1.956549957302932796e+00 1.094707515844859147e+00 6.376126138237033780e-01 -1.855597770582186223e+00
0.000000000000000000e+00 -4.576088912897043337e-01 -2.038211662787323242e+00 -2.024261081255908756e+00 -4.955439944023310339e+00 -1.344045696760107322e+00 4.701282121202290831e+00 6.236267288526224917e-01 -1.328106676700330918e-02 -1.832080481597862409e+00 -1.599536099651758692e+00
1.000000000000000000e+00 1.420064844063839260e+00 -5.203610591628736515e+00 1.979592255821727820e+00 3.134410582151448743e+00 3.267531213144514446e-02 -4.258258773687234822e+00 1.657103888633809641e+00 1.733209938718825782e+00 2.026170792252654174e+00 -1.873444024678314168e+00
0.000000000000000000e+00 7.766508775015107391e-01 -2.031033852428084430e+00 -1.225000636025307621e+00 -5.842263948153392228e+00 -2.297567258038099247e+00 3.204413640311367661e+00 -7.102218012382088830e-02 1.232858770396024539e+00 -9.438662199561287380e-02 -2.867498385479533063e+00
0.000000000000000000e+00 9.509378339233909294e-01 -2.918050984931231273e+00 -2.150062280945168158e+00 -6.890351517035863793e+00 -2.119462318090219455e+00 4.460113027143433051e+00 1.855157298254870080e+00 -2.771425564148967124e-01 -3.492835403279849427e+00 -2.476326698847441055e+00
0.000000000000000000e+00 -5.061386060716173141e-01 -2.994325681838750253e+00 -1.209922094392613445e+00 -5.237577533245884709e+00 -1.053019096251842868e+00 4.399525766539767346e+00 -6.109008332112957351e-01 1.659289911827416253e+00 -3.284961447266094847e-01 -1.240919857583624664e+00
0.000000000000000000e+00 4.182870795851525991e-01 -4.282345894952384491e+00 -2.974134264722136933e+00 -5.546482961463275352e+00 -1.525391078151382640e+00 3.918568164484038441e+00 -2.169083370189955229e+00 -6.449758803253864414e-01 -1.982371472275350488e-01 -2.599310793470401837e-01
0.000000000000000000e+00 -1.165083249903050122e+00 -3.920894800424046700e+00 -2.014391036780544209e+00 -7.152306089748447171e+00 -9.479796501795381136e-01 2.650596047097894203e+00 -6.942570551423095093e-01 6.747841039750916980e-01 -1.846314608505458033e+00 -5.191602276145279582e-01
1.000000000000000000e+00 2.229041715750110342e+00 -4.997718035944240356e+00 1.088163243510128053e+00 2.817329585355594190e+00 -4.596934404683935549e-01 -4.304167098077092746e+00 2.369221962232299639e-01 -4.240112904470427768e-02 2.601311921232921653e-01 -7.956290225869080412e-01
0.000000000000000000e+00 -1.699531491641646630e+00 -2.677097598285387292e+00 -2.941045533354643027e+00 -4.481441911869589845e+00 -1.643137202484943105e+00 2.089898490321967728e+00 1.996906887640033101e-01 5.781197269391481486e-01 -9.577149364670165532e-01 -5.234760003121242677e-01
1.000000000000000000e+00 7.954154981672622027e-01 -4.121340201603051590e+00 3.170730813115577362e+00 1.940606559980344370e+00 -4.946005664822727965e-03 -2.906093014402618913e+00 1.119591538431544908e+00 8.155391721542819550e-01 -1.592861014704305411e-01 -2.306061301099285199e+00
1.000000000000000000e+00 2.854828427207181107e-01 -5.063522822097885623e+00 2.261094553176502764e+00 2.207082787015124836e+00 3.770909114156344444e-01 -2.084170710932766291e+00 1.184516216977234748e+00 -5.141665737889946630e-01 -6.296972091745762778e-01 -2.254987125824242877e+00
0.000000000000000000e+00 1.147339554482359025e+00 -2.463596141179351662e+00 -9.819499792070586208e-01 -4.933079831193139420e+00 -1.038585625665471301e+00 3.880917961567488472e+00 1.031992282361979374e+00 -8.919280466218919567e-01 -6.596366050404012249e-02 -1.894496057416785728e+00
1.000000000000000000e+00 2.114589931671307710e+00 -3.956307817528876836e+00 3.477142399818797802e-01 6.350501717313892236e-01 -9.915398252255214206e-01 -4.129893720970337689e+00 1.188052284570056294e+00 1.947678476012828508e-01 2.088174251062994369e+00 -2.840104750883237106e+00
0.000000000000000000e+00 -7.363561591689479213e-01 -2.660958457018314682e+00 -1.063076628832308579e+00 -4.442472569127264848e+00 -1.794432018997788703e+00 4.100766820616471797e+00 4.796139803381493927e-01 2.144475679200407159e-01 1.891877206983636484e-01 -1.824057692696789967e-01
0.000000000000000000e+00 -1.767962257734341680e+00 -2.447812130145008425e+00 -2.172794386018992441e-01 -6.304754976207642692e+00 -2.396667746171647906e+00 3.486651313198000590e+00 4.280821554531283324e-02 1.295832168194941680e-01 -2.710593817358024182e+00 -2.087341533579666120e+00
1.000000000000000000e+00 2.333883424830709430e+00 -6.163599449770000405e+00 1.574402911222749779e+00 1.374670910717369576e+00 1.349318307787694682e-02 -3.382210960945259526e+00 4.338107572603434603e-01 -5.330150205976569300e-02 1.008642421256185084e+00 -3.290904785996487725e+00
1.000000000000000000e+00 -1.232292135583101800e-01 -5.652213146251408027e+00 1.388883658855208036e+00 2.202396590233774987e+00 -6.759502804735350034e-01 -2.549035332918701435e+00 1.222802489140555560e+00 5.127757925803091421e-01 1.571088859501707180e+00 -1.983322348356571174e+00
1.000000000000000000e+00 4.733502730293126515e-01 -5.553993210498882505e+00 1.205488835927555735e+00 3.500292875480073285e+00 4.712190792143369222e-01 -3.059012444147376719e+00 1.550523516251110845e+00 2.263067938110246313e+00 -7.502167192354560754e-01 -2.028066998760666984e+00
0.000000000000000000e+00 1.094454961737777676e+00 -2.466806896376485980e+00 -2.252889542721610461e+00 -6.473110476958273019e+00 -2.054386060631655297e+00 4.129214612416773456e+00 1.239664662594749167e+00 1.160388186771727614e+00 -9.048552524370456762e-01 -8.923861432514623715e-01
1.000000000000000000e+00 5.920837529119588050e-01 -3.730132274667411707e+00 1.012500682803668006e+00 1.797250721859204203e+00 -7.725379292983572954e-01 -2.549681346632981960e+00 -4.768523401805906392e-01 6.117702300869369836e-01 2.522317560964447480e+00 -2.621071019761780363e+00
1.000000000000000000e+00 1.841088958510902929e+00 -3.431026446713735467e+00 1.006616195527503699e+00 2.590939474944456755e+00 -7.042269018928897228e-01 -3.417246925000333224e+00 8.828873969404487099e-01 2.594922802208410317e-03 3.200692456975986477e-01 -1.921609460730091312e+00
1.000000000000000000e+00 -1.100577035138760262e+00 -3.841427207935601551e+00 4.114311848071094957e-01 2.252428010224175825e+00 -1.099064661622430661e+00 -4.852735974110755635e+00 1.662433902672118657e+00 3.760399490413329104e+00 2.922938483970958679e+00 -7.683184475725426399e-01
0.000000000000000000e+00 -8.482376260494252362e-02 -1.715589805381897204e+00 -1.051112463098248240e+00 -4.312691281403801646e+00 -1.314615139497698149e+00 3.064039978577305146e+00 3.433401368619399263e-01 -2.400391161484231872e-01 -5.839408550159376210e-01 -1.554209768340089726e+00
1.000000000000000000e+00 2.278559486221567898e+00 -4.327555591425790382e+00 1.629262051319213533e+00 2.276185614721487838e+00 -2.546913708842051260e-01 -2.954087527512042399e+00 1.316997938308584137e+00 -8.113537290569219351e-01 1.355953638704726849e+00 -1.704290227276372693e+00
0.000000000000000000e+00 2.236785879016480738e+00 -3.723794214323261187e+00 -2.404761388265248545e+00 -6.108110336627111892e+00 -1.116421284361283295e+00 4.297948985826164581e+00 -4.406204145191943145e-01 -1.224490331447780855e+00 -6.756520958415318523e-01 -9.196301537572928453e-01
