0.000000000000000000e+00 1.792774495900082643e+00 8.229550269641144666e+00 -2.815233534309351526e+00 7.206493165295184689e+00 1.828034884553844552e+00 -1.235816548866653264e+00 6.924536354304149377e+00 4.363955973065716698e+00 -1.097803905532382451e+01 2.389491137836898371e+00
1.000000000000000000e+00 -3.092333502224148933e+00 -7.382059705706704555e+00 8.504626027711685410e+00 2.832246995389695599e+00 8.416724568452853106e+00 8.711823456019702760e-01 -9.301170514797783895e+00 -4.515312954476812912e+00 1.490182482573419120e+00 -8.037648931681010467e+00
1.000000000000000000e+00 -4.302319748928735699e+00 -5.999803256312620903e+00 8.530182583080232916e+00 2.063611651151874060e+00 8.907084352355600032e+00 2.770254682875850527e+00 -8.676266968145259995e+00 -4.120899681539862414e+00 -1.687062417903306244e+00 -7.049060995596285295e+00
0.000000000000000000e+00 1.595935957182429643e+00 7.384640082436034980e+00 -3.900458531443653065e+00 7.350521364257038393e+00 1.477591173755195886e+00 -1.816773290825714371e+00 6.926385393482006769e+00 5.801591261914094133e+00 -1.055818559789398492e+01 1.931268703244132467e+00
1.000000000000000000e+00 -3.773444840890662899e+00 -7.102951050519245690e+00 8.761636344983161351e+00 3.664480867281432630e+00 9.977646271899038410e+00 -9.875767922307656654e-01 -6.023145176429293812e+00 -4.647235049389650818e+00 4.191451565957672321e-01 -7.245047018430564201e+00
1.000000000000000000e+00 -3.024777449468096346e+00 -6.203577917612165926e+00 7.950869001751500242e+00 3.077708742673086917e+00 1.098811183201434005e+01 1.608128959708954753e+00 -9.075822943175779756e+00 -3.661476285972577571e+00 2.502382366340977216e-01 -9.048332757246409841e+00
0.000000000000000000e+00 1.817293834640021810e+00 6.724262367706540289e+00 -4.005064476972434839e+00 6.082413422164825612e+00 1.329164908652329391e+00 -1.519602083945499560e+00 6.560175182275727934e+00 5.289429261777257807e+00 -1.052192170528570792e+01 3.541893288670837858e+00
0.000000000000000000e+00 -2.199322250148165736e-01 7.249965530304358197e+00 -2.388403362202049074e+00 8.292867652849535531e+00 9.173956574081101323e-01 -2.055165372039041927e+00 4.027325476657464876e+00 4.183490493741637728e+00 -1.165760847678968481e+01 1.902750283019261968e+00
0.000000000000000000e+00 1.874676182960339332e+00 7.466620722473856553e+00 -2.545136919979192225e+00 5.682063527659627411e+00 2.198191997209638870e+00 -1.259756429942437972e+00 5.690239944161003649e+00 5.527940297844651241e+00 -1.076469600692923478e+01 4.058610362997731258e+00
1.000000000000000000e+00 -2.885846620410848828e+00 -5.382523609742442261e+00 8.955545304957087893e+00 2.777589281055966364e+00 7.271404623132108114e+00 4.142878490843761030e-01 -6.396915232323312495e+00 -5.368676042098466716e+00 -4.596607706071123012e-01 -7.942817121306244843e+00
0.000000000000000000e+00 2.334252289511412393e+00 6.204956592242108826e+00 -4.140099556409767345e+00 6.894739384645662383e+00 1.692566070895976438e+00 -1.570810911976196378e+00 6.641092433485112245e+00 4.302482140875664385e+00 -1.098513956393972180e+01 2.928370547636833798e+00
0.000000000000000000e+00 1.139786537873100025e+00 5.726877206649011676e+00 -2.868067262940692697e+00 6.513845188067584502e+00 1.071235516093202111e+00 -2.648326100423479268e+00 6.675508995966877634e+00 4.273485960830669228e+00 -9.969975341554079051e+00 2.736451834761593371e+00
0.000000000000000000e+00 4.569198460379240156e-01 6.461803794696669989e+00 -3.839304274231041259e+00 6.190648489575329094e+00 1.369033759783547799e+00 -1.385941863585121281e+00 6.147477038659231674e+00 5.985605314894050899e+00 -8.655197997304938440e+00 2.736678245389635666e+00
0.000000000000000000e+00 5.371845413493774313e-01 6.523478916645470527e+00 -2.536733294667314897e+00 6.431364774733088652e+00 -7.193116338874605553e-02 -1.336654913368224173e+00 5.824812474750301838e+00 4.249172410619626916e+00 -9.137826450834051428e+00 3.831105785954638243e+00
0.000000000000000000e+00 2.199738480640895499e+00 6.147358273492158354e+00 -2.161703502381198572e+00 6.402777210170529365e+00 1.739989340399188400e+00 -1.733738480886580113e+00 6.267384999218357677e+00 5.925508576059002053e+00 -9.731537222064682524e+00 3.843857865689679798e+00
1.000000000000000000e+00 -2.722713354543604858e+00 -6.617817534289101467e+00 8.116261242023579570e+00 4.614981273156879560e+00 9.622960126518426804e+00 2.670406218125390474e+00 -5.660664062854419143e+00 -2.534659477079599821e+00 1.142568506972486131e-01 -7.372164686841709447e+00
1.000000000000000000e+00 -2.516633412345450793e+00 -6.880959875651686097e+00 9.510555709529269208e+00 2.930084754324943308e+00 9.674226187550736711e+00 9.269422264990248017e-01 -6.632070802416907718e+00 -4.236472745563600206e+00 1.580777744443047084e-01 -6.098040445960068112e+00
1.000000000000000000e+00 -3.194705370451544013e+00 -6.413054927371889313e+00 8.985767619634440706e+00 2.657125263071175691e+00 8.375052586508454411e+00 1.110689631421828860e+00 -6.422707645489976969e+00 -5.100468321510662761e+00 2.558323380775497036e+00 -8.694266443447412840e+00
1.000000000000000000e+00 -4.436072660581786842e+00 -5.414494052744482033e+00 7.893042869943045048e+00 2.659999742860819527e+00 8.918705947825296576e+00 5.045936917671319799e-01 -6.045627402408373818e+00 -6.597500895980681790e+00 8.670924357779459246e-01 -7.900240182577649151e+00
1.000000000000000000e+00 -4.385984499378258405e+00 -6.154338423456161777e+00 9.841140153746872343e+00 2.365874207113320082e+00 9.902170676510133163e+00 3.090908335304108689e+00 -7.143218908193862404e+00 -4.662314453236152900e+00 6.487558174614102002e-01 -7.329606456365846512e+00
0.000000000000000000e+00 2.208046348219997679e+00 8.196085429257768951e+00 -2.217979156670722318e+00 7.354889560969811058e+00 1.117955031798101517e+00 -1.663071356381907506e+00 5.766300938660004149e+00 3.212769293080312671e+00 -8.218091090797837950e+00 2.021584900820815989e+00
1.000000000000000000e+00 -3.774047592019888153e+00 -5.868500784267001613e+00 7.156025099962675107e+00 2.705115442110213486e+00 8.215540870881874014e+00 7.754573080656016471e-01 -7.272741422093141672e+00 -5.607507849657240584e+00 -8.383495270962748602e-01 -7.054663302720975082e+00
1.000000000000000000e+00 -4.308693336140017038e+00 -7.062702498602371648e+00 8.427158869725014156e+00 3.011543203114947609e+00 8.196095695323021957e+00 2.801506987306283669e-01 -7.268490315458142170e+00 -2.882175683995793491e+00 9.994145676572535608e-02 -7.672407883683997731e+00
1.000000000000000000e+00 -3.815840146942647060e+00 -7.376690459246022513e+00 1.011482083506219887e+01 3.252593897244079990e+00 8.994203461709357583e+00 3.934214046925789798e+00 -8.241772766883290302e+00 -2.840221151334699101e+00 -1.287952156870688425e+00 -7.677674219028492786e+00
0.000000000000000000e+00 9.276412552355366437e-01 8.908643516527344985e+00 -2.628376364871582105e+00 4.070352172382150968e+00 2.771845444369978040e+00 -1.768944149991884540e+00 5.985179613298628354e+00 5.475591146963226130e+00 -9.568480555135085552e+00 1.647499178018842603e+00
0.000000000000000000e+00 3.186948790486000327e+00 6.878338668900382480e+00 -2.815623225410234465e+00 5.755122675362557061e+00 1.771873645149682819e+00 3.889548028743907704e-01 6.602893075607568996e+00 5.211607467507455738e+00 -9.515337888315242409e+00 1.230902286015025604e+00
0.000000000000000000e+00 2.276983294711692807e+00 6.250371364403507712e+00 -2.490344479772339081e+00 5.580998350945086450e+00 6.184293223421599706e-02 -4.185848517082473297e-01 3.658549654079039204e+00 3.568516581768553131e+00 -1.038068035205343520e+01 1.973082997637822356e+00
0.000000000000000000e+00 4.826477433313176579e-01 7.199038961914384416e+00 -2.869421409583824634e+00 6.709120469128487585e+00 1.032945839112073605e+00 -8.874553737479183857e-01 7.024376887750875653e+00 5.508003027479469793e+00 -9.609888611848505846e+00 1.473872624274311649e+00
0.000000000000000000e+00 1.730818537879987851e+00 6.333665734814863058e+00 -4.273804429409127081e+00 6.631554881337391905e+00 1.342220094818178167e+00 -7.780672474054264320e-01 6.275816626255196873e+00 3.986980677629555103e+00 -1.022729910590244451e+01 1.332107315143388870e+00
0.000000000000000000e+00 6.060653467704342212e-01 6.967386823378082461e+00 -1.852366511212215183e+00 5.546915720931528071e+00 5.644526972432614143e-01 -2.421588213472696705e+00 6.613182538923342513e+00 4.784057343696349385e+00 -1.002418960233106482e+01 1.537916832277227419e+00
0.000000000000000000e+00 2.657657535584124098e+00 6.789945601373452710e+00 -3.003634745666744266e+00 5.232099911837605255e+00 2.479210975221111113e-01 -1.498384401704150326e+00 5.738368078846555420e+00 3.884264794950176292e+00 -1.048810809663645216e+01 3.919199077183109559e+00
0.000000000000000000e+00 1.677098187024349984e+00 7.321967951475644831e+00 -1.873201007948424923e+00 7.649790852181043377e+00 9.774615169477981480e-01 -9.622182123881549698e-01 5.775176430638584435e+00 5.472512743420566927e+00 -1.057600546748634152e+01 7.578669270156399573e-01
0.000000000000000000e+00 2.601258841674206401e+00 5.894564771539957171e+00 -3.547293276097467807e+00 4.483321187594530244e+00 1.343317237807206910e+00 -2.061247009418554654e+00 6.121812277576501593e+00 5.260243617576672470e+00 -8.622959822499147720e+00 3.481571015498718502e+00
1.000000000000000000e+00 -3.597945244355887695e+00 -6.100984788692176863e+00 1.034984597935785011e+01 1.427812419100289665e+00 8.462958477128928791e+00 1.622943020596455233e+00 -5.744058028789422288e+00 -3.600490200479207203e+00 -1.859715461388961710e+00 -6.104115804993998751e+00
0.000000000000000000e+00 1.934132914118209534e+00 6.307167578610939351e+00 -4.230679385836921824e+00 6.430641615994407090e+00 1.238499197647291217e+00 -1.079359840298395934e+00 5.142501502563620264e+00 4.718602810857116303e+00 -1.199235756990235124e+01 9.660296082597039646e-01
1.000000000000000000e+00 -3.265380616975364969e+00 -5.985377308530572371e+00 7.997069374945549924e+00 1.440524142134504748e+00 9.150353024990073081e+00 -2.341128738602493708e-01 -5.078057735904309311e+00 -4.239995338183301321e+00 3.288913159335506986e-01 -7.243591776532446680e+00
0.000000000000000000e+00 3.258799477864593896e+00 7.659762793411567294e+00 -9.127273010702814382e-01 6.692466679156233056e+00 4.938840123577672436e-01 -1.831361037226492350e+00 6.090274963948373532e+00 5.854552810685871300e+00 -9.076663296281084925e+00 1.870890189630631362e+00
1.000000000000000000e+00 -3.956212334522215102e+00 -7.685935272504671900e+00 8.312968031948908987e+00 3.020985573222294107e+00 8.316253483353953868e+00 1.002937993488149715e+00 -6.291107885993577398e+00 -4.031507733423932649e+00 9.836771066804145258e-02 -6.739798527978216214e+00
1.000000000000000000e+00 -3.430235009791285705e+00 -4.647437400899373294e+00 8.859456755600405131e+00 2.473984193535821330e+00 9.727602431750041134e+00 1.299311892077882336e+00 -6.712868807966146711e+00 -4.938538234232412449e+00 -1.339641959371076885e+00 -6.206547615479175661e+00
0.000000000000000000e+00 2.226139121470885218e+00 6.872333485524630525e+00 -1.816991701937494152e+00 6.013847835776203077e+00 1.310339536436816443e+00 -2.057322247735228871e+00 7.532209990486247619e+00 4.493566611105670461e+00 -9.633288600675792068e+00 2.819669729897775756e+00
1.000000000000000000e+00 -2.375449902369146216e+00 -7.908414262838745046e+00 7.732663915804260490e+00 2.651129164261985416e+00 9.289809970778447834e+00 1.263038139238905844e+00 -7.020190966105412045e+00 -5.490741850223136211e+00 7.718947708658028262e-01 -8.176880682905334652e+00
1.000000000000000000e+00 -4.751196004538671858e+00 -5.664455635460351246e+00 9.185577568651273950e+00 2.097384912969878279e+00 1.060696900284582789e+01 1.771983485736366992e+00 -7.183012345693303047e+00 -5.194445614663321109e+00 -8.902056396233650748e-01 -8.468331316030877076e+00
1.000000000000000000e+00 -3.772720047436108892e+00 -5.992935250093232469e+00 8.677166991597825785e+00 2.862936345781882608e+00 8.153060800903604743e+00 3.012852537274246512e-01 -7.892586606490010759e+00 -3.687380131857016075e+00 1.234573539648780027e+00 -1.075694440484216763e+01
1.000000000000000000e+00 -1.820616722318529668e+00 -6.019929544590434389e+00 1.014687076118706699e+01 2.311972827417758225e+00 8.758623049428763352e+00 1.897507268123976409e+00 -6.084717723171065629e+00 -5.423721010773014051e+00 5.908708894350459540e-01 -8.056518925283523203e+00
0.000000000000000000e+00 1.965953217980734413e+00 6.552289573346421925e+00 -3.241573960432731827e+00 4.810490733679188224e+00 7.586014221978798489e-02 -1.502886904809795920e+00 5.115079804229726079e+00 5.671889896205737358e+00 -1.122603108576040754e+01 2.648916795932919399e+00
1.000000000000000000e+00 -3.776256135516642409e+00 -8.149924899560073044e+00 9.216249255390524198e+00 2.414018337081982324e+00 8.145642445523288089e+00 3.328390665410310145e+00 -6.387361533579010597e+00 -5.672385736370539888e+00 2.116121336062053437e-01 -7.377856871188838817e+00
1.000000000000000000e+00 -4.067233588940582401e+00 -8.366216947425087369e+00 8.883885959876019811e+00 3.045513731428329596e+00 9.433995681894032259e+00 3.463616349124686078e+00 -6.909865360659617650e+00 -4.370483278065479205e+00 4.158327957300617106e-01 -7.438268089280078321e+00
0.000000000000000000e+00 3.253239537369963408e+00 6.676749561108504594e+00 -1.589470298308235829e+00 5.093209901331208656e+00 1.363731863894793506e+00 -8.928550029502011487e-01 5.227130824192669500e+00 5.119480409486509842e+00 -9.294786399786731934e+00 3.649698311184224497e+00
0.000000000000000000e+00 2.753403467213372480e+00 5.908535613226626459e+00 -2.129655731049097334e+00 6.589851788349507800e+00 1.712768914790405717e+00 -9.054489861220260671e-01 5.830606081085720760e+00 5.872954020787098273e+00 -1.044334636627935708e+01 2.761542491827559065e+00
1.000000000000000000e+00 -3.895611986513085157e+00 -8.220247011501271572e+00 8.535818760097567903e+00 3.691574961258983212e+00 1.023284017972498816e+01 1.556157231274082564e+00 -7.856152420813174331e+00 -5.390279673434223540e+00 5.823506372280610188e-01 -6.869819432806222537e+00
1.000000000000000000e+00 -2.684769014163562062e+00 -6.571521012135881357e+00 8.401427003997145704e+00 2.548793079259801253e+00 9.814755617525959153e+00 1.678832185068981131e+00 -6.508630847900479743e+00 -4.696088008294788452e+00 1.614271988662650648e+00 -8.118103816990791088e+00
0.000000000000000000e+00 3.699187940063778157e+00 6.953700404301025095e+00 -2.917669603345495410e+00 7.746786199550956376e+00 1.377621562063326976e+00 -2.453247206449726825e-02 6.326364082223404850e+00 4.376467441497988276e+00 -1.094273248639623120e+01 1.037567547310994209e+00
1.000000000000000000e+00 -2.700924611179982726e+00 -7.695339261991069435e+00 9.535281763981735992e+00 1.195761282747090037e+00 8.426624814576031852e+00 2.119326396189188166e+00 -7.286564516669359115e+00 -4.260063240666780437e+00 -1.053757579293239210e+00 -8.112121082759699675e+00
1.000000000000000000e+00 -3.405904017097884928e+00 -7.410771399378761615e+00 9.276763108559647364e+00 2.865875623390377935e+00 9.334881855071015977e+00 2.244271721648911200e+00 -7.067902209451068174e+00 -5.032295735265448045e+00 1.633354825735323423e+00 -7.263015887595884124e+00
0.000000000000000000e+00 2.148162537595632582e+00 6.881123220656816031e+00 -3.270306755396322984e+00 6.702568580833788481e+00 1.928848228376166762e+00 -8.122365619140503590e-01 6.286313899744463640e+00 3.735490475850312908e+00 -7.834903812499082854e+00 2.428560929898139875e+00
0.000000000000000000e+00 3.002702128532434234e+00 5.993924116149912606e+00 -2.000610058682944725e+00 6.872732812073683029e+00 -6.635572999340579869e-01 1.062638054859473602e+00 6.629225284330630075e+00 2.881243592024206102e+00 -9.195167247619346895e+00 1.053768990861353450e+00
0.000000000000000000e+00 2.576408887095476885e+00 7.441134604511634443e+00 -3.834360217918906688e+00 6.227537991911437310e+00 5.668728071404705027e-01 -2.455596324652044693e+00 7.037264919272627317e+00 6.050110795253106133e+00 -8.793832071816520823e+00 2.875902252687675631e+00
0.000000000000000000e+00 3.333491166203700562e+00 6.346827594696323516e+00 -2.508160065702032870e+00 6.155831848793728689e+00 -1.114596368091436140e-02 -1.135639168799237098e+00 6.718661016490980131e+00 4.007598949681695721e+00 -9.937972871033593947e+00 4.457532960207615247e+00
1.000000000000000000e+00 -3.311806401721585136e+00 -6.047564497397539540e+00 9.928788349981951811e+00 1.589162582145754898e+00 9.366537915433021055e+00 1.942212903962015069e+00 -5.990746703082329816e+00 -5.259708544969351252e+00 -1.084174818933872908e+00 -6.619836143534305606e+00
1.000000000000000000e+00 -2.277816402914308647e+00 -8.389986915102458198e+00 7.102811808616155353e+00 3.800358886119117763e+00 7.638318718774002924e+00 5.012146776748827026e-01 -7.855893278951413095e+00 -5.791337022769868170e+00 1.472071116901406018e+00 -7.676248536345039675e+00
1.000000000000000000e+00 -3.777395640052715997e+00 -6.496662732626441894e+00 8.947110402100932447e+00 3.786852571949538948e+00 8.797575880162925799e+00 1.178937346166012867e+00 -7.185087256561669022e+00 -3.881262388646424366e+00 -3.377061039297968303e-02 -8.197280119134038756e+00
1.000000000000000000e+00 -3.674891978196132225e+00 -6.367786513701028994e+00 9.559171573879508443e+00 2.608858421152090656e+00 9.838923454323920126e+00 -6.599298344231074864e-02 -6.244500261991071000e+00 -5.369173901011874861e+00 -1.342940910236690710e-01 -8.626928494520464952e+00
1.000000000000000000e+00 -2.740906529316783136e+00 -6.874505487118806712e+00 7.280230479896947493e+00 4.480302221029127452e+00 7.372098190336771495e+00 8.193290387674398989e-01 -6.634125642837714665e+00 -4.539512071507124880e+00 -1.889337514135012164e-01 -7.451314317301955370e+00
0.000000000000000000e+00 4.164069961811984744e-01 5.867219577015083232e+00 -1.195869817459179085e+00 5.820825663243456738e+00 1.027984408978913633e+00 -1.812046499567768532e+00 4.952081011108046660e+00 4.651727533888970534e+00 -1.090478845004267683e+01 2.570025287592749397e+00
0.000000000000000000e+00 2.360199424643127930e+00 4.062880144375156988e+00 -1.334118361591235757e+00 5.535374833905358116e+00 4.418138760403845788e-01 -3.346812299853568096e+00 5.731612363849631464e+00 3.947025451421910969e+00 -1.068727745272834539e+01 2.968438270010885116e+00
0.000000000000000000e+00 3.516352452152779584e+00 7.576599753796382508e+00 -2.963020804686898657e+00 7.328328336878867866e+00 1.258056025693310653e+00 -7.162025623690196907e-01 5.427478282442810276e+00 5.706323231914748106e+00 -1.169037736860116006e+01 2.459286951096051776e+00
1.000000000000000000e+00 -2.261440742369162038e+00 -6.785019484538742596e+00 7.514821240495362709e+00 4.385317571526935687e+00 7.705312280978583672e+00 1.240562824283354404e+00 -5.807657781856579327e+00 -3.856335676251624101e+00 9.437543943147843617e-01 -8.712892014909471072e+00
0.000000000000000000e+00 1.951924666300809630e+00 8.041701426791167506e+00 -3.211836968673467574e+00 6.126192267499090072e+00 2.562795107696374419e+00 -8.945332780055176292e-01 5.632147778124625859e+00 5.567612215984536483e+00 -1.005171105311437429e+01 3.013205885000082684e+00
1.000000000000000000e+00 -5.511456221940546740e+00 -7.766014114176847727e+00 9.598862207479317732e+00 2.789291606173013527e+00 8.118074445401923356e+00 1.558884302315177717e-01 -7.454932632107690083e+00 -5.014136953642369221e+00 1.755390898837768887e+00 -9.175293002454452562e+00
1.000000000000000000e+00 -2.178587901641371616e+00 -7.270489946640544154e+00 8.891964524215234533e+00 2.952694429716345326e+00 9.431629281259034769e+00 1.304085519755668665e+00 -7.359714827357629829e+00 -4.679239476766493766e+00 9.638082185235792299e-01 -7.739914998354721298e+00
1.000000000000000000e+00 -3.267442514088513938e+00 -4.634236460512134670e+00 8.462686507653144119e+00 2.584785131190551422e+00 8.181421748734782895e+00 1.980846604785711396e+00 -6.864468170710394723e+00 -5.491669319588470266e+00 -4.192052070612907189e-01 -7.522940966477026592e+00
0.000000000000000000e+00 2.691466120959854713e+00 6.748455516399326726e+00 -3.668320662880300009e+00 5.183096117504186751e+00 1.951294302027241301e+00 2.947219769134976630e-01 5.994314811377567942e+00 5.521436216779999739e+00 -9.906022980781003184e+00 2.756019410688679727e+00
1.000000000000000000e+00 -2.623639042494413154e+00 -7.056109218234671410e+00 9.045243899802731136e+00 2.623152938173587856e+00 9.299888421740829969e+00 1.248019668631358936e+00 -6.742822896661334831e+00 -5.369748552202602276e+00 -1.003382063424985704e+00 -6.773172856097138705e+00
0.000000000000000000e+00 2.293197659494004892e+00 6.637133404614061760e+00 -3.954327096421812904e+00 6.461645770224850871e+00 1.815319136800236599e+00 -1.034481385842459744e+00 6.461627840991735816e+00 4.041525066159168844e+00 -1.054568212243402847e+01 1.711754006639974790e+00
0.000000000000000000e+00 2.251753549079700267e+00 8.313654696980465886e+00 -2.667404162193081962e+00 6.556767060737421993e+00 1.537476023862871966e+00 -1.975325437481261215e-01 6.541682266994883754e+00 3.879564762673068046e+00 -9.424308303467489267e+00 2.461599239428919894e+00
0.000000000000000000e+00 1.834993546239013007e+00 6.084750486479785891e+00 -3.156744948698897435e+00 6.439159187935581841e+00 1.594664383539825980e+00 -8.663079338723409517e-01 6.251469142717149374e+00 4.523206830570852155e+00 -1.017428370341399990e+01 1.947623464782402447e+00
1.000000000000000000e+00 -2.826651755343002836e+00 -6.194922033347456392e+00 8.054677782533305574e+00 2.390128418145731626e+00 8.818460927817067585e+00 1.092614715396196701e+00 -6.905892226179452642e+00 -4.404151833019524176e+00 -1.423312084795917976e-01 -8.159781110213273791e+00
1.000000000000000000e+00 -3.473746342745703153e+00 -4.578770885877004204e+00 8.466551314084256319e+00 2.417556207754886000e+00 9.208734374595181293e+00 1.416556256323113772e+00 -6.308456936557318429e+00 -4.008462669709014214e+00 9.466477859868751565e-01 -7.161514526428347516e+00
1.000000000000000000e+00 -2.392759031324882990e+00 -6.627306430895500533e+00 7.703514840797877739e+00 3.866593600240240569e+00 8.687629117543965052e+00 1.083300948746002135e+00 -7.110894284889314854e+00 -5.731030603999985651e+00 -2.557871697296287827e-02 -7.579095276451470298e+00
1.000000000000000000e+00 -2.127454869769177748e+00 -7.840584737312076058e+00 9.176929421196033942e+00 1.680327542800762686e+00 8.625255028255782719e+00 1.608939855834653265e+00 -8.242655382387594543e+00 -5.296489877496796339e+00 1.903649190592504370e+00 -8.942760465416160542e+00
1.000000000000000000e+00 -3.128219179133196359e+00 -5.207437310880779435e+00 1.022402976645487449e+01 2.519177669137755426e+00 8.058901338008059412e+00 1.978118508693136324e+00 -7.745576038409356379e+00 -5.702120165365435867e+00 1.011289848178446027e-01 -7.723044490177432664e+00
1.000000000000000000e+00 -2.878309055314355103e+00 -8.064937222523868243e+00 8.957320089809913455e+00 2.897165058842286811e+00 8.674797248806761729e+00 1.992492459465421417e+00 -8.663762598529309855e+00 -5.803591905132141626e+00 1.843487495866067416e-01 -6.483786244834604418e+00
0.000000000000000000e+00 1.610322370811445580e-02 7.413726395897709764e+00 -1.758368216338673573e+00 6.333791699913234652e+00 1.949891353314439968e+00 4.221724442717442738e-01 5.270838497718893123e+00 4.077416635680430446e+00 -9.921761751562462095e+00 2.798655730381095275e+00
1.000000000000000000e+00 -5.081630758562409866e+00 -8.500788025152962391e+00 9.579683795345820485e+00 4.358547684186979687e+00 1.037869705796433806e+01 1.086012355261489093e+00 -6.862031886541789305e+00 -4.459895431899931317e+00 1.099932229320760957e+00 -7.233172496453810218e+00
0.000000000000000000e+00 2.228262132736957390e+00 5.928081279142982218e+00 -2.121061744887464684e+00 6.657412014211610440e+00 2.517133041722093845e-01 1.623862987633721833e-01 5.816591281506505062e+00 6.717228715493771318e+00 -9.585514780358650455e+00 2.597676435265437345e+00
1.000000000000000000e+00 -4.396058031398514032e+00 -6.584458899242810581e+00 7.247720585575629038e+00 3.437800032071765877e+00 8.224590021826886144e+00 9.900567208958054310e-01 -7.447698920969584968e+00 -3.578946621241364312e+00 3.183079648670994466e-01 -8.161823244181238834e+00
0.000000000000000000e+00 1.213032419666985717e+00 5.971333641329535702e+00 -2.500428580179134830e+00 5.492725253709534350e+00 1.626050382744986589e+00 -1.209379961755324695e+00 5.872926549596922285e+00 5.157892724794437278e+00 -1.029336751038120568e+01 1.565143959434914578e+00
0.000000000000000000e+00 2.518140937716057515e+00 6.246449735559066241e+00 -3.224903867301661453e+00 6.950565154692530001e+00 9.754741160001244582e-01 -1.486782980321314174e+00 5.808963227736565038e+00 5.601267526540397945e+00 -8.906878680557618111e+00 1.751713616951199981e+00
1.000000000000000000e+00 -2.591829085235483721e+00 -5.140269334572988846e+00 8.518116792940539028e+00 2.013289656266439742e+00 9.251722797870069570e+00 7.186261315116259096e-01 -7.041730764441138213e+00 -3.914785967159811975e+00 6.009612662658568860e-01 -7.588507000061239793e+00
0.000000000000000000e+00 1.065672982080748454e+00 7.163288300765296768e+00 -3.416345597611361029e+00 7.322996850139624314e+00 6.233064637662996121e-01 -1.507491027316053334e+00 6.040902962161334600e+00 4.093440383242469061e+00 -1.029815354090709079e+01 2.006241910682209806e+00
0.000000000000000000e+00 1.292300043503790796e+00 5.218668547280763903e+00 -3.263675344065472661e+00 7.745763361736345942e+00 1.018743406523110240e+00 -2.539312304687344035e+00 5.596818765255833661e+00 3.145195637196736449e+00 -9.628555486868908275e+00 2.531353819411599648e+00
0.000000000000000000e+00 8.316141934665548519e-01 8.189848845109526820e+00 -3.013899408133879021e+00 6.340936056583679203e+00 5.481979328292992948e-01 -2.727890323776299475e+00 4.975037217088290831e+00 3.815132349946728674e+00 -9.466093767658962932e+00 2.430305387488634228e+00
1.000000000000000000e+00 -4.140743600022689819e+00 -7.880547410275479336e+00 9.475412106550981761e+00 3.088919407508979642e+00 8.120443809294835447e+00 -4.846958135270753587e-01 -6.688861518424045194e+00 -3.299237068403776618e+00 1.067268849042154244e+00 -7.101993197592105567e+00
1.000000000000000000e+00 -3.837729573523097848e+00 -7.355527274591505460e+00 1.015348983452430431e+01 3.780429031159836306e+00 8.564835391926862940e+00 9.398242547382122947e-01 -8.332572313505668404e+00 -4.580071434257175333e+00 1.746297833510367936e-01 -7.449513962393641719e+00
1.000000000000000000e+00 -3.900896400500857730e+00 -6.891786073797001144e+00 8.284193314713405698e+00 4.114000363733318899e+00 7.761866620010763995e+00 2.305909029146669287e+00 -7.690046964062377199e+00 -6.251614255776294371e+00 -1.277879037934082085e-02 -8.208828845390648610e+00
0.000000000000000000e+00 1.199810274742181049e+00 5.876400267884533513e+00 -3.105303953853395971e+00 5.926755573181637260e+00 7.444981712879399360e-01 -1.998856446421684030e-01 8.208816737635940441e+00 4.682337097676743554e+00 -9.444891806153897562e+00 2.755194325158096813e+00
1.000000000000000000e+00 -4.060989697788189190e+00 -7.834224333532501028e+00 1.026215259014797532e+01 3.743239934084478193e+00 9.319176507535713583e+00 2.470505769053651601e+00 -6.546052753335623642e+00 -5.274132859482280722e+00 1.366137306622561720e+00 -7.989178281492218758e+00
0.000000000000000000e+00 2.116874420892733255e+00 5.905954025262905915e+00 -2.722987499769884412e+00 7.615312354749081081e+00 2.635870860298425988e-01 -2.422124698798724385e+00 4.949070972879273000e+00 5.066066805595712985e+00 -1.007117157497902760e+01 3.240325614730548587e+00
0.000000000000000000e+00 1.815801189871779187e+00 6.361541739866258816e+00 -2.644834509823033919e+00 6.681203717909029116e+00 8.613783528176010007e-01 -1.806995730356212970e+00 7.269095430415040582e+00 5.417972670485253772e+00 -1.010544947584604891e+01 4.737168840262556913e+00
0.000000000000000000e+00 2.593195048127904023e+00 8.581835910657783728e+00 -2.610140322785180267e+00 5.605109655011971448e+00 2.350962145863005226e+00 -2.141766050277487565e+00 6.271049155684432108e+00 4.793046276838293096e+00 -9.253889065142161030e+00 1.606968499980240717e+00
