1.000000000000000000e+00 7.074410307864814840e+00 -3.703982737368407108e+00 6.549706808225412402e+00 2.562874999815258459e+00 1.696623173264555584e+00 2.102246114244623598e+00 2.233300998346479993e+00 -2.579349616897419040e+00 -1.428252529168718032e+00 -4.640811335357488687e+00
0.000000000000000000e+00 6.365727903867338000e+00 4.398105397214987278e+00 4.883558658987896095e+00 -6.012807308877492929e+00 8.845008687399488423e+00 8.928237371611199791e+00 -8.143564759974786682e+00 -3.214897560287953482e+00 2.967070471715450353e+00 1.554839337891399165e+00
1.000000000000000000e+00 7.289315172106791252e+00 -6.817884537864538075e-01 7.056698469271988294e+00 1.704758837116477910e+00 1.264389114761607313e+00 2.894880205091975522e+00 1.007150431637734211e+00 -1.488835102094327567e+00 -3.765372332880775552e+00 -3.752563862225697378e+00
0.000000000000000000e+00 7.003201840952346657e+00 3.925510066244386920e+00 4.786150009254921400e+00 -7.341194460920920761e+00 7.620162517453002771e+00 6.396382755689692168e+00 -8.345224945616251944e+00 -3.496567550805553815e+00 4.908809620503094884e+00 9.808305381476147833e-01
1.000000000000000000e+00 7.612563068567664182e+00 -2.939238296503498216e+00 5.818798198544754996e+00 2.798920545570180884e+00 1.765781262341010072e+00 3.772588182741585250e+00 2.041116296547548004e+00 -1.675953188491231094e+00 -1.984335171562652933e+00 -2.153392459462644126e+00
1.000000000000000000e+00 6.570257507582558887e+00 -3.356020208535471117e+00 6.678597842717724831e+00 2.222086956414415226e+00 1.981526853191754922e+00 4.353839579640003343e+00 2.877902879246623691e+00 -1.197378073467761261e+00 -2.594370084588201397e+00 -3.021931704096709304e+00
0.000000000000000000e+00 6.740472343834209568e+00 4.887067855216987056e+00 6.858449089063346271e+00 -6.480064539547236713e+00 6.726320950424460321e+00 6.508115089404174824e+00 -7.643810627929092050e+00 -1.493687870588227939e+00 5.933107470828785424e+00 1.232849682450721573e+00
0.000000000000000000e+00 7.720778519551126706e+00 3.014214769167543828e+00 6.210111612118281776e+00 -7.302631740406005711e+00 6.290674787729120254e+00 7.047483819293337781e+00 -7.630557873176933015e+00 -3.194696134981327429e+00 4.320095430047550700e+00 -1.529160492314790565e-01
1.000000000000000000e+00 6.604769027685767568e+00 -1.924710646252844715e+00 6.321260928021448677e+00 3.020770744016198606e+00 3.547693143215526757e-01 4.858395187517098535e+00 2.552894144262097598e+00 -1.266552148553546253e+00 -2.661340096641764852e+00 -4.512645755145393345e+00
0.000000000000000000e+00 6.510802343700715866e+00 4.072758896083448654e+00 5.174296449469416359e+00 -5.407057667420220426e+00 8.505437937189402220e+00 7.523839064825091683e+00 -7.781236622753409549e+00 -2.965299947545800396e+00 5.417554188287580175e+00 1.481360727161662894e+00
0.000000000000000000e+00 5.777498879245429819e+00 4.703457858049169715e+00 4.455454276893331844e+00 -7.695094725758718113e+00 9.265636570990496423e+00 7.372825108377006664e+00 -7.641072598751740941e+00 -2.333877589437494571e+00 5.268202588895862348e+00 3.049787956415350276e+00
1.000000000000000000e+00 6.850229724699208766e+00 -3.811633101953704639e+00 6.577627316826210269e+00 3.481096219023491756e+00 1.538539436245407011e+00 3.927157780023181832e+00 2.986396879309896946e+00 -3.789468004555516245e-01 -1.746990551116637924e+00 -3.681730406355793850e+00
1.000000000000000000e+00 7.565140262737071630e+00 -3.192496379690702213e+00 6.650145044728716037e+00 4.531490628878908744e+00 3.175337940797222203e+00 3.003138653802370772e+00 2.214522649761216044e+00 -2.759022544050292680e+00 -3.301989249784370806e+00 -2.345635298947835068e+00
0.000000000000000000e+00 6.340975265868031840e+00 5.648644886310926871e+00 5.100225555131858712e+00 -7.278626562824003443e+00 8.063785991367376838e+00 8.170022289721124764e+00 -7.982533666163790897e+00 -2.328236937014563690e+00 6.197797397826757759e+00 -6.443164193270518592e-01
1.000000000000000000e+00 5.812665123516910448e+00 -2.491590570194711862e+00 7.766142242288140096e+00 3.725968007011508210e+00 4.431550690975243345e-01 1.621863203795162356e+00 1.301109616321836970e+00 -1.336318250582835709e+00 -6.666586512156822408e-01 -2.904679408645600702e+00
1.000000000000000000e+00 5.935479129007744881e+00 -3.666513407953055470e+00 6.711999846163340777e+00 1.295925263386690451e+00 4.567976798739418198e-01 2.472067621594442599e+00 2.373719609734695979e+00 -1.790182914699926187e+00 -1.934700351494927473e+00 -3.652462412344834597e+00
1.000000000000000000e+00 6.752348781123805210e+00 -4.435455487023251209e+00 7.315267303986906278e+00 3.638282866768868029e+00 1.940925986058109176e+00 2.679111258286450248e+00 2.514476442492831865e+00 1.499951658041198677e-02 -4.459147705372816795e+00 -4.231541892367416402e+00
1.000000000000000000e+00 6.849413169263180556e+00 -3.102227010472754287e+00 6.943341070134678716e+00 2.922823420602909117e+00 -5.755441186551442101e-01 4.052662128368837990e+00 1.975656117299205095e+00 -1.344328519233986441e+00 -2.341224953978131129e+00 -3.491425078737959709e+00
0.000000000000000000e+00 5.543055019483247747e+00 3.187819164959039497e+00 4.896213587744101758e+00 -5.585511039826790203e+00 6.549696560189397054e+00 7.349786970729002888e+00 -8.803903364055763348e+00 -4.164258692879555745e+00 6.445731446795158526e+00 -3.423117531947883485e-01
1.000000000000000000e+00 7.457601333027477963e+00 -2.862778337926275007e+00 6.502118857922367212e+00 4.304138611251066671e+00 2.314481284249798598e-01 3.238023424299517394e+00 1.859576301198230475e+00 -9.279234044405579862e-01 -1.703427111951947293e+00 -2.809045399127854559e+00
1.000000000000000000e+00 8.211124876634212200e+00 -2.719289678021931334e+00 8.045058177485483242e+00 3.909461389197813386e+00 1.336521111804582329e+00 4.420853074482029577e+00 1.821235166342696443e+00 -2.245242650713731525e+00 -2.027265895241334714e+00 -2.703612341243307071e+00
1.000000000000000000e+00 7.638473640765899297e+00 -5.301246831173148877e+00 6.982179363257786875e+00 2.413389923356976663e+00 1.399297439259451492e+00 2.690696325468537431e+00 3.149508260750366162e+00 -1.979441524026643417e+00 -1.655346475739341683e+00 -4.096574158083531536e+00
0.000000000000000000e+00 5.363676941614271776e+00 5.153057742807556352e+00 5.083471049792024132e+00 -5.515929821089969209e+00 8.733074092007850453e+00 7.036278804809797727e+00 -7.549956931822970674e+00 -3.666871265768542276e+00 6.232092724945976769e+00 5.922591129148180311e-02
1.000000000000000000e+00 6.610543259055994270e+00 -3.617290348578308556e+00 6.340870235410243083e+00 2.409282329806201162e+00 1.943779434641587311e+00 3.022445087635235339e+00 1.430836546436435430e+00 -1.564045896759121090e+00 -2.518308404437961112e+00 -3.327935760321060421e+00
1.000000000000000000e+00 6.160805615074247399e+00 -2.540709372343174621e+00 6.846313902750951641e+00 3.127347625342510984e+00 -3.418950001308829201e-01 2.694834106777173499e+00 1.913276956980750398e+00 -1.650809827544089448e+00 -2.117777070803652961e+00 -2.827585018657214011e+00
0.000000000000000000e+00 6.936627730270325642e+00 4.474933055833635542e+00 4.429000401292489286e+00 -6.687708907140113013e+00 1.011624752437224650e+01 8.042834534658775070e+00 -8.048367726686894486e+00 -2.760860769743045839e+00 6.462185922585775621e+00 6.416372033011410458e-01
0.000000000000000000e+00 7.233012007545284838e+00 3.470143514984576960e+00 4.785922152018089903e+00 -6.535426023178328769e+00 7.375952407463237215e+00 7.595087025274210646e+00 -7.776898748489988300e+00 -2.007388355841928096e+00 4.375949961218520201e+00 1.540826722510204139e+00
0.000000000000000000e+00 7.237540088538193750e+00 4.204710083599360715e+00 6.675588452644312554e+00 -7.115196329787051077e+00 7.232596374727999766e+00 7.327775289087322896e+00 -6.766807124421812425e+00 -3.050155825233764606e+00 5.447787943895770368e+00 -9.836005334414925638e-01
0.000000000000000000e+00 6.291131165170564365e+00 5.714681203335663540e+00 6.356348915286384127e+00 -5.306162852122015217e+00 8.940899154561897433e+00 6.272787593520368965e+00 -7.077495825548728803e+00 -1.917536535520786289e+00 4.896547883118611999e+00 6.333577006443080748e-02
1.000000000000000000e+00 7.388771391308290859e+00 -2.803392356671271290e+00 7.528923745365745823e+00 3.558172099571860869e+00 2.314973463152698585e+00 4.604840120948622939e+00 1.812884092470586461e+00 -1.354274817542076903e+00 -2.094681650373762416e+00 -4.393403509496471848e+00
1.000000000000000000e+00 7.143812025673310195e+00 -3.313169824385777229e+00 6.888416933702184330e+00 2.078010886499361387e+00 2.157702255090110377e+00 4.165661879396767020e+00 3.098071398645764418e+00 -3.364820749824366963e+00 -3.766878699435248556e+00 -2.411676326879043319e+00
1.000000000000000000e+00 7.674844469971876748e+00 -2.947811553127750450e+00 6.492017541719020457e+00 3.833031725659913569e+00 1.664592188469685263e+00 4.424234740556894252e+00 2.412148992389488100e+00 -1.973781227525527537e+00 -2.105791181746865526e+00 -3.749892304083873196e+00
0.000000000000000000e+00 5.573755900200015212e+00 4.822752474993341920e+00 4.566915361262092077e+00 -7.020364360225496370e+00 7.379893867017772280e+00 8.526741468105928590e+00 -5.384395127665595027e+00 -2.217958467703784020e+00 5.007979860123167093e+00 4.256611015229181394e-01
0.000000000000000000e+00 6.262237315753447220e+00 4.636868331628990703e+00 3.963331167227720275e+00 -6.186359445088245756e+00 8.133688722523013226e+00 7.337801950569123655e+00 -6.148164674838937138e+00 -2.927785441403769173e+00 3.911955201618742439e+00 5.878392630966358112e-01
0.000000000000000000e+00 7.038778710130473293e+00 3.101988452468636304e+00 5.439228078095444729e+00 -6.828723604075227271e+00 7.948351661293733272e+00 6.193466732930618335e+00 -7.056059002981761807e+00 -1.795166758504639137e+00 5.970184035796404665e+00 1.009659094012677505e+00
0.000000000000000000e+00 6.741337299499641667e+00 2.894298737973829638e+00 5.607012430988490337e+00 -8.166749668630409076e+00 8.929863406387971381e+00 7.740011976100106494e+00 -7.075744363427247663e+00 -3.057978987162014661e+00 6.180957554665762466e+00 1.324472925466772200e+00
1.000000000000000000e+00 6.921297886329171867e+00 -1.572035901094906762e+00 7.725131714028749208e+00 1.118612671634842348e+00 1.303865822068269731e-01 3.664253391955111017e+00 1.938140162986547788e+00 -2.702267604878185736e+00 -2.462762817336621612e+00 -3.224753035739393869e+00
0.000000000000000000e+00 6.357949771764984881e+00 3.892508888288923607e+00 7.512623759971025272e+00 -5.805538919152683164e+00 7.834816489543298346e+00 8.633758605642537276e+00 -7.527228506814513942e+00 -5.529821849586101123e+00 6.315610026958419887e+00 1.556845797225785866e+00
1.000000000000000000e+00 7.172726711976967984e+00 -2.289930354563424864e+00 7.295844083319265039e+00 3.075714308311163325e+00 2.101577947354445808e+00 3.682217702973341389e+00 1.699138437258440160e+00 -1.880646195963278977e+00 -2.351134646245541582e+00 -3.052897952361164347e+00
1.000000000000000000e+00 8.604165505978667028e+00 -2.837591924998439818e+00 6.494372898127839022e+00 2.923441956689971644e+00 -6.601276746669955120e-01 3.400758586130843586e+00 2.383877327457902151e+00 -1.462824352878968615e+00 -3.438712960628485416e+00 -3.898763971015954066e+00
1.000000000000000000e+00 4.656977752929290837e+00 -2.618778249714106110e+00 6.383495791672923581e+00 2.569169341765199732e+00 8.684035516355010920e-01 4.709402190206771088e+00 2.311966523540942120e+00 -1.557644791784595695e+00 -2.063242892630326786e+00 -3.064466984924339332e+00
0.000000000000000000e+00 6.856406983203775951e+00 4.871731319893148004e+00 5.111213653007737001e+00 -6.884372801837703726e+00 9.717137129408849106e+00 6.100013132802129867e+00 -7.952156802749296816e+00 -5.596029108992709666e+00 5.260482562042284371e+00 -7.042489055921719032e-01
1.000000000000000000e+00 6.109995567754471502e+00 -4.968777579637682962e+00 6.147585335253284988e+00 3.009746804705092593e+00 3.079773622264025956e+00 4.086455348219588224e+00 1.109420566125612240e+00 -2.096398748586056460e+00 -2.668545872676585606e+00 -3.378574819052321487e+00
0.000000000000000000e+00 8.035356026263722029e+00 2.623081622530064827e+00 7.229419869537685450e+00 -6.025722143511631934e+00 8.485786484268071916e+00 6.678274883277445895e+00 -6.859241991893894941e+00 -2.975456146622995401e+00 5.473607101283461951e+00 2.388019065425296406e-01
1.000000000000000000e+00 6.496894504798484959e+00 -3.307405140439028557e+00 5.876047703188510773e+00 1.787020464642062212e+00 3.042203721500170044e+00 3.777372316605862590e+00 2.770986133080599600e+00 -1.552459184361848710e+00 -3.413251290956108797e+00 -3.717112149975499769e+00
1.000000000000000000e+00 8.870924341756172282e+00 -2.664147614213596693e+00 7.575700679285502837e+00 2.259966511916307930e+00 1.863050420470249158e+00 3.405610256649517886e+00 1.436170143707511393e+00 -1.948799047987294530e+00 -4.399805873067081485e+00 -4.507100620723769602e+00
1.000000000000000000e+00 7.889611028811438942e+00 -2.718845496610791557e+00 6.128391581823004586e+00 1.839976848237400597e+00 1.060218043497016094e+00 2.565420327370232734e+00 2.071254656944497619e+00 -6.452241707886151589e-01 -3.616250895327843828e+00 -3.526878588997085284e+00
0.000000000000000000e+00 5.958083252896164694e+00 4.554029078658759389e+00 5.516244157268775261e+00 -6.860136912698322931e+00 8.050803400880830907e+00 7.943749774440250988e+00 -7.048111421162095880e+00 -3.586042990470164948e+00 5.636432222665787251e+00 5.976994087808360501e-01
0.000000000000000000e+00 7.830198949953160792e+00 3.539497666865095038e+00 5.096451489548427638e+00 -5.724645507802012645e+00 8.804826291084422607e+00 8.575174999363596839e+00 -6.718062678854383130e+00 -1.951687749756313872e+00 5.161909738921708346e+00 5.740841717219605789e-01
0.000000000000000000e+00 7.321386701597440982e+00 4.463823861554307548e+00 5.273923056453974745e+00 -8.786386485762250231e+00 6.687598835821462195e+00 8.242582951440674321e+00 -7.480454355681113832e+00 -5.256040262814634545e+00 5.935326588977959616e+00 1.391776684990285062e+00
0.000000000000000000e+00 7.111111731550614046e+00 6.066976588736967102e+00 6.772789063299891943e+00 -8.498475240833951005e+00 7.220852551556550480e+00 6.636394168703309226e+00 -6.754615282885094274e+00 -2.947447865218841390e+00 5.301563485853144186e+00 3.317487973399664281e-01
0.000000000000000000e+00 6.080376409652409997e+00 4.983395916708824203e+00 3.858218261543324257e+00 -5.932957360098171762e+00 7.621231391139047240e+00 7.461986399857593710e+00 -7.206333520050653973e+00 -2.302457042501999673e+00 5.864644691863400539e+00 3.718567249689000431e-01
0.000000000000000000e+00 6.657745382429944847e+00 4.239051168123514124e+00 4.751327034353510115e+00 -6.803729759565426249e+00 7.947369322578961004e+00 6.323363253031445197e+00 -7.323676409707573498e+00 -3.625650146677335872e+00 5.805280750573571069e+00 1.434064371264467841e+00
1.000000000000000000e+00 8.033146340300334032e+00 -2.486787087126475448e+00 6.618519255683382063e+00 2.337137415972907917e+00 1.089592355164740178e+00 4.141375953234654794e+00 3.121425756503069415e+00 -2.518115702932648858e+00 -2.443328099734254799e+00 -4.422469097867906207e+00
0.000000000000000000e+00 7.180396015723548686e+00 6.069050114389545669e+00 4.623954630219501816e+00 -8.042306865718156672e+00 8.184536749727659100e+00 7.544621185033322242e+00 -7.952714121436220474e+00 -4.605441538180449434e+00 6.212305641996929140e+00 1.435055088167745740e+00
0.000000000000000000e+00 6.408842740295470186e+00 3.871545556086960715e+00 4.651272936787059997e+00 -8.332148998941125484e+00 8.600480821324612890e+00 7.319071034424080580e+00 -6.989013153695820435e+00 -2.688617997104820745e+00 4.571538984929787830e+00 5.214946824549020477e-01
0.000000000000000000e+00 6.854540315554098484e+00 4.114643532822392480e+00 5.158791476938220377e+00 -6.343458475883454462e+00 9.916392047154564793e+00 6.838927741771842150e+00 -6.001755839003708459e+00 -3.494023674516054001e+00 4.987434042347491214e+00 7.121194016122198711e-01
0.000000000000000000e+00 5.804520536278316101e+00 5.204392386623484690e+00 5.514486451090815144e+00 -6.753033555766937646e+00 7.789726045661130804e+00 8.469681679318973977e+00 -7.358438076075776380e+00 -4.562159666891918874e+00 6.276747980609204802e+00 -5.935755020120490055e-01
1.000000000000000000e+00 7.346382870333540538e+00 -3.643536253881556330e+00 8.466846647227571410e+00 2.370048858592120222e+00 -2.359544262946018378e-01 4.237012424979226921e+00 1.056870475737556880e+00 -2.022119047629740152e+00 -3.553197758539761608e+00 -3.440505874776140338e+00
0.000000000000000000e+00 6.757626883825770037e+00 3.417332178510859020e+00 5.261103712059413517e+00 -5.436675968576869522e+00 7.983011800085911602e+00 7.349528078613680293e+00 -7.339460359578772852e+00 -3.170865311638446649e+00 5.746602113489942987e+00 1.957548591803179860e-01
0.000000000000000000e+00 6.114139731872517025e+00 4.557747334588229116e+00 5.624044919171151236e+00 -7.709713876869940918e+00 8.735448600218562731e+00 6.958273746845584640e+00 -6.139042745330473672e+00 -3.374327098077549270e+00 5.406880710951510238e+00 2.048070919933284273e+00
0.000000000000000000e+00 5.430566036746739655e+00 3.846734058772214304e+00 5.563217178480280189e+00 -6.506393738381564873e+00 7.478720699881802325e+00 7.386459676851083955e+00 -6.287326562996603307e+00 -3.219360560985176978e+00 5.808404123119615292e+00 -1.698774166417451603e-01
0.000000000000000000e+00 5.505513968708520167e+00 4.734722422007879850e+00 4.853819340626251311e+00 -6.752391768221423618e+00 5.970856446250205174e+00 8.270100042486372871e+00 -7.126877157795580509e+00 -3.569340659142169692e+00 5.616019961385077863e+00 2.402089225392195493e-01
1.000000000000000000e+00 9.353329139503514966e+00 -4.746285601937694665e+00 5.571660107519194050e+00 2.513822909528590444e+00 -1.888262859743916611e-02 3.773443734840057129e+00 7.557197435173763633e-01 -2.126696899186885314e+00 -2.616278615530281737e+00 -4.591069785112853907e+00
1.000000000000000000e+00 7.456770625747868309e+00 -3.298072063734694748e+00 8.281055112176797905e+00 3.126711799866356056e+00 7.196430969321094828e-01 3.702459254785706921e+00 1.764656036697693331e+00 -1.677943504097378025e+00 -4.443779184683837258e+00 -3.153593924123790693e+00
1.000000000000000000e+00 6.581998328151364319e+00 -4.041957837331891845e+00 6.190530018853570127e+00 3.468794624645667568e+00 -5.176934688047802879e-01 2.746796215253391349e+00 2.248947408954905303e+00 -2.065214265343098710e+00 -3.252544972210646534e+00 -3.206517310601149973e+00
0.000000000000000000e+00 5.474609749206801546e+00 4.747113396535092456e+00 5.355814719078772157e+00 -7.642563300070415622e+00 8.872774653178632676e+00 7.826733273997189322e+00 -8.343789324478404268e+00 -4.015539582274546326e+00 5.440385291563293535e+00 1.246186600810597511e+00
0.000000000000000000e+00 5.359651345512720155e+00 3.962703586265654998e+00 5.978508069220469956e+00 -6.446503591007697764e+00 9.364630801522981329e+00 7.075462157731337243e+00 -7.797092861718486922e+00 -2.687517663661695089e+00 6.281305985086946819e+00 -6.932275667320551005e-01
0.000000000000000000e+00 7.499547812494601118e+00 2.221587274114823263e+00 5.954107740071891364e+00 -7.250108751213182323e+00 7.461402686765023162e+00 7.905588251067722005e+00 -6.869440684890466109e+00 -5.512361410418975538e+00 6.062953581806444170e+00 1.306833536172600008e+00
0.000000000000000000e+00 5.906817367066045321e+00 4.632094448182092705e+00 5.037334683221351916e+00 -6.158373998042694808e+00 8.044473456342190687e+00 8.006827516017409607e+00 -7.332822167550052228e+00 -3.333058987587262489e+00 5.913722835093873975e+00 1.093556771304597053e+00
0.000000000000000000e+00 7.780612395308550866e+00 4.963921426278274041e+00 5.274025754509604091e+00 -7.088233337822797964e+00 9.005280741231672437e+00 7.089531919002154403e+00 -6.796987533747089749e+00 -3.927574168988947623e+00 5.526816367841210997e+00 4.761241023218186763e-01
0.000000000000000000e+00 6.517860842819243494e+00 5.813994628271850651e+00 5.303051392987745416e+00 -7.232227769931840022e+00 8.708001288062019896e+00 7.166841549681991275e+00 -6.284820626627621643e+00 -3.892369875956692482e+00 5.306313153440077812e+00 1.532094594181370839e+00
1.000000000000000000e+00 8.901267838892964690e+00 -3.609454161787938986e+00 6.419085931417747304e+00 2.979546299832566358e+00 8.995026970234383246e-01 3.240209658569944917e+00 1.826539864062934448e+00 -1.509704093428346994e+00 -3.163472666707327630e+00 -3.456779782047802563e+00
1.000000000000000000e+00 7.307782853895349540e+00 -2.221078437958150964e+00 7.881231478971153948e+00 2.183831920400704618e+00 6.429974588361470067e-01 5.664960598152514848e+00 7.260079786433766280e-01 -1.486379109261403375e+00 -1.147620148743341506e+00 -2.574757418188474034e+00
0.000000000000000000e+00 8.031984879701306923e+00 5.162307063069631496e+00 5.032558305748531247e+00 -7.763146121586016690e+00 8.858651594196725654e+00 7.433922269657615267e+00 -7.040825165069970915e+00 -3.584397012033638141e+00 5.162903314174536185e+00 3.316146843899613894e-01
0.000000000000000000e+00 7.149194618131113010e+00 5.095767346607249948e+00 5.663943584282579380e+00 -6.327171238232607742e+00 6.674836276051585138e+00 6.630284912844132350e+00 -6.970562253883594295e+00 -2.401222543946383681e+00 6.127412760832447347e+00 1.481465640551266505e+00
0.000000000000000000e+00 8.805988387372034154e+00 4.307507339195987939e+00 6.479735602660547045e+00 -7.885476244796945977e+00 8.193807833026026444e+00 6.763375609503367691e+00 -8.459221309806912004e+00 -3.821468286090988542e+00 4.711352935991405033e+00 1.324820267166277432e+00
1.000000000000000000e+00 6.890885449277559083e+00 -2.475331746977004421e+00 6.173641864208436303e+00 4.580588247158980053e+00 6.900515240361667635e-01 4.826043560051675563e+00 7.786622132504026350e-01 -1.658413125976516689e+00 -3.340384682580058495e+00 -5.158204388616697500e+00
1.000000000000000000e+00 6.070285146102454732e+00 -2.093489990072840534e+00 7.011378297932918002e+00 1.979211781976434992e+00 7.035900744255065842e-01 4.476341513424522134e+00 2.549197641026203165e+00 -9.098590791633757169e-01 -3.634806102252939208e+00 -2.747215336664603935e+00
1.000000000000000000e+00 5.853981239873620623e+00 -2.884176435899224344e+00 7.076597180656059471e+00 2.908513460228007386e+00 3.260095379608239918e-01 3.088550780613404712e+00 2.474448014778203309e+00 -1.120383258743796295e+00 -2.395863448120853612e+00 -2.187089205268147651e+00
0.000000000000000000e+00 5.547428201605452358e+00 4.161611081643983745e+00 5.532531325615493323e+00 -5.669919707269555076e+00 8.304845121703396060e+00 7.547477942932109940e+00 -7.682298462306244247e+00 -4.888399517365409785e+00 4.855880756809702881e+00 -6.103404376413483767e-01
0.000000000000000000e+00 6.937172820040348853e+00 5.713012023081843083e+00 5.929061328757060600e+00 -5.701571288426650952e+00 9.038490382304058102e+00 8.197740599103427783e+00 -6.532654836796734976e+00 -1.457029172207014112e+00 5.409305791652260886e+00 7.833266881726342890e-01
0.000000000000000000e+00 6.931832297336914195e+00 3.215757635833971229e+00 5.378388084943136249e+00 -6.919352690896030111e+00 8.720650643498425225e+00 6.960414775184119662e+00 -8.491124309794791714e+00 -2.621055115765989374e+00 7.681507125762323085e+00 -4.212584567888990605e-01
1.000000000000000000e+00 7.974427811931412258e+00 -3.764770236627501543e+00 6.309346556935136796e+00 3.064037144168362481e+00 1.545989057764148633e+00 4.246584189700713274e+00 4.388136644658848784e-01 -6.945881234970808782e-01 -3.033651346876117039e+00 -2.209931057423379031e+00
1.000000000000000000e+00 8.059220304187917350e+00 -4.251247104538197874e+00 6.967546618939835845e+00 3.331366626380978690e+00 3.104491855511387621e-01 4.063188156931171413e+00 2.674512068573945633e+00 -3.029757075171723990e-01 -3.403984533095870901e+00 -4.027778300983156257e+00
0.000000000000000000e+00 6.422239948689711930e+00 6.095332338640638170e+00 4.634014035926859343e+00 -7.015196856521578539e+00 7.236473873706213311e+00 7.839679923914207649e+00 -7.530343994467554758e+00 -2.414995094334847714e+00 5.675013541375459880e+00 1.748149458600555484e+00
0.000000000000000000e+00 7.681253918921171042e+00 4.292162834728674881e+00 6.043649773322792740e+00 -6.927617426190783689e+00 9.216319920273519983e+00 5.859580522477388698e+00 -6.787103408414280281e+00 -5.676777437357525713e+00 4.555260846239704620e+00 2.195723675236500583e-01
1.000000000000000000e+00 5.486598143594603627e+00 -3.788363817928185995e+00 6.842288040169481889e+00 3.024603117191133617e+00 1.648393712523259502e+00 2.905633744398317120e+00 2.058536364000254970e+00 -1.069504632826931090e+00 -2.132671717925256782e+00 -3.936259933736044658e+00
1.000000000000000000e+00 7.821144157573816535e+00 -3.962843257603978486e+00 5.807242794257001073e+00 2.832867629238236873e+00 -1.100639184935082504e+00 3.004343746291498363e+00 1.201050172811002792e+00 -1.348137394349008922e+00 -1.078458002968533114e+00 -3.365472276698014298e+00
1.000000000000000000e+00 8.439758660944081115e+00 -1.246150484873344233e+00 5.943874303116349012e+00 1.573649306131503556e+00 4.767042441480299209e-01 3.339630065303011985e+00 2.950414017174230796e+00 -1.496150977072809196e+00 -1.410167165067460537e+00 -5.344246646565295578e+00
1.000000000000000000e+00 7.122826693795096809e+00 -4.563331474816394895e+00 7.367903693913284258e+00 2.103252666142248373e+00 6.962196033342555879e-01 2.614266333439224432e+00 1.920061112394224168e+00 -1.824966961125599418e+00 -1.290487119578064279e+00 -4.361208937101081595e+00
1.000000000000000000e+00 7.416432697129146767e+00 -3.094975945233585879e+00 7.396556066915065841e+00 3.641821769714874701e+00 7.820018591249038309e-01 2.627077390949799529e+00 3.008756049765553886e+00 -1.629658482792532448e+00 -2.730385516851156602e+00 -7.801293496086336710e-01
0.000000000000000000e+00 6.683927876258087153e+00 4.122974947256125233e+00 4.819826296168454149e+00 -6.924022733333300650e+00 9.124454007561450197e+00 7.294889604141129524e+00 -6.985063871620171838e+00 -3.015778458392777139e+00 4.681619745964748169e+00 4.480918937550334435e-01
1.000000000000000000e+00 6.986771211575042884e+00 -4.156372351968807166e+00 8.804438321722114935e+00 2.545276758082025026e+00 -6.664835422661019582e-01 1.559628307954832316e+00 2.042650170383966568e+00 -2.980006716003709144e+00 -2.241396472190125611e+00 -2.708773621952353938e+00
1.000000000000000000e+00 7.222897609824706855e+00 -3.473113551120056375e+00 7.196558298373952667e+00 2.800304720705771189e+00 4.090261830499867246e-01 3.914354279664709502e+00 1.395615630796776419e+00 -1.979667201285949085e+00 -2.454060812048754148e+00 -2.720508041766013463e+00
1.000000000000000000e+00 5.957384520838317599e+00 -4.186483030408978401e+00 5.972803336245183559e+00 2.916487143213240874e+00 3.052052310047077555e+00 4.415784207903006298e+00 1.950850534457547081e+00 -1.619190187796262004e+00 -3.148938246986243694e+00 -2.462944055520613684e+00
1.000000000000000000e+00 8.378002749607007971e+00 -2.960127752501539700e+00 7.409149662706200345e+00 2.433697495831460333e+00 2.254176243349383935e-01 4.115695039716243286e+00 3.511482285500675093e+00 -3.202749674998212726e+00 -3.057668868771977078e+00 -2.583504248855397645e+00
1.000000000000000000e+00 7.898470748280294274e+00 -1.795999031691405401e+00 5.026686922352305409e+00 2.344833823305890519e+00 9.498097083437528898e-01 2.039732273842520094e+00 1.791819542783092079e+00 -1.038324997142077599e+00 -3.911960072792104448e-01 -2.496356331492818548e+00
0.000000000000000000e+00 6.068943123762820413e+00 4.182097998651959969e+00 4.872898109986288695e+00 -6.265091890205932046e+00 8.529868420779189719e+00 7.944462667146003909e+00 -7.567646699318530068e+00 -3.750085104183200180e+00 5.014591424022833976e+00 5.078088599390655489e-01
1.000000000000000000e+00 7.486069690799658005e+00 -1.501142085116826008e+00 6.806465995646517442e+00 2.093531990547099042e+00 1.330184337914969150e+00 3.583982137154934744e+00 1.081996181663282819e+00 -1.293975460879061234e+00 -2.614785893000570294e+00 -2.824849615046419071e+00
