1.000000000000000000e+00 -4.301539719465392597e-01 1.257226157271030376e+00 -3.864779135954861999e+00 7.721369988836394027e-01 5.907448979674038370e+00 3.355046645254061488e+00 2.190734544879559209e+00 4.371097562202516329e+00 -5.406838625740943094e+00 -4.140008860985917583e-01
0.000000000000000000e+00 -3.285857526446984700e-01 -1.552795133494837998e+00 2.098777463859733128e-01 1.799740128279851969e+00 4.013690708913657978e+00 -4.650805863318944411e+00 -2.522898656048044863e+00 -2.932424599969523982e+00 2.660289764304377691e+00 -7.886816751148743032e-01
1.000000000000000000e+00 -2.405325719972080556e+00 1.452861603293722936e+00 -4.658017150646361237e+00 -1.177491198848961140e-01 3.301454757535210227e+00 2.751133000119470040e+00 1.974071533289687874e+00 5.165210829229824441e+00 -5.641655872347071110e+00 -1.178783741095455806e+00
0.000000000000000000e+00 1.428926628426792078e+00 9.344224692422464784e-01 -4.340232054393793337e-01 -8.829518066463291071e-01 6.371758527428046825e+00 -4.736518805354549499e+00 -3.835492374072198452e+00 -3.386293356490670980e+00 1.632270049482909879e+00 -1.963115004663006369e+00
1.000000000000000000e+00 -1.035189828465793660e+00 2.081320348172994716e+00 -5.809112990169269963e+00 5.549168904963375226e-01 5.297203447932121279e+00 1.864218101657512339e+00 1.277643870701623996e+00 3.005497551756346031e+00 -3.556495162345159056e+00 2.334797476328775989e-02
0.000000000000000000e+00 -1.190667661138784528e+00 4.884255014354312863e-01 2.500275665617034959e-01 -1.107441747701604751e+00 4.259733432699903233e+00 -4.421347961097648493e+00 -3.496850584103019521e+00 -3.135013929264880872e+00 1.617553135311562418e-01 2.192504716981524826e-01
1.000000000000000000e+00 -6.312700631747618640e-01 5.204421753130343831e-01 -3.090052703362947906e+00 9.633593955369312845e-02 4.874135396485615779e+00 3.108969592558626704e+00 1.822190038018205449e+00 3.419782007287777592e+00 -5.272148983365554820e+00 -1.934184062670903259e+00
1.000000000000000000e+00 -5.235440853046473553e-01 1.147049910191563216e+00 -4.055208168833015492e+00 -3.336339213453758390e-01 3.787881258268393392e+00 3.010040950833336559e+00 3.837305730284729766e+00 2.364355035516570336e+00 -2.760067030895666740e+00 -1.963109520696337262e-01
1.000000000000000000e+00 -1.407879603941840418e+00 1.513613760397561236e+00 -3.911468062165998738e+00 7.522509678772693054e-02 4.990814828923034518e+00 3.487668799893159921e+00 1.330482526557792422e-01 3.026996570086632143e+00 -4.554966851788640803e+00 4.206470834046658336e-01
1.000000000000000000e+00 -5.299291370084631136e-01 2.949910941956633614e+00 -5.316565211668591751e+00 7.620429249846251141e-01 6.056229490551498174e+00 2.813190605874083872e+00 1.595766648452265679e+00 3.119182438800383483e+00 -3.635439753133615337e+00 -8.854545404177167622e-01
0.000000000000000000e+00 1.306962216303791502e+00 -1.968768342720836007e+00 2.472383764136776019e-01 -6.135078680622593206e-01 4.765640709123622365e+00 -4.015156378345745125e+00 -4.038863750180555989e+00 -2.820214893006102841e+00 2.706607505711572159e+00 -1.303227998549455924e+00
1.000000000000000000e+00 -1.134409392123221005e+00 1.616646679008232335e+00 -5.683107365975766712e+00 1.700208660797721372e+00 3.171461417404715988e+00 1.743044610014519158e+00 4.290062680746883572e+00 3.128960317820347115e+00 -4.309702752624036570e+00 -1.245322305766146442e+00
1.000000000000000000e+00 -9.900593415382651363e-01 1.354249881518251319e+00 -4.612264130772659065e+00 2.410396159999820487e+00 5.512894135938612550e+00 2.383180286729369879e+00 2.548507052891844538e+00 4.273451506426337865e+00 -4.453487481668007675e+00 -1.474805282061652845e+00
0.000000000000000000e+00 1.728729547143815326e+00 -1.144784342624606044e+00 2.455427232616332056e-01 -1.046515802593746880e+00 5.606335610016561333e+00 -3.482112717894170650e+00 -1.481922737933293321e+00 -2.026893253589983512e+00 2.941330182809237748e+00 -1.100513878620360764e+00
1.000000000000000000e+00 2.098692877504599874e-01 1.399562888336643107e+00 -4.283117866795839390e+00 1.766256694315952780e+00 4.824440672549357600e+00 1.881782796305209837e+00 2.042857983700065994e+00 4.285171464746109216e+00 -4.611630549126175538e+00 -5.900707089881633838e-01
0.000000000000000000e+00 -4.044463118033507776e-01 -2.150144625034249302e+00 -9.699087909247021411e-02 5.175036880156305141e-01 3.089722372052726485e+00 -2.611197273542500419e+00 -4.504525690081260691e+00 -1.908544506172981770e+00 2.089558290415084230e+00 -6.827810713695181555e-01
0.000000000000000000e+00 -1.967728667484904825e-01 -6.492919416315743320e-01 2.189344350218346835e-01 -9.318564945296328172e-01 4.784775010964212427e+00 -6.374016087348666204e+00 -2.480404200263050640e+00 -2.322196373144602255e+00 2.390290654652956537e+00 -1.225372954647833357e+00
0.000000000000000000e+00 -2.395439713868723342e-01 -2.237620716449398195e+00 1.414976720069986316e+00 -1.126363262074961513e+00 4.349523672983269584e+00 -3.751962381740321373e+00 -1.753823134263205352e+00 -2.895424257198945917e+00 1.178636577720868939e+00 -1.858746469562025716e+00
0.000000000000000000e+00 1.173829501718360424e+00 -2.500905965046718915e+00 2.866994608128651922e+00 2.015229721362539195e+00 5.118173512997294949e+00 -2.795254131073993342e+00 -3.408653795963417998e+00 -1.855708860412141004e+00 1.811002437230412543e+00 -6.739851514662799081e-01
0.000000000000000000e+00 -1.316634245585603935e-01 -2.309167074614566939e+00 1.167804127220512855e+00 4.120530248117739575e-02 5.278771433010390091e+00 -4.015681106629171992e+00 -2.792230962872699784e+00 -2.021486059994139328e+00 3.526514045042214551e+00 -1.398653539595926754e+00
0.000000000000000000e+00 3.781933644773723957e-01 -1.702103010982732201e+00 5.092848308626700682e-01 6.875399263839953035e-01 5.338571935778386290e+00 -3.004851473303196574e+00 -2.599304894594628657e+00 -8.399949852044288345e-01 1.813199203615239785e+00 -1.299253037229017638e+00
1.000000000000000000e+00 -9.811276144465010951e-01 1.978833824944229214e+00 -5.661856214419776379e+00 -3.023233774142231045e-02 4.985538929609623082e+00 3.785136236586365222e+00 1.725052258331509769e+00 3.328130014432947537e+00 -4.594909940873153964e+00 -6.544822815451436515e-01
0.000000000000000000e+00 4.956413281776380630e-01 -1.234559263768390647e+00 -4.366876356412598831e-02 3.569090766022959826e-01 4.737534031866527329e+00 -3.635286366793057056e+00 -4.059041823439347496e+00 -1.713137943857375056e+00 1.779914397392657222e+00 3.737648909683977116e-02
1.000000000000000000e+00 -1.812603885360446032e+00 7.375389071664069096e-01 -5.560234688049662033e+00 9.732825470888053498e-01 4.782747001126498532e+00 1.490808319118148262e+00 1.880846093297430022e+00 2.273558232217431474e+00 -4.151440384096918734e+00 -3.458171887652738974e-01
0.000000000000000000e+00 5.261450483200172945e-01 -2.700415764567742016e+00 -2.710323201787921965e-01 1.556435892172151947e+00 4.115367183361313685e+00 -3.203236888801983540e+00 -5.137582595333886282e+00 -2.951395893340732712e+00 1.099850278847953389e+00 -1.910350996909334187e+00
0.000000000000000000e+00 2.392346503211260522e+00 -2.289452044409295617e+00 4.830375094086560295e-01 -2.050023510893211665e+00 6.635498723356200834e+00 -3.453459336746330433e+00 -1.935788693610970723e+00 -2.950860265226178392e+00 2.287015484433077006e+00 -1.615812044974020312e+00
0.000000000000000000e+00 4.543940592636597775e-01 -3.676339647127748744e-01 5.051616141716515074e-01 4.850373846464194894e-01 5.124191915163414102e+00 -3.544773257682439116e+00 -2.567714869264217104e+00 -4.444800866980566312e+00 2.083566389963384946e+00 -6.272118385127488649e-01
0.000000000000000000e+00 1.396525825959826106e+00 -1.885057199924260463e+00 -4.687203811763414052e-01 1.141500248284498253e+00 5.190626667774984604e+00 -4.220577955209742882e+00 -4.775776736732018080e+00 -1.313218828959719087e+00 9.963787133570329857e-01 -6.443670423893727017e-01
0.000000000000000000e+00 -1.548835991897972164e-01 -1.260488673731509746e+00 8.209700159960142685e-01 1.772126659129678927e+00 5.797923693001520995e+00 -3.809448881004312781e+00 -2.215910413353724184e+00 -3.863289475902103476e+00 1.487876257662836377e+00 -1.345711339943682194e+00
0.000000000000000000e+00 8.520474817924484912e-01 -3.323999337989751446e+00 -1.104233790860225106e+00 -2.339193403860003961e+00 3.816818147216739288e+00 -2.649493941137802899e+00 -3.970593857606989907e+00 -2.416710233667573426e+00 1.064089342973982610e+00 1.140962603281558962e-01
1.000000000000000000e+00 -1.107439456215263407e+00 -4.222746015639735617e-01 -4.865340485444308527e+00 2.833081529115626385e-01 4.259011288989190014e+00 9.232744802705137310e-01 2.020608840586943789e+00 3.344221345716916538e+00 -3.142325608688580019e+00 -4.502050327772380012e-01
0.000000000000000000e+00 2.800211522914261009e-01 1.209376082233026839e-01 5.311235254611025303e-01 7.830719058778291553e-01 5.139783261021339200e+00 -3.553514465594398430e+00 -3.476615223985495273e+00 -4.889524214518266021e-01 1.965665494104980038e+00 -2.482010121462154828e+00
1.000000000000000000e+00 1.057201778026590766e-01 1.385183105573609907e+00 -5.450597908385563350e+00 -9.564337008993712974e-01 5.502072141734099198e+00 2.997663033268058275e+00 2.806225219120245029e+00 2.867956357790031330e+00 -5.351074837662030070e+00 8.863950562550559908e-02
1.000000000000000000e+00 -1.184184206181669419e+00 2.077320538460727395e+00 -4.342837896397528930e+00 3.182211129745549094e-01 5.686730873168293954e+00 2.524012753876406556e+00 1.516195855570642737e+00 4.792716800133492328e+00 -4.083583674789045936e+00 -1.354968943424641914e+00
0.000000000000000000e+00 7.661737782260447105e-01 -7.165998214188185056e-01 5.627228605896109070e-02 1.355737688908346339e+00 4.700809762842383499e+00 -3.434322946068689930e+00 -1.393671649236820631e+00 -2.641165182268994993e+00 2.467374026903881301e+00 -1.752299261115739082e+00
0.000000000000000000e+00 -4.846164236306964579e-01 -1.205167731785581786e+00 3.332366127475753226e-01 8.200488817318208890e-01 4.789971857118489496e+00 -3.718767041549162045e+00 -1.500141463479635506e+00 -1.958028376050704900e+00 1.246622388775150636e+00 -1.676399300963010486e+00
1.000000000000000000e+00 -5.280324140260526100e-01 2.506908654911288004e+00 -4.875191163979166298e+00 1.937010474197736198e-01 3.668923842259119716e+00 3.126354506880914652e+00 1.355914130534052742e+00 3.454174623367503916e+00 -5.060450179390644898e+00 -1.399225495371202888e+00
1.000000000000000000e+00 1.277466427181211728e+00 1.700973826474884376e+00 -2.508606343997067611e+00 8.357665563088545468e-01 3.529090091436389187e+00 1.947895191338242737e+00 2.064950609802094217e+00 3.118794687935933396e+00 -5.530834536976371396e+00 -2.256023047513525448e+00
0.000000000000000000e+00 1.294988902062593317e+00 -1.938242317725841435e+00 -1.917448980874282061e+00 -1.374651656836620495e+00 4.040593397156925448e+00 -3.621359782721830456e+00 -4.478603272275605285e+00 -3.892042407519463509e+00 -1.553661903135721278e-01 -2.467945793380001529e+00
1.000000000000000000e+00 5.198503750491951791e-01 2.534805051600948822e+00 -4.159349788618436961e+00 -6.628910128180083294e-01 4.876497845205155279e+00 4.572995318230786310e+00 2.435018527743376904e+00 2.727595960056512947e+00 -4.746468696711136026e+00 -1.679949215914830818e+00
0.000000000000000000e+00 -9.069407157064568459e-01 -1.832168797883370059e+00 5.868292590968826605e-01 -8.612094306968746116e-01 6.774285362352106432e+00 -3.863473978532921738e+00 -1.026064548843986124e+00 -1.806652748769022931e+00 2.112367863776398291e+00 -5.800810554445701150e-02
0.000000000000000000e+00 9.785830345118687879e-01 -1.334781022719970123e+00 2.191865819593213915e-01 -1.767023429012050117e-01 4.762360212724074948e+00 -4.688448432778143271e+00 -2.037205706056119503e+00 -1.520342561158991357e+00 2.815306787007830547e+00 -1.090344519833933656e+00
0.000000000000000000e+00 6.768978779639978072e-01 -1.543042962804574980e+00 7.413686758669435495e-01 5.888964860970253845e-01 5.476387207159726600e+00 -3.831562533324969433e+00 -2.348835389168138832e+00 -3.762000439332954471e+00 1.411765774418559882e+00 -2.124315716174113966e+00
0.000000000000000000e+00 4.822621861722946601e-01 -8.510327096913439249e-02 -8.128238166064846171e-01 5.271470841290855081e-01 4.266759362289780810e+00 -3.809231265813648015e+00 -2.595878101949366190e+00 -3.618101909917039727e+00 1.043365973109898981e+00 -2.292355095685918442e+00
0.000000000000000000e+00 1.190518865096971579e+00 -9.509610741937022382e-01 -4.061940575965984346e-01 1.425172138055308846e+00 4.279150389166566981e+00 -2.927020451065025064e+00 -2.098495407525239109e+00 -2.999006932991728380e+00 3.830596205043441671e+00 -1.200072658113780832e+00
0.000000000000000000e+00 1.777645044385725459e+00 -3.556243771166196499e-01 -1.759921358324926022e+00 2.164239596993346171e-01 4.137288843353837287e+00 -2.032508525192855409e+00 -3.540231523833384131e+00 -1.537922931148888450e+00 2.096678079570383879e+00 -7.572586430162624449e-01
1.000000000000000000e+00 -4.776277432181416094e-01 1.585510963190215339e+00 -3.490290787877773582e+00 3.820728585400989807e-01 5.301362982458594608e+00 1.923997255886767510e+00 3.741564231922424710e+00 2.740526191158027647e+00 -3.163412392246098825e+00 -1.029255605977357879e+00
1.000000000000000000e+00 -1.361747705240422768e+00 3.449448461395988375e+00 -4.242495978510917531e+00 9.226313260056459020e-01 2.455007537778690185e+00 2.203419305230193803e+00 3.720242225183693741e+00 2.677415241843759119e+00 -6.625575039594263416e+00 3.498661906137731092e-01
1.000000000000000000e+00 -1.255567953305076090e+00 7.735727415739319657e-01 -4.706921101530774365e+00 2.202511660107423719e+00 5.552604062300824594e+00 1.420594267804273336e+00 7.562962496103680099e-01 5.413810535818162961e+00 -4.663815529129079707e+00 2.829096809597988482e-01
1.000000000000000000e+00 -1.416647633213540036e+00 5.864058702239489662e-01 -4.370982442567681758e+00 1.258939660291334306e+00 4.459284650069831990e+00 3.958437619419409970e+00 2.412861648584932794e+00 2.001707442399707659e+00 -6.222884741410753762e+00 -7.290308840419679193e-01
1.000000000000000000e+00 -1.596056155239605978e+00 2.112711230192866552e+00 -3.129619337898764897e+00 -7.984880741712481189e-01 3.969323600830552579e+00 3.696147769759029700e+00 2.408715686706665693e+00 3.931079951164357489e+00 -4.588772239015812104e+00 2.532891394151625120e-01
0.000000000000000000e+00 -4.765331567245041366e-01 -1.375002125086481897e+00 6.199879632006227714e-01 -1.698598827031319036e+00 3.780023514436338772e+00 -2.188066407265488955e+00 -2.653874313627401005e+00 -2.311565920345783454e+00 2.228987430321998975e+00 -1.020218439262718046e+00
0.000000000000000000e+00 -1.235411947195290683e-01 -2.173657570083412427e+00 -1.253546566904125026e+00 2.762933590523416472e-01 5.224197847332512801e+00 -3.578095398388098314e+00 -3.244498995122418794e+00 -3.220268144431590596e+00 2.209196704417127677e+00 -2.132598433507466584e+00
1.000000000000000000e+00 -1.148169427744041293e+00 1.639066423563408481e+00 -4.149282356837029617e+00 7.064798761981162523e-01 4.807407689924722227e+00 4.060541809273688685e+00 4.001316931119532683e+00 2.166558333758683119e+00 -3.251775849090063453e+00 -1.602971363537935900e+00
0.000000000000000000e+00 -9.412110953393826307e-02 -6.307810956799377866e-01 -3.580442239683070405e-01 -1.192234040787206295e+00 4.101977875007041696e+00 -2.366545030195294608e+00 -5.673724889079549527e+00 -2.294712256515039517e+00 3.018069202175245547e+00 -1.871654812008016755e+00
1.000000000000000000e+00 -1.485312149560959805e+00 2.458163142379900634e+00 -5.075888779598783707e+00 1.126528140728486616e-01 4.930784535516392175e+00 3.684259569993550976e+00 2.174164509582142024e+00 2.122015099851542352e+00 -4.825500851194973073e+00 -2.749635895122054530e-01
1.000000000000000000e+00 -1.673431636316383031e+00 2.903197577435611798e+00 -5.352419851753187352e+00 -7.129444082965046281e-01 5.322490467661869395e+00 3.830982783194506247e+00 8.548493733895836666e-01 3.522771932279751272e+00 -5.685862788854329608e+00 -7.591077999420949851e-01
0.000000000000000000e+00 2.324657420303462452e+00 -1.853769581531539368e+00 -7.478127620115644358e-01 5.507206385819494177e-01 4.568667935868098162e+00 -2.932088872072001529e+00 -1.611297944860717424e+00 -1.803634720074175579e+00 2.304868151137386523e+00 -3.872605104736901893e+00
0.000000000000000000e+00 1.473715244633219790e+00 -2.147783905755875189e+00 9.839109780239214675e-01 -9.656685784009408913e-01 4.072685412157236229e+00 -2.213406066057173494e+00 -3.303629701182349443e+00 -1.471447755087939679e+00 2.187250438610219838e+00 -2.415062684312164087e+00
1.000000000000000000e+00 -2.567642111752502565e+00 2.845087055733179326e+00 -4.080718240142783060e+00 2.283529315954751837e+00 5.828560354027238155e+00 2.294591005938311667e+00 8.749213449957244926e-01 2.708040321979064302e+00 -3.820403975268500840e+00 6.724029645201172745e-01
1.000000000000000000e+00 -1.563387167325238858e+00 1.383104226733600006e+00 -4.923638817177110383e+00 1.722574680334549191e+00 4.234895082309945380e+00 2.466032650199518894e+00 4.293431456893441744e-01 2.999170746088184458e+00 -6.599450306321712034e+00 -1.986029164668100977e+00
1.000000000000000000e+00 -9.409676386353790223e-01 1.578242215701548323e+00 -4.666825186631810674e+00 7.080650090962070653e-01 6.458208543780009414e+00 1.292150928970044355e+00 2.356101459294059453e+00 3.790695659692617792e+00 -4.161529007584182871e+00 2.994120753479289077e-01
1.000000000000000000e+00 5.930646929920335708e-02 2.640225058545968118e+00 -2.960970475674778779e+00 -2.178049232769267984e-01 6.437876823046495112e+00 9.516166632967086869e-01 -1.080586974158125546e+00 4.816886010855720102e+00 -3.446426144425279503e+00 -6.381346371262877071e-01
1.000000000000000000e+00 -1.136297031149450687e+00 9.789021333245835343e-01 -4.116041681020164766e+00 3.353167072680152683e-01 4.455833683616417851e+00 3.536668451392097623e-01 -2.741018235608643216e-01 4.570717650036726809e+00 -4.681342594818327818e+00 -4.824555725264683681e-01
0.000000000000000000e+00 1.555491870562936585e+00 -2.388443038507154448e+00 -8.046177165146404242e-01 8.922701528113317071e-01 5.783888074047242256e+00 -3.217656653948337553e+00 -3.380232561773126587e+00 -1.767485166082960690e+00 8.261133942131512198e-01 -2.885392358969125937e+00
0.000000000000000000e+00 3.251825073806908772e+00 -2.761801007419143694e+00 -3.278010987554100947e-02 4.811917995430114448e-01 4.642976166104545221e+00 -3.153089565418776274e+00 -3.248585606059146258e+00 -1.963330912046353571e+00 1.031746969328025898e+00 -2.234921449587166098e+00
1.000000000000000000e+00 -2.153353386728685592e+00 1.300703336550394829e+00 -4.865746644642552354e+00 -8.510655148855634788e-01 4.853745703494748653e+00 2.939584037062592081e+00 1.340617050790677389e+00 2.086288640971725172e+00 -4.870825161942546444e+00 -1.054100883190998705e-01
1.000000000000000000e+00 -1.592061680257568668e+00 8.595892818568201532e-01 -5.575394248812891362e+00 1.684644671706417629e+00 4.528834542755643788e+00 2.342197220393848589e+00 1.412220980303918294e+00 3.217846975166251955e+00 -5.379673308875793758e+00 -1.488988827902391288e+00
1.000000000000000000e+00 -1.039101704902296808e+00 2.564799967393878166e+00 -5.629858201204985590e+00 5.193413226760174028e-01 5.153434094942296539e+00 5.386771993276493475e-01 2.707392549743944610e+00 3.993135216673729282e+00 -4.394456004079716926e+00 5.264165872747481600e-01
1.000000000000000000e+00 -1.190835785979388550e+00 1.360736704389235996e+00 -5.332107995782200405e+00 1.119705701566106271e+00 3.432568518694139481e+00 2.324121879689196479e+00 3.011732636794504536e+00 2.647494716994042818e+00 -4.648353052070083535e+00 -5.807611550943216905e-01
1.000000000000000000e+00 -1.399292053479261888e+00 1.907427704052441220e+00 -5.624632969777091596e+00 2.610981371679136909e-01 4.754184507413016902e+00 2.412790699605680711e+00 3.717634166693922548e+00 2.977043111261086672e+00 -5.382453850114417904e+00 -3.106382230911519660e-02
1.000000000000000000e+00 -6.294945213385984006e-01 1.187312154721889002e+00 -6.122656224664328128e+00 1.301278921021071233e-01 4.377162116550818993e+00 1.773694156439637792e+00 2.891108658604536252e+00 4.974946606448048314e+00 -3.975528359952616775e+00 -2.374758802230376276e+00
1.000000000000000000e+00 -1.557076439431251957e+00 1.681817250248732964e+00 -4.737212120423174078e+00 3.411797419684178267e-01 4.918780771764621029e+00 2.829428484311137471e+00 3.290323482783263032e+00 5.215482546447767653e+00 -4.633998757292308035e+00 -1.868175384264819439e+00
0.000000000000000000e+00 -8.322689905086158024e-01 -2.386292830789023434e+00 5.863003432193425457e-01 -8.399505387317781624e-01 3.657820268267821362e+00 -2.633232862774530947e+00 -2.915298826525366760e+00 -1.103793848282731416e+00 1.965998079962135714e+00 -3.667036486247180704e+00
1.000000000000000000e+00 -1.237710955239997190e+00 2.058107920262173707e+00 -4.901529389930768588e+00 1.357799099183649938e+00 5.564121158871595973e+00 3.527719002975523654e+00 2.578054737160885512e+00 3.777757331026116550e+00 -2.750969685028942457e+00 -8.947283317643907052e-01
0.000000000000000000e+00 1.399333341453423474e+00 -2.361068537533159706e+00 1.350543135920109772e-01 2.047025707006845108e-01 4.354459123795954234e+00 -2.764904962640986952e+00 -3.149021668415044051e+00 -2.041789920879760967e+00 3.775467450063818564e-01 -2.808728099048916960e+00
0.000000000000000000e+00 1.826352981130403119e+00 -1.090236548294787999e+00 -2.398119061268169649e-02 5.516559628661303893e-01 4.417579255393752291e+00 -4.323062181079700750e+00 -3.631532836966198996e+00 -2.853092953781770635e+00 2.787313593743305340e+00 -1.652385114426393686e+00
1.000000000000000000e+00 -1.040876696709675420e+00 3.893793701220920500e+00 -4.687240356647517814e+00 -2.184096042992267339e-01 5.178954487843473231e+00 1.561436266048896293e+00 2.991436426790771819e+00 3.779168184318465240e+00 -3.034929499079842330e+00 -1.517320782727279216e+00
1.000000000000000000e+00 -1.263737549868724441e+00 1.916975920703741121e+00 -3.661820115238103579e+00 1.307483748288651881e+00 5.105475131974345437e+00 1.289825267163190237e+00 1.195391335885830131e+00 3.984664463204703910e+00 -4.777749814128206651e+00 -1.808758355868146595e+00
1.000000000000000000e+00 -2.213616798569781885e+00 8.382147131065287304e-01 -4.300052926280514498e+00 -5.406799130574291290e-02 6.703973653376783304e+00 3.388411067273294108e+00 5.325630400831951050e-01 4.030561279342196990e+00 -5.504032639506520219e+00 -2.080072722722729139e+00
1.000000000000000000e+00 -1.729228169714330132e+00 7.761068668244861524e-01 -4.581982465040086439e+00 6.656464019380261554e-01 5.573459633792624324e+00 4.069159613156905664e+00 2.518342601916822687e+00 3.807450977431881878e+00 -3.727001664869753039e+00 -6.270755742336105998e-01
0.000000000000000000e+00 1.364841027003543372e+00 -2.548918537782906668e+00 9.503837791133631363e-01 3.098247114868182273e-01 5.630389843291957241e+00 -2.642370460273467003e+00 -4.789881447182985141e+00 -6.445567575704231889e-01 2.336299281628797075e+00 -1.125609175743022883e+00
0.000000000000000000e+00 1.856518018354032407e+00 -2.213855700629218326e+00 1.762822082042521110e+00 1.330920150944723712e+00 2.598529334097348098e+00 -9.775555071710790855e-01 -2.715473197803258021e+00 -2.990180736653006655e+00 4.895609866804426780e-01 -7.005327030465769989e-01
0.000000000000000000e+00 -6.168954753484821030e-01 -2.633336409734317485e+00 -5.139853049119572637e-01 -3.385296300026379157e-01 5.869378021428860670e+00 -2.095174186921395787e+00 -3.972652696363347058e+00 -4.284819898005168604e+00 2.916095520804826258e+00 -1.600027612990380099e+00
1.000000000000000000e+00 6.667790208912638406e-01 1.288575714778684489e+00 -3.212194549042966862e+00 -2.351417341739525657e-02 5.248059778308756584e+00 1.325369906757651428e+00 1.737365797249188715e+00 3.191426513247233920e+00 -4.998734827696962313e+00 2.567542299227453251e-01
1.000000000000000000e+00 -1.198532070564617413e-02 2.838603498032748362e+00 -4.146914157093096520e+00 1.054777705596972703e+00 4.284156798278768719e+00 2.656081571693190480e+00 1.794072339952883510e+00 3.184211558255321428e+00 -4.166802599400416973e+00 -1.886611404765552669e+00
0.000000000000000000e+00 1.652166871400636117e+00 -2.012731661871146382e+00 5.773545854567757596e-01 2.667229127712237302e-01 4.385531597207998900e+00 -3.143628695974324483e+00 -2.802105859740898097e+00 -2.093430786944537658e+00 1.514933419392347824e+00 -9.350588715743413104e-02
1.000000000000000000e+00 -3.790449764880479133e-01 2.360755933676560225e+00 -3.768727265112926883e+00 -1.713082609203434581e-01 7.163735856566916027e+00 1.314364025540615710e+00 7.756541255661055789e-01 1.664168102711961028e+00 -4.805924384981163477e+00 -1.501435751802679519e+00
0.000000000000000000e+00 8.544737290519931472e-01 -1.190381994511004127e+00 3.443014563609206879e-01 -1.190124816716255474e+00 4.329495442868913635e+00 -3.892568686529211952e+00 -3.142600193124663654e+00 -3.617417335132268263e+00 1.956980705554878019e+00 -1.764265795588641605e+00
1.000000000000000000e+00 -1.931102306090208609e+00 4.904398637917288806e-01 -3.676769748680664751e+00 1.855594472767701619e+00 4.035991728364480835e+00 2.475766111622396348e+00 2.585100178112816671e+00 4.171272055653640898e+00 -5.230787400412774346e+00 9.455191920215466617e-02
0.000000000000000000e+00 1.441389084935384979e-01 -1.975605361585170749e+00 -7.829881496386283946e-01 7.116753112158478167e-01 4.928983299590236733e+00 -2.166539245398337421e+00 -2.087357566452674895e+00 -2.633655310785115500e+00 2.181850986551234328e+00 1.079805054651498342e+00
0.000000000000000000e+00 -8.300181450498518299e-01 -1.555510160411847753e+00 -7.149677981808664207e-01 9.045198492145077596e-02 4.501459220413657647e+00 -2.954385233971854596e+00 -2.191572986088746067e+00 -2.675850916649618938e+00 1.935931049105505508e+00 -1.483321141629136974e+00
0.000000000000000000e+00 2.866410797300393831e-01 -4.107857042340981479e+00 3.076967706098070465e-01 7.957003808084526231e-01 4.805588492193679784e+00 -3.871979654270899296e+00 -4.336371433145438381e+00 -1.963499039504821519e+00 1.715301860111246413e+00 -1.844027992910632019e+00
1.000000000000000000e+00 1.304301296307676328e+00 1.560913967465372032e+00 -3.386095080088171727e+00 1.282647172191406337e+00 4.836433449640849425e+00 1.840150254577419986e+00 2.626232401304023689e+00 2.944348058292844073e+00 -5.455297638724061926e+00 5.831959328607838611e-01
0.000000000000000000e+00 4.398230868822329276e-01 -2.631838314802537937e+00 7.151259576502773108e-01 2.604188015493540398e-01 3.576330357337416999e+00 -3.226591604834898597e+00 -4.438422886862086081e+00 -2.018527700111609313e+00 1.707789227964359613e+00 -1.006506338003637202e+00
0.000000000000000000e+00 4.213349356428593984e-01 -3.395562433772722599e+00 3.518832905440812953e-01 -1.320422482707682921e+00 4.299492769968431993e+00 -3.976072500593266223e+00 -3.313058185597747229e+00 -1.747043111147454475e+00 3.294417474593020145e+00 -1.653002111434873855e+00
1.000000000000000000e+00 -2.965999934896253798e+00 -2.845118661096956991e-01 -2.938260258246475409e+00 1.330504628644276544e+00 3.320770385820924098e+00 2.882335267461765937e+00 1.859360806044762393e+00 3.598828271855081251e+00 -3.742201917587617110e+00 -1.296819661424237324e+00
0.000000000000000000e+00 2.192582994642484628e+00 3.401678355777586482e-01 -2.002191134123988137e-01 2.383289267610944062e+00 6.187637294798515875e+00 -3.951425973174564454e+00 -2.459500692737576877e+00 -1.915589745870628580e+00 2.029301219179739935e+00 -2.250265992742253029e+00
1.000000000000000000e+00 -1.287277998691539915e+00 8.119647356287225115e-01 -4.285823217499124205e+00 4.598072782782236523e-01 4.676654965176910039e+00 1.256349743055505508e+00 1.787562852680384173e+00 4.109518451588230370e+00 -6.420314354360870723e+00 -8.153227216993876869e-01
0.000000000000000000e+00 4.510044392299684679e-01 1.179464566130938863e-01 1.053339913378417814e+00 1.494507236165405262e+00 5.482990353270942308e+00 -3.520180146658316467e+00 -4.357851568945235954e+00 -3.294051055084120883e+00 1.539992116115245224e+00 -1.047223331410104041e+00
