1.000000000000000000e+00 3.628037699755695122e-01 1.197230435735898046e+00 7.958071026716464491e-01 -1.882050479250955144e-01 -1.423877230253238535e+00 -2.049735809937008213e+00 -1.072412064655583031e+00 -4.538168849881175859e+00 3.601828550954322417e-02 2.589914705399640749e+00
1.000000000000000000e+00 1.369702884393070086e+00 2.017506828510606809e+00 1.840297405658736896e+00 5.505867662877008684e-01 -2.259151912377467486e+00 -2.506181187778790953e+00 1.542464602600487122e+00 -4.071338997895451506e+00 6.384583818012025125e-01 3.507771378459318523e+00
0.000000000000000000e+00 -1.925417779393687523e+00 -3.595005156544611058e+00 -1.592323928529383759e+00 -3.262387796464038203e+00 -6.703701814318447916e-01 1.992859289237751241e+00 -2.039189701690607759e+00 -3.644200823231782849e+00 -2.686912479785235508e+00 1.680184936898004411e+00
1.000000000000000000e+00 2.358363297046013329e+00 2.934095154154760188e+00 2.139678085275860564e+00 1.847855083047808655e+00 -7.237924706445587608e-01 -2.039085449391836224e+00 1.209728111707034648e+00 -3.834725690602198700e+00 1.353379531935300140e+00 3.254638717541254778e+00
1.000000000000000000e+00 3.738905498225192581e+00 2.486494765173318466e+00 4.250209434384939478e-01 -8.452463734580677457e-01 2.796523459664506106e-01 -1.566422503144099476e+00 2.148207070313685740e+00 -3.052796719353157329e+00 1.123279034113930930e+00 4.021730598060262452e+00
0.000000000000000000e+00 -2.217713238849536417e+00 -3.265608110682669096e+00 -4.124191316452585632e+00 -2.321258320498261973e+00 -2.707833667130877142e+00 9.703594646338135066e-01 -9.978077927775643730e-01 -1.794024959160324784e+00 -4.229956247339616837e+00 4.054701772636404300e-02
0.000000000000000000e+00 -1.299821759226509110e+00 -3.384427656451193922e+00 -3.184462499872460661e+00 -2.914256432865204083e+00 -2.400268842284344117e+00 1.937132476033486039e+00 1.671043643476801677e-01 -4.291254120014906803e+00 -2.820181049838264897e+00 1.062042573601993389e-01
1.000000000000000000e+00 1.359490570625553563e+00 3.867984623343403427e+00 1.603540011782549346e+00 -2.952488389210099484e-01 -2.482138489413722837e+00 -1.581434882441878020e+00 1.188295287173466885e+00 -4.037082947304397429e+00 1.287862241694235133e+00 2.009641103788105010e+00
1.000000000000000000e+00 3.473713402006479267e+00 2.166875622825745307e+00 1.583006343918099912e+00 7.222627498014406733e-01 -1.106485419493219657e+00 -2.748631440153663341e+00 2.152091863856012477e+00 -6.798665488120544609e+00 3.016021164710846136e+00 2.437847429715349179e+00
0.000000000000000000e+00 -2.923493720984940758e+00 -1.819651067238468478e+00 -1.344892083060734489e+00 -3.030686055580071869e+00 -3.589631412291731660e+00 1.472707025821871074e+00 3.745739914437331564e-01 -2.509696285831378937e+00 -3.534918960885701011e+00 3.152537936154513609e+00
1.000000000000000000e+00 3.416879000944843980e+00 3.218956008583910400e+00 1.284036416650850443e+00 -8.848757770517943211e-01 -1.169745232265883894e+00 -1.473260470587271609e+00 5.023312991168342734e-01 -3.631266948265607031e+00 1.777038333015285243e+00 3.418467835635225160e+00
1.000000000000000000e+00 2.160895017488649650e+00 2.317337578108435547e+00 2.308262626878434531e-01 1.229352838268631398e-01 -2.046994996233383102e+00 -1.983746670181393723e+00 1.715561069409962114e+00 -5.047023692867267819e+00 2.750271382240083717e+00 2.277107834814227072e+00
0.000000000000000000e+00 -2.342468947374855226e+00 -2.350467596086386557e+00 -2.754725392032508324e+00 -2.778119865985571479e+00 -2.833676274438289511e+00 8.519141691059084476e-01 -1.775770476868214320e+00 -1.124181103999075004e+00 -4.932851633898026833e+00 3.433104078718611341e+00
0.000000000000000000e+00 -1.241641705295362108e-01 -2.640971286396450957e+00 -2.103991498742724175e+00 -2.848793951262526658e+00 -3.174389553493199845e+00 1.359175696290879420e+00 9.030526669657290562e-02 -1.964200957151796212e+00 -4.083453668495494071e+00 1.156342594696641690e+00
1.000000000000000000e+00 6.825170217958451691e-01 3.605683305775196246e+00 1.222453907911503324e+00 2.350414881972203163e-01 -1.388726263767503299e+00 -2.464782872975648687e+00 3.601324798128493487e-01 -3.732419201941654663e+00 1.179247507977293719e+00 3.789687218679036018e+00
0.000000000000000000e+00 -4.124628741333449256e-01 -3.710750448679162705e+00 -1.918141547838343453e+00 -3.983309691483185588e-01 -3.422517695500275625e+00 2.800881661720200810e+00 -1.026614047569232469e+00 -1.191472155421741341e+00 -4.037423671080442311e+00 -1.764774095698529166e-02
1.000000000000000000e+00 1.591844685829219230e+00 3.475212047594561593e+00 3.741629048375385125e+00 -2.250148239452027799e-01 1.047359319335288141e-01 -3.783002208064950356e+00 1.929910386707615499e+00 -4.911173128045685843e+00 4.501072251519833145e-01 2.098607018637173915e+00
0.000000000000000000e+00 -2.526570326994797000e+00 -2.726599265385528437e+00 -2.620486965435823823e+00 -2.399302551421483187e+00 -3.241923609223950287e+00 1.891484127840405316e+00 -1.316332286238407923e+00 -2.277169277305497896e+00 -3.619970250615611285e+00 1.734928857003313674e+00
1.000000000000000000e+00 2.840526434108304077e+00 4.294086999088389867e+00 1.368129173281588340e+00 -1.265324798296946218e+00 7.481988383804301090e-01 -2.967497510503278590e+00 1.779352667823834944e+00 -4.844082905492169466e+00 1.429894647215153025e+00 4.585658348875264245e+00
1.000000000000000000e+00 1.905969214085130536e+00 3.357230332954088681e+00 -5.068464427207786116e-01 1.462361553827126626e+00 -6.676876495545305268e-01 -2.613463415943360513e+00 3.536320471133910459e+00 -5.173867438187240708e+00 4.974095945387716489e-01 3.581115046299786275e+00
0.000000000000000000e+00 -1.168158687298868070e-01 -2.380035320913224783e+00 -3.198809915486914512e+00 -3.294816665246664833e+00 -2.609471878720224236e+00 3.887927418420918713e+00 2.275009479753751229e-01 -4.338077977551527908e+00 -3.566941196529264335e+00 -3.701354492183894784e-02
1.000000000000000000e+00 2.253791655636507407e+00 3.227578509635444792e+00 1.161205445086263666e+00 8.039510525017469211e-01 -1.168550521290964594e+00 -4.354081226199488341e+00 2.042524690723440450e+00 -4.494518939862173212e+00 1.469802503803077975e+00 2.852828738730869507e+00
1.000000000000000000e+00 3.218224191970759485e+00 1.960639058311901772e+00 7.267720709259258838e-01 -5.501100947531052388e-01 -1.563891194256409323e+00 -4.380326878192809303e+00 2.165123490871545542e-02 -4.851792798416308727e+00 2.314213460253528254e+00 3.070590894881078725e+00
1.000000000000000000e+00 2.451857387962614432e+00 3.338385415613656537e+00 1.666891462920710776e+00 4.532454609771138787e-01 -1.451059224231165956e-02 -1.582629955365148611e+00 1.421821758134858227e+00 -4.017693603630637433e+00 1.525088384979371936e+00 1.756682774309480610e+00
0.000000000000000000e+00 -5.492860533541226165e-01 -2.701240183238272863e+00 -2.926291640629750557e+00 -2.567226241938003639e+00 -3.962288790073801525e+00 7.859616101226540863e-03 -2.037300117521905207e+00 -2.857205816930211029e+00 -3.977055289644969349e+00 1.425411128476788303e+00
0.000000000000000000e+00 -2.624956395558639244e+00 -1.895344510764530810e+00 -2.242219038982969703e+00 -1.984626581099529163e+00 -2.861803584234126507e+00 7.488645917794622964e-01 -9.151842742854272572e-01 -8.327194701293954004e-01 -1.989206329750615065e+00 4.404824687245137982e-01
1.000000000000000000e+00 1.341686429314677742e+00 2.911564434072487106e+00 9.133074312398840044e-01 -4.506051808265958414e-01 -1.213733941564774099e-01 -1.829863691980351259e+00 2.041865869596235061e+00 -5.444803552397908142e+00 1.448449895238733021e+00 3.588020439439458809e+00
1.000000000000000000e+00 4.196755148770908050e+00 3.049738444387712910e+00 1.723670532707670899e+00 -1.786509045306862165e-01 -2.343341966168544843e+00 -2.120310494491428166e+00 1.387150173265189412e+00 -5.289552621276968125e+00 1.615391706171686037e+00 3.835805129812972059e+00
1.000000000000000000e+00 1.295652884917066761e+00 2.743013377092693883e+00 1.594595358025562737e+00 3.965614882862438240e-01 -1.033830272856715027e-01 -6.147104692837934703e-01 1.414084523964451723e+00 -4.298543930045338080e+00 9.878097383867734393e-01 5.074878731989043601e+00
0.000000000000000000e+00 -2.256836632397313913e+00 -3.068729339416938373e+00 -2.703228007135807687e+00 -3.745723414742713864e+00 -2.743523635049188947e+00 2.121728016000484551e+00 -1.156078610382080152e+00 -8.118332215304668864e-03 -2.347955924851962806e+00 -7.741195771311337737e-01
0.000000000000000000e+00 -1.900308697955523485e+00 -2.481409195466329543e+00 -4.452628944322581717e+00 -2.110778921380099149e+00 -1.914600446271078837e+00 2.394711803699002495e+00 -2.665349317705058230e+00 -1.338076007340402995e+00 -2.324297594334820083e+00 1.766226693823858218e+00
1.000000000000000000e+00 3.361313881776647694e+00 3.251765528137202210e+00 1.648781855504132698e+00 1.882558484728690917e+00 -8.849622833978846304e-01 -1.727303149730555099e+00 2.726369019213372269e+00 -4.365672452331808451e+00 9.077777572177881948e-01 3.258899312814549365e+00
1.000000000000000000e+00 2.660414236322461434e+00 2.166677018780201358e+00 1.128868015960682314e+00 1.024844877755613837e+00 -1.362030412443525185e+00 -3.186599290295627274e+00 1.626038027156540444e+00 -5.037925519016861031e+00 1.853451517806885107e+00 2.707719672980689829e+00
0.000000000000000000e+00 -2.435718181825222928e+00 -2.062205917709549308e+00 -2.607075747205533034e+00 -2.598467609772159737e+00 -3.458229109575085225e+00 2.775100745552987469e+00 -1.592953754618856355e+00 -2.166119635137669253e+00 -3.615227856512114091e+00 1.127654990491977927e+00
1.000000000000000000e+00 1.529060392738256002e+00 2.075407209872782488e+00 9.649495233909272107e-01 5.424080056077569267e-01 -1.118301836744133082e+00 -1.738374871079758410e+00 7.348129438594197538e-02 -2.146663619698054859e+00 1.275022966038627859e+00 4.617189455411887522e+00
0.000000000000000000e+00 -6.083788898794288968e-01 -2.824579208915842798e+00 -2.181598053281148974e+00 -3.876794559725320166e+00 -2.097087719332350275e+00 2.231371586963410980e-01 -9.141713685180397064e-01 -2.240719953851779689e+00 -2.018613123153251809e+00 1.141685445114673847e+00
1.000000000000000000e+00 -2.530082558565305284e-01 3.126715662414536023e+00 6.213331423892827221e-01 1.138260966043971090e+00 -2.157661374504175278e+00 -3.398549354565045366e+00 1.078671829277647154e+00 -5.321421812889920666e+00 2.253794615124820488e+00 4.783257837050991057e+00
1.000000000000000000e+00 2.454944657316060042e+00 4.570171846353432876e+00 6.087252758846392053e-01 1.279642506389570222e+00 -2.435271110702699193e-01 -2.781846136937216940e+00 1.050322300472144921e+00 -6.483988211925543865e+00 2.847184544498808201e+00 2.754448393299142595e+00
0.000000000000000000e+00 -1.490249836729924837e+00 -2.693688186676820973e+00 -1.877291696288151179e+00 -1.912392241764306444e+00 -2.323201666006923460e+00 1.604527304584192127e+00 -6.426895315480708470e-01 -2.739108727194354387e+00 -3.549122304026895325e+00 2.061725785960887958e+00
1.000000000000000000e+00 2.139837547166052900e+00 3.310291536486123842e+00 -1.119406737689175202e+00 -5.780746124800932861e-01 -2.491696877412447719e+00 -3.721290470486117385e+00 4.819660467992257225e-01 -5.507164751351055543e+00 2.588715405441909034e+00 5.067379613673431926e+00
1.000000000000000000e+00 4.153197004420193572e+00 1.967372697543187998e+00 6.007428386557902567e-01 1.860953702855197012e-01 -3.930561783229202799e-01 -2.759144707797882567e+00 2.044863189589342767e+00 -4.496152829821483898e+00 1.615292568083973146e+00 3.031844571814245271e+00
0.000000000000000000e+00 -1.464698575439321804e+00 -2.254794107815063509e+00 -3.423886134495109701e+00 -4.268024294117558348e+00 -1.471215507174049142e+00 1.813650274295580012e+00 -1.206878960164790682e+00 -8.934301691947870161e-01 -2.708452220995265058e+00 1.281968851169639212e+00
0.000000000000000000e+00 -1.095709846459800296e-01 -4.060013932256532065e+00 -3.190381499737509952e+00 -1.614103009569061165e+00 -1.111225188384279416e+00 8.577049028038596923e-01 -2.621651918542666770e-01 -8.799981266446224026e-01 -5.142349539951203141e+00 -1.025522845052779797e-01
1.000000000000000000e+00 3.098713622431544579e+00 4.163962246341150752e+00 -2.752964722249662266e-02 2.273150566276220808e+00 -4.181667434440140552e-01 -3.023943831701811025e+00 2.998979801980603987e+00 -4.893926497358138228e+00 8.146159439088211940e-01 3.226017645985451487e+00
0.000000000000000000e+00 -2.871674447218921955e+00 -3.957061330572115843e+00 -7.608051831491775552e-01 -2.747676942132785349e+00 -3.047920174432522611e+00 1.365781292121853729e+00 -8.894942259418385788e-01 -2.427822278063364259e+00 -3.239718497966326716e+00 -3.418088671405083989e-01
1.000000000000000000e+00 2.501852117591097713e+00 3.181429239636961892e+00 1.013877845496175212e+00 1.709984524869307077e+00 -2.384670713903096484e+00 -3.151722849161352258e+00 2.018453232564674238e+00 -4.745872893185103969e+00 3.212430941702455023e+00 4.309535307068609100e+00
0.000000000000000000e+00 -1.536741979335191299e+00 -3.736182137194356212e+00 -2.376659234952860800e+00 -2.514321128569368291e+00 -1.638739710540460859e+00 2.999878035037370161e+00 -6.223002991451146437e-01 -1.066267434191676244e+00 -3.677616930387415106e+00 1.919022682147451864e+00
1.000000000000000000e+00 3.152763206206669278e+00 2.002833655079073516e+00 1.491064085541965900e+00 5.836646853532189150e-01 4.474636451773141843e-01 -2.762486997281488499e+00 2.864673095403460934e+00 -3.277903654690709434e+00 1.522344077937481499e+00 3.778032877409404744e+00
0.000000000000000000e+00 -2.484658702157901189e+00 -5.385503192196256173e+00 -2.585241211728281030e+00 -2.589249462881606956e+00 -5.313830916964611184e+00 1.192584095350770257e+00 -2.350347388124498060e+00 -1.444051176675555048e+00 -2.499560368600442395e+00 2.755056044792304704e+00
0.000000000000000000e+00 -2.381621504482369200e+00 -1.962847546978159219e+00 -1.000383835121277931e+00 -3.462366571866188458e+00 -1.748552528705829889e+00 2.386196716603809165e+00 -1.813726002451345298e+00 -1.547515268941324074e+00 -5.288284080598435466e+00 1.666736379694017112e+00
1.000000000000000000e+00 2.199096431872848090e+00 1.801167053278384111e+00 1.927452825381918533e+00 -9.591965343816455380e-02 -7.007441011509518702e-01 -2.268171282983395542e+00 8.836785092677865716e-01 -5.300154678629227512e+00 1.762486146842740631e+00 3.469697912808087814e+00
0.000000000000000000e+00 -2.085651927789625049e+00 -2.657311251669596253e+00 -2.550263458178832821e+00 -2.271593712615087135e+00 -1.380191024967297508e+00 3.908020861678124014e+00 -1.942741928408805663e+00 -6.719532103437440007e-01 -3.514237978311552268e+00 2.607560182097643509e-01
0.000000000000000000e+00 -1.310136961723453508e+00 -1.856684746323705060e+00 -1.923356693183715382e+00 -3.024467620189045025e+00 -2.333436332793699997e+00 2.263647387165137914e+00 -1.050775606092684944e+00 -2.895410621052548095e+00 -4.655621216552096264e+00 1.880660030041195085e+00
0.000000000000000000e+00 -2.791222017573665504e+00 -2.246195889606406926e+00 -3.663212700918131670e+00 -2.591784128067603277e+00 -3.155977862971310888e+00 2.271750896250836149e+00 -2.280054688131525786e+00 -1.110645531705460431e+00 -3.502027244444298582e+00 1.810590044580923097e+00
1.000000000000000000e+00 1.749069109444371328e+00 4.099253939156205284e+00 2.299428654343072864e+00 -1.465467114309343177e+00 -1.266562695311157949e+00 -9.325479491871149218e-01 1.329348261726452929e+00 -6.524111316072414901e+00 5.084922419022199769e-01 4.361685192794887200e+00
1.000000000000000000e+00 1.358642668607037418e+00 3.509980240081600478e+00 1.057584130469843897e+00 7.319109407543112900e-01 -9.769940211285110809e-01 -2.980287949797522984e+00 1.257567680748128414e+00 -4.956321382010004051e+00 7.511536083676020326e-01 4.113375061601671767e+00
0.000000000000000000e+00 -1.337583320568239476e+00 -3.072510345522069031e+00 -2.644305597277147424e+00 -3.753804385306726221e+00 -2.825794761224397877e+00 2.321085058535433898e+00 -1.294874960952353771e+00 -3.802556007115042824e+00 -3.644594071299049443e+00 1.140382086047019294e+00
1.000000000000000000e+00 1.952494639136440169e+00 3.314768614945549974e+00 1.037620286646345535e+00 1.707901382752517350e+00 -3.241738106878603531e+00 -3.203043737442881955e+00 3.667510046305453297e-01 -4.837550903378476264e+00 1.779409742676632655e+00 5.559920087395370913e+00
0.000000000000000000e+00 -1.755973604467290228e+00 -3.054789474986249864e+00 -2.934207564544661917e+00 -1.353240625009384246e+00 -2.302058710078249248e+00 2.867353604766754493e+00 -3.906790323642524987e-01 -2.059515763125832066e+00 -3.355543460663902522e+00 1.931399754571569538e+00
0.000000000000000000e+00 -8.547573247636079952e-01 -2.549670157376351387e+00 -1.798662215729367908e+00 -1.383073084110225226e+00 -2.516302462887296532e+00 2.321529132174021903e+00 -1.399773395994744263e+00 -1.988595791829668169e+00 -4.049379622333474593e+00 8.364558409829312424e-01
1.000000000000000000e+00 2.142714654796853857e+00 2.571823399738061955e+00 2.417537569312120382e-01 2.328099304434675609e+00 -1.070127690582071578e+00 -8.455526366206003175e-01 9.705097335168119121e-01 -5.135831981635885946e+00 1.078746099519050539e+00 5.861640901329702835e+00
1.000000000000000000e+00 1.043284394364246914e+00 2.102155445443672832e+00 1.597685832931466932e+00 -4.415214828983982098e-01 -1.317062138362368184e-01 -2.663830126571890222e+00 1.884298001360265262e+00 -4.551385663634190060e+00 2.159488647260952021e+00 4.119660322410520159e+00
0.000000000000000000e+00 -2.743709758470683990e+00 -2.021221328704350118e+00 -1.949411921748144927e+00 -1.794996987005163636e+00 -3.249613605853861831e+00 1.691515551200209799e+00 1.272663209342135282e-01 -2.230943594712450295e+00 -2.834877200633811434e+00 1.467926699413374836e+00
0.000000000000000000e+00 -1.722840989787626453e+00 -3.625356843149660335e+00 -3.171914483025824349e+00 -2.001872372845568737e+00 -2.435886969073143060e+00 1.937645591640283937e+00 -1.367718922598388565e+00 -2.532995248773902031e+00 -3.951962780580386969e+00 2.654480137735180101e+00
0.000000000000000000e+00 -2.016884136242322434e+00 -1.934680940597314436e+00 -2.312293841138355788e+00 -2.159427299226836183e+00 -2.998643059592172477e+00 3.338734530497243558e+00 -1.814639071280096383e-01 -3.022928454540457111e+00 -2.634456335762228374e+00 1.814326278150913296e+00
1.000000000000000000e+00 3.390981839495343042e+00 3.323549419445420039e+00 2.346858722675367659e+00 2.180842144892040313e+00 -2.472038137903000976e-01 -3.440405779727766067e+00 1.740529303476527234e+00 -4.204044707069000353e+00 7.312687638129388157e-01 3.704483596465430129e+00
0.000000000000000000e+00 6.721602987277353058e-02 -2.533855942653550741e+00 -2.014271592810359390e+00 -3.804542991080013259e+00 -2.944530271233643859e+00 1.944015994113613477e+00 1.210198406568435914e+00 -1.297474527998105920e+00 -4.762716272241259929e+00 2.838605099130709242e+00
1.000000000000000000e+00 3.353755697374079414e+00 1.906716219058525619e+00 2.128627797523307663e+00 9.502711123513802871e-01 -2.686739182333002240e-01 -2.031000559289046770e+00 2.328032828348722383e+00 -4.906458185461477051e+00 1.691109939023524911e+00 4.248997623140429170e+00
0.000000000000000000e+00 -6.778370849856301117e-01 -1.932147827229188319e+00 -1.892336692372227791e+00 -1.295627401242895438e+00 -2.330386076936501460e+00 5.696628700329344763e-01 -5.828162042132348786e-01 -9.467284756254601419e-01 -3.269422779377455068e+00 -1.528070588907686655e+00
1.000000000000000000e+00 1.429152742795833264e+00 2.534126206407515625e+00 2.176916852204470398e+00 6.733683713586993136e-01 -3.140694013326848832e+00 -3.694327080085970660e+00 1.509474804357898270e+00 -4.385001610492183843e+00 7.272830555412690412e-01 4.288984269303097285e+00
1.000000000000000000e+00 4.730223115517172339e+00 2.188592024040805217e+00 1.075139964909544776e+00 -4.674557419320539697e-01 -2.514313253162014483e+00 -3.721532521529256066e-01 3.003529645736979781e+00 -6.390536047496771843e+00 2.713853628381337035e+00 4.448438132246312016e+00
1.000000000000000000e+00 1.480935555286339023e+00 2.470377641060705898e+00 1.914390440758193757e+00 9.952823264965029448e-01 -7.982518295711529266e-01 -1.041976735413675303e+00 2.976104026798711111e+00 -4.540743947347417375e+00 -1.060575093306161953e-01 4.093136775749699474e+00
1.000000000000000000e+00 2.045672512160455980e+00 1.558313064662425917e+00 8.841285010262691646e-01 -1.499932747873621297e-01 -2.188196941546187269e+00 -2.586651964702114892e+00 3.589658753080171572e+00 -4.797479447333340197e+00 1.017961973860557201e+00 7.393850435857802772e-01
1.000000000000000000e+00 3.009823264472677451e+00 2.863180095059264296e+00 1.823087901387168586e+00 1.285793070573744146e+00 -6.875989316383249728e-01 -3.558012830153661987e+00 3.468875063266334546e+00 -4.678448234520950599e+00 9.129433178168747665e-01 4.675334271486592641e+00
0.000000000000000000e+00 -1.196402348940186933e+00 -2.064618589372305468e+00 -3.742354531652359206e+00 -4.958051180859285090e+00 -3.080089511660067281e+00 3.446491484394405447e+00 -1.971976431145321396e+00 -1.098894765844208976e+00 -3.873320511126768562e+00 1.252842093125266398e+00
1.000000000000000000e+00 2.406579007019230332e+00 2.591134240651562948e+00 2.400503122069712614e+00 4.829749113858299303e-01 -9.948974134843782124e-01 -6.582705991631918607e-01 1.074763960254502937e+00 -4.324457184603366144e+00 1.313000987641181672e+00 4.426703977209950125e+00
0.000000000000000000e+00 -1.413831517663334036e+00 -3.095593413355089751e+00 -2.306476389046578923e+00 -1.828451770023845846e+00 -1.409323953484745928e+00 2.441764269392686426e+00 -1.909781845557393165e+00 -1.537887042285253525e+00 -5.152482326774151744e+00 1.846818973155457400e+00
1.000000000000000000e+00 1.955901895072666985e+00 4.326848025991949953e+00 1.260767212323353759e+00 2.438745699744599538e+00 3.085342099585108855e-02 -8.454807016093290883e-01 2.856038101603010304e+00 -5.654709776302690116e+00 2.163191534050792342e+00 2.384139944928247434e+00
1.000000000000000000e+00 1.867632280891373675e+00 1.987715915936798972e+00 9.580705925457206895e-01 3.146230810988134285e-01 -5.678152571408762173e-01 -1.086607947244015770e+00 1.728513509399597581e+00 -4.577784736508988317e+00 9.059661488936011642e-01 3.885092284360620152e+00
0.000000000000000000e+00 -4.804263105788075805e-01 -6.703321917791491558e-01 -4.167381867538229478e+00 -2.040067479964655650e+00 -1.772123211866417192e+00 1.626732486864850280e+00 -1.847403663842626997e+00 -2.967000005153888953e+00 -4.322268808726367872e+00 -7.923980887692572139e-02
0.000000000000000000e+00 -8.240626597000888509e-02 -4.307394285547335500e+00 -2.894442256190993046e+00 -3.308177320875498317e+00 -1.993627813780803670e+00 1.865624125736040639e+00 -6.043556973443994229e-01 -6.290623494299585339e-01 -3.627451693345151718e+00 1.072286245357709999e+00
0.000000000000000000e+00 -7.243812920333910776e-01 -2.808345018898718681e+00 -2.485982376544225048e+00 -1.769833691210441984e+00 -1.970088735975793481e+00 1.350185607542340849e+00 -1.337477873937248596e+00 -1.408675028235368387e+00 -3.738720059187816247e+00 2.298761088955333154e+00
1.000000000000000000e+00 2.354876925537394250e+00 1.741326963514399528e+00 -2.888876053025206669e-01 2.019003146399713344e+00 -1.673967851048296929e+00 -1.376461394174089747e+00 2.625361820805585111e-01 -4.754505814512419271e+00 3.083569920626729743e-01 4.656423238324411962e+00
1.000000000000000000e+00 2.419794849170911810e+00 2.857770514220160152e+00 8.480569706591529755e-01 1.397133306313736556e+00 -1.362688513746855401e+00 -1.488174129949200619e+00 -3.833588808598111797e-01 -5.150911815853485898e+00 1.474058418689960126e+00 4.152117977347469235e+00
0.000000000000000000e+00 -5.892136121165090223e-01 -4.736752198243061152e+00 -2.328759461273374853e+00 -3.124892327873204145e+00 -2.254495491986199696e+00 8.903793029876214682e-01 -5.446079664043423918e-03 -2.097759964291192603e+00 -4.360524347341048212e+00 6.137787573380103501e-01
1.000000000000000000e+00 2.235911333543217250e+00 3.356291012881700286e+00 6.554172539668423614e-01 -1.865052220261498306e-02 -4.075954123482826708e-01 -2.937800643509622223e+00 1.353919065253176957e+00 -4.600361833467224493e+00 1.727554113032185867e+00 3.704716360303945244e+00
0.000000000000000000e+00 -1.832357190988570972e+00 -2.649151856606226207e+00 -1.487280125991550239e+00 -1.940149705561839522e+00 -3.190073702959604685e+00 2.543182458254887202e+00 -6.676209699510332607e-01 -1.281017117192127852e+00 -5.308206324816224786e+00 6.482576544635725302e-01
0.000000000000000000e+00 -2.346742530422479600e+00 -2.963486902793214472e+00 -1.698006382515091506e+00 -1.036447681518211317e+00 -1.775926144588896083e+00 2.309999856492142012e+00 -9.909986040102808369e-01 -2.826893733305666068e+00 -2.277423400251283869e+00 2.381545450961858101e+00
0.000000000000000000e+00 -1.697186457039492335e-01 -3.938390284275556930e+00 -1.783750207359033890e+00 -3.583149578713973327e-01 -2.467349805165505838e+00 2.672004262806662922e+00 -8.532489124564676120e-01 -9.656208246769704129e-01 -4.357022530859227416e+00 1.082842571360242978e+00
0.000000000000000000e+00 -1.625442581163055733e+00 -1.860305493906454943e+00 -2.252703046725614833e+00 -2.116914431803362362e+00 -2.429674757643967009e+00 9.707336586629524700e-01 1.006858876706606676e-01 -1.409468749689725575e+00 -3.833991151799655217e+00 3.428343250089713745e-01
0.000000000000000000e+00 -2.863780513586798193e+00 -3.493628358483879204e+00 -2.995326989520113781e+00 -2.900421529801369136e+00 -1.580231165993224662e+00 2.452139085770245419e+00 -7.219459264356637984e-01 -2.585186313012006742e+00 -3.409801014089974824e+00 3.228815948843359429e+00
0.000000000000000000e+00 -9.437297217990736620e-02 -1.925215042444209157e+00 -2.290469585283484211e+00 -1.711618798001062425e+00 -3.081736895647727792e+00 2.495511190341896501e+00 -1.477426925910204192e+00 -1.725588978998847001e+00 -3.203486361974819729e+00 1.501720069018991355e+00
0.000000000000000000e+00 -8.605848757173814034e-01 -3.861423141471191478e+00 -3.851898615098196643e+00 -4.121602049173140436e+00 -1.892248681143411826e+00 3.419829961321362521e+00 2.421546408774599701e-02 -2.622960803385642858e+00 -3.157977617659086800e+00 1.590990142488917236e+00
0.000000000000000000e+00 -1.234154430360708599e+00 -2.366836636223597967e+00 -7.850909535824452945e-01 -1.595287073799922517e+00 -3.394726797158992948e+00 4.762475561985417549e-01 -7.330556912897411292e-01 -1.500280924378378788e+00 -2.852654046814221189e+00 8.842187632142644027e-01
1.000000000000000000e+00 2.457705748524888545e+00 4.460697253510625515e+00 7.162204888354811727e-01 -3.533419501116266126e-01 -5.223395068994277635e-01 -2.722831050166381495e+00 2.122486247741921961e+00 -4.801555896829914793e+00 1.414075942517557305e+00 3.849208519713477550e+00
0.000000000000000000e+00 -2.400797832401564857e+00 -2.211443115854225816e+00 -3.889645457107407278e+00 -1.728385703986216271e+00 -2.946136176704998277e+00 3.347297794886781475e+00 -2.842715868307947868e+00 -3.364520836040882479e+00 -4.705058364227206802e+00 1.066665760977196786e+00
1.000000000000000000e+00 2.821271118949328027e+00 3.433185167036174157e+00 1.649610533173458959e+00 1.581870704518573145e+00 -2.807263193600256557e+00 -1.450673872526279107e+00 3.348587673814176213e+00 -4.587094204734835756e+00 1.905483666369625961e+00 3.386136734477516175e+00
1.000000000000000000e+00 1.918121519316068113e+00 3.097782355444735902e+00 1.288892732713007305e+00 -1.173060620755092875e+00 -5.385513625292901452e-01 -2.289327916932241802e+00 1.393104964566511672e+00 -5.204868020392715344e+00 1.125561871426321581e-01 2.420358816755238340e+00
0.000000000000000000e+00 -1.770627702706933482e+00 -2.644289200265725892e+00 -3.007930999386040138e+00 -3.128448655879271900e+00 -2.295816657854729659e+00 2.793160310695495419e+00 -1.110702175850890372e+00 -3.060014650557911331e+00 -4.197613817677556369e+00 -8.843551488571086416e-01
0.000000000000000000e+00 -2.496718728702593371e+00 -1.972383562778111887e+00 -2.476410805392117886e+00 -1.384614610182376859e+00 -1.649293217665610545e+00 1.856432207573220916e+00 -1.378625388837721566e+00 -1.791026183703932517e+00 -5.313171070593977419e+00 6.774585246250069970e-01
