0.000000000000000000e+00 -1.316712245873666420e+00 2.246007477884943704e-01 6.317161792099803108e+00 3.427136100520889794e+00 -2.835747107627731634e+00 3.589523670702165603e+00 -3.162113697154814163e-02 5.145951142981237680e+00 1.235605774905257359e-02 4.025445702035860052e+00
1.000000000000000000e+00 -1.194245843739027535e+00 -1.442130315569863264e+00 -9.924497369179585693e-02 3.703618831517028642e+00 3.488634885094878513e+00 -3.502379236655284611e+00 2.200755245508633440e+00 2.815567398416011891e+00 1.738802132709904580e+00 -6.591375534136334480e-02
1.000000000000000000e+00 -1.373502850721097790e+00 -1.952557202530564862e+00 1.200098460261952438e-01 3.064994542480229178e+00 4.145926230061034445e+00 -3.968047112171552815e+00 5.264012998915663655e-01 1.854231881597735887e+00 3.103786110561559397e+00 -5.340796146749395845e-01
0.000000000000000000e+00 -2.178054226812170313e+00 4.172010539978708854e-01 5.654166382807829905e+00 4.089385920989885292e+00 -4.415458158211178485e+00 3.932627038566309352e+00 2.305860664499436719e-01 2.655446159384803551e+00 1.383777994765541530e-01 1.759125922029439293e+00
0.000000000000000000e+00 -2.701197911088525139e+00 -9.432484656569335435e-01 4.612857233563183001e+00 2.417865425136481061e+00 -3.377998136518506556e+00 3.178623294579365322e+00 -1.348559261732638292e+00 3.111937361805340529e+00 -1.088905867892996149e+00 3.628435416704221872e+00
0.000000000000000000e+00 -1.306385857977092613e+00 4.695356105370825928e-01 3.866856058509899441e+00 4.264859839306086364e+00 -2.987317499350759853e+00 3.190812958937523369e+00 -2.751902542088023318e-01 4.549144145174194520e+00 -1.555024577932570873e+00 3.415161010909369299e+00
1.000000000000000000e+00 -4.801590576029745594e-01 1.534639093091081374e-01 -1.450885376882276034e-01 4.100108627509688297e+00 3.132614735900335567e+00 -3.367211694518514875e+00 2.755982842723734283e+00 2.043476670787368832e+00 2.325890495179887996e+00 8.431564863248564023e-01
1.000000000000000000e+00 -3.670825067434708155e-01 1.679520609367822104e+00 6.754567779479037082e-01 3.600755780828681640e+00 3.051198499423800836e+00 -5.025666981145200829e+00 -3.639295465407923480e-01 3.002299176057742436e+00 2.264625296823326472e+00 1.393075797288841455e+00
1.000000000000000000e+00 -7.691812434564848644e-04 -2.111481727550867937e+00 -1.504344064890995813e+00 3.515077524706695655e+00 3.932059457407172332e+00 -3.654204859236032554e+00 1.961787800671114024e+00 2.458180562547714221e+00 2.109792571366467584e+00 -8.881419505662191405e-02
1.000000000000000000e+00 -1.831513400542024828e+00 3.686478987614503211e-01 -1.824020290864045934e+00 4.274334283473439022e+00 3.077969670048857687e+00 -4.133363340296098087e+00 3.895503678172566708e+00 3.024849781887751554e+00 3.477704453147040020e+00 2.016705401245488805e+00
0.000000000000000000e+00 -1.400088680810552155e+00 -1.494660654445089554e+00 3.643398763714428057e+00 3.339262108850298283e+00 -4.320762432266908704e+00 2.636581202816459246e+00 -2.210123654033609775e+00 1.926613085239373913e+00 2.648436426344855654e-01 6.483629493906233776e+00
0.000000000000000000e+00 -5.775764360133703867e-01 -1.093513431223640753e+00 5.494009220373619939e+00 4.924997121842093151e+00 -2.139778325586004115e+00 2.555674863856506995e+00 1.187140236345595179e+00 2.550005530247277274e+00 2.026261504034778671e-01 2.974330811178250045e+00
0.000000000000000000e+00 -1.619491011873212205e+00 -6.014089525612401066e-02 4.182634050697292771e+00 2.083847937101365844e+00 -3.044000271013311831e+00 2.500816989874518281e+00 -1.281160939808624333e+00 3.278334227112230437e+00 -1.392743032785305202e+00 2.277485582834826161e+00
0.000000000000000000e+00 -2.094614795053882261e+00 6.027857868419511655e-02 4.174045367139402885e+00 3.752750361981916249e+00 -1.454137851576794871e+00 3.252001556208735877e+00 -8.772010744937848159e-01 3.855679577840704031e+00 -9.331449480815127151e-01 2.107510905158596959e+00
0.000000000000000000e+00 -1.063470684704288738e+00 -9.334136479480948934e-01 5.803128106677146292e+00 4.292159565960993461e+00 -2.035353995198046384e+00 2.256482451905405195e+00 -8.905074057950456146e-01 5.212593161590774571e+00 1.236318527628295083e-01 2.496311686869375546e+00
1.000000000000000000e+00 -1.296160760802410383e+00 -1.366419064337537792e+00 -7.472720242937586077e-01 4.763724292847798303e+00 4.573206253784189990e+00 -3.161251582056356035e+00 1.662741756238678592e+00 2.239966153722643849e+00 2.130139902928385176e+00 1.393382384263228690e+00
1.000000000000000000e+00 -1.921264820932737427e+00 -3.095769617567922349e+00 -1.548351730585614483e+00 3.714721007612698411e+00 2.859279385711455568e+00 -3.871937855411218266e+00 2.085885826967660339e+00 -5.510331270928126024e-01 2.772388517051086243e+00 8.670112478867901817e-01
0.000000000000000000e+00 -4.854484827448062312e-01 7.348934910537557874e-01 5.438228166572891986e+00 2.510768349193862825e+00 -3.569356202464899042e+00 2.524733986963708432e+00 -1.401912531369849058e+00 3.869293209899171693e+00 -9.731141792847052274e-01 3.814728523113183112e+00
1.000000000000000000e+00 -1.463456611930044282e+00 -2.997812359881267597e+00 -8.161972527452987514e-01 5.326157704581515162e+00 4.745772747668721259e+00 -3.691831040503546824e+00 2.530692349565812460e+00 2.555942135183067343e+00 1.773169850243978996e+00 2.352897767834403187e-01
1.000000000000000000e+00 -3.175606946368048078e-01 -5.631302218362677081e-02 1.721046874443686869e-01 3.200751562357392110e+00 3.296754078859818193e+00 -2.286684618257040391e+00 2.113102998829741175e+00 1.319996416470900380e+00 3.383201832103650109e+00 7.781703714482313128e-01
1.000000000000000000e+00 -2.310922982958121263e+00 -1.535803405179422487e+00 4.067816535342455575e-01 4.787531191043346901e+00 3.598650398051346233e+00 -3.633857463130079068e-01 1.962703407243543863e+00 2.317330698016390578e+00 2.963634453237693478e+00 4.662963877508229382e-01
1.000000000000000000e+00 -1.107820166276467067e+00 -9.510486886875332280e-01 -2.114599881869934528e+00 4.592897298518860971e+00 2.477370892324510798e+00 -3.677045669799672289e+00 2.366719465610680029e+00 1.073582623613623444e+00 3.143874449700433615e+00 5.820824099373810290e-01
1.000000000000000000e+00 -7.229201880507645228e-01 -1.143410599919468584e+00 5.477662376568259717e-02 4.236139137856708814e+00 4.530089672960395220e+00 -5.053719060285615683e+00 2.917823320306891510e+00 2.369095841601865260e+00 2.604206441253561266e+00 1.125454889881317255e+00
1.000000000000000000e+00 -1.367753384363606273e+00 -8.270755972857835037e-01 -9.961035122060326596e-01 4.161865648207339063e+00 5.343450063448152321e+00 -3.074485783228993352e+00 1.513529756810904736e+00 -3.677191595963757997e-01 2.771591161094792533e+00 1.031363327384640094e+00
0.000000000000000000e+00 -2.543404132901957659e+00 1.063926141950003901e+00 6.293077476288251759e+00 3.052672758760859306e+00 -1.892083396633224224e+00 3.485384293451789794e+00 -1.076481130977018141e+00 5.237767776730766656e+00 -2.506182974809288311e+00 3.898543771987805329e+00
1.000000000000000000e+00 7.637358638128164401e-01 -8.914624001968307621e-02 1.293106254370810282e+00 5.842764181512698940e+00 3.333723971372889228e+00 -4.570440746831214263e+00 1.875770960630770423e+00 1.649398311437407116e+00 2.865143214074099998e+00 3.456768142483367612e+00
0.000000000000000000e+00 3.468070081444243336e-01 6.179416840189883020e-01 3.238051164410795657e+00 3.009954867112068388e+00 -2.774532348521098868e+00 2.260243109079793200e+00 1.822336432025193798e+00 4.327027031070206142e+00 -1.843817206552945676e+00 2.963949954406762455e+00
1.000000000000000000e+00 -2.258237502913549299e+00 -4.230062684320196054e-01 -1.798238119918623257e+00 4.653790463363089991e+00 4.719095601360066894e+00 -2.918194372633468703e+00 1.004909439272172689e+00 2.541895155463142153e+00 1.674138271734933348e+00 1.963854144295754667e+00
1.000000000000000000e+00 7.090151604698622378e-01 -1.484662605106116473e+00 9.633913035984087436e-02 5.042837793495618115e+00 3.059063479860247625e+00 -2.416237370074733271e+00 3.170153885347108513e+00 2.204381622443055022e+00 2.168644421609543738e+00 1.205268206910389939e+00
1.000000000000000000e+00 -2.024847606266299671e+00 -1.375748875320021103e+00 -4.895395082070541637e-02 4.038147515290834377e+00 4.157801177695238160e+00 -3.487451534481172732e+00 2.681124014354663743e+00 3.366492975730724702e+00 1.889242031558054480e+00 1.164733907538308078e+00
1.000000000000000000e+00 -8.316106189538475801e-01 2.533315975825820576e-01 -1.309467099741557172e+00 3.984586801821011104e+00 3.507932194711065765e+00 -3.878052425668014447e+00 1.035518985963646443e+00 5.701967154750684497e-01 3.517436673438070205e+00 3.179429774545901033e-01
1.000000000000000000e+00 -6.055818801791820194e-01 -1.929159968912275591e+00 8.986549928316265312e-01 4.465761757563243783e+00 4.287178208287819814e+00 -3.762982455293768957e+00 1.643243547385796255e+00 1.830114788092250810e+00 3.097983090489260682e+00 6.476557169590334562e-01
0.000000000000000000e+00 -1.111164349910686244e+00 9.563435542289666635e-01 5.127688779282482123e+00 1.046110589805852031e+00 -3.643799691686068876e+00 2.827494458863142768e+00 -6.963883555803437320e-01 3.251363375182953153e+00 -2.939582611880408258e+00 4.595532031874927981e+00
1.000000000000000000e+00 3.600949539962883250e-01 -4.137925969379411262e-01 5.818538708684575234e-01 5.351797728262704723e+00 3.037519233007122121e+00 -4.197629899631770911e+00 2.870211830185775970e+00 2.654472661429042368e+00 4.346433182166213882e-01 1.013229792926187089e+00
0.000000000000000000e+00 -8.203055198820574656e-01 2.802725525144703633e-01 4.922385770191436194e+00 3.005918889437416919e+00 -4.277702967101707721e+00 4.177876124853076689e+00 1.539310432064419532e+00 2.864682683880106051e+00 -1.931530232099269773e+00 4.557931026340215297e+00
0.000000000000000000e+00 -2.525052666114585342e+00 -9.720289268734632060e-01 5.411011381743409565e+00 2.451493022235447405e+00 -4.241944994607535158e+00 2.047783680909325277e+00 1.669018966544499660e+00 2.946906790912326102e+00 -1.778303728357330193e+00 3.278831090123800251e+00
1.000000000000000000e+00 1.124401008850845374e+00 -7.605538259814292879e-01 -1.117832095469242226e+00 2.925966195404344106e+00 4.515085543251878164e+00 -2.381740879090886054e+00 3.826066873066535479e+00 2.511288360334713587e+00 2.890047567135850315e+00 1.372058699367606494e+00
0.000000000000000000e+00 -7.916125855951541279e-01 -1.506456006345190390e+00 4.267070785270616007e+00 1.549412381552114137e+00 -2.300504032549415268e+00 4.408393201971573916e+00 3.539412042265213110e-01 3.304764966614940125e+00 -7.205424808002814929e-01 3.435595598551898000e+00
0.000000000000000000e+00 -7.685973974314057600e-01 3.424855208029342624e-01 4.454980838051261216e+00 1.424731372836695265e+00 -3.536051372676965787e+00 4.057457905053155400e+00 1.253038731213747536e-01 3.974834358240682874e+00 -9.516305647905241027e-01 3.599153324128510079e+00
1.000000000000000000e+00 1.471902229887240843e-01 3.067533078230826327e-01 -5.180416287030921163e-01 4.553239818689479357e+00 4.202105998715940594e+00 -3.446493633425998127e+00 2.790140545507892700e+00 2.261939961497138274e+00 9.188934627901124141e-01 1.480417938927599097e+00
1.000000000000000000e+00 -2.000761416763173095e+00 -2.478896748173108566e+00 -1.624073659493543431e+00 5.398416719303393840e+00 3.124520290602915029e+00 -4.250855524049256928e+00 6.565574869682824222e-01 1.751073747404087833e+00 3.112657279683887612e+00 1.676501978098411616e+00
0.000000000000000000e+00 -1.503647749785276044e+00 -2.679395430989461868e-01 6.016454590480154074e+00 3.909536572710019087e+00 -3.333671719780072706e+00 1.853163829825797526e+00 1.988188755213139702e-02 4.086824373817082190e+00 -1.801216017929749835e-01 3.121713352358247207e+00
0.000000000000000000e+00 -1.142571301977866272e+00 -1.562316715701826508e+00 6.831720098817558373e+00 3.285871982229919386e+00 -4.094544687891378487e+00 3.782599775076006310e+00 -6.596452241188291987e-01 1.749661581771175367e+00 -1.542959234484704067e+00 4.885774673595502549e+00
1.000000000000000000e+00 -1.653999881734855570e+00 -7.755194734102033305e-01 1.106271360893279487e-01 5.850877997958463084e+00 4.217078889536847619e+00 -3.011679776704584643e+00 3.290445990144703181e+00 2.520256308088009156e+00 1.609251759662992276e+00 1.077678795081237650e+00
0.000000000000000000e+00 -7.648432720148097275e-01 4.036087206034805197e-02 4.448465168638851885e+00 2.773832272889233508e+00 -3.289633577099131401e+00 1.174167507677142508e+00 3.162423100146637411e-01 4.426268665417945947e+00 -2.149021700876603269e+00 3.642841083536683566e+00
1.000000000000000000e+00 -8.153685641393355610e-01 -2.389967448288946361e+00 -3.090200875097237621e-02 4.410110807449525439e+00 3.935703482300424660e+00 -2.725643289932545787e+00 8.080061589866449623e-02 2.983098846213962041e+00 1.426735773549203667e+00 -8.903483245592980211e-03
0.000000000000000000e+00 -1.281816186836437055e+00 4.421719788828466502e-01 3.188499819936376767e+00 3.570009437514952477e+00 -2.551088634564023572e+00 3.215985918302575630e+00 -1.259467660214244056e+00 2.532259302009363111e+00 -4.997878023031689376e-01 4.901214402598624176e+00
1.000000000000000000e+00 -1.492862715113351779e+00 6.564642609520743299e-02 3.021408048816378589e-01 3.998684339915926866e+00 4.192691530299049063e+00 -4.014896106087246785e+00 2.185700753920214900e+00 1.657354294130175765e+00 1.977908424743226146e+00 1.244761575629815820e+00
0.000000000000000000e+00 -2.231922945879336595e+00 -1.495486223410784410e+00 5.053442627274465693e+00 2.911940167325836715e+00 -3.537086342755000334e+00 2.297732666415150504e+00 -8.068493755592770489e-01 3.864196220163720774e+00 8.054846860441051692e-01 4.965954179366447896e+00
1.000000000000000000e+00 -1.417744783034000200e+00 -6.314825024392193287e-01 1.984358246665894887e-01 5.478404020000347430e+00 3.095379076387250183e+00 -3.367141463283845226e+00 1.919120579644496782e+00 2.083655824852543414e+00 4.243989053911756404e-01 -3.251077799549086933e-01
0.000000000000000000e+00 -1.770701066513336031e+00 5.073050772669721598e-01 4.658085040547498501e+00 1.224881791109193374e+00 -3.766529949411831169e+00 2.730908002997575412e+00 -1.347937492976370444e-01 3.017947603933359702e+00 -2.742912597637407135e+00 3.340243568761962489e+00
0.000000000000000000e+00 -1.006890775643818570e+00 -4.534457249939823353e-01 5.214912434292237720e+00 2.932019616188958011e+00 -4.408105847019823997e+00 1.442903299748018009e+00 -7.869927904323525958e-01 3.284702795750144233e+00 -4.534007103480261480e-01 3.641145324784440973e+00
0.000000000000000000e+00 -2.333884013978859695e-01 4.009431732946297511e-02 4.742026925796992920e+00 4.288450649759361077e+00 -2.693172388015774743e+00 2.502956074846464762e+00 -1.860277289944494705e-01 3.461506778294936026e+00 -2.979266220241713281e+00 2.810250385074096080e+00
0.000000000000000000e+00 -1.450908900367015697e+00 -9.509691797352324283e-01 5.933452371618268550e+00 2.929393721121675842e+00 -2.607050085149497765e+00 3.862599770352034945e+00 1.543487879842848409e+00 2.672978189797647008e+00 -3.310798985913422365e-01 4.161355850791318645e+00
0.000000000000000000e+00 -2.722005015534959549e-01 7.531059790578804591e-01 3.189961956185102032e+00 3.467238840218390905e+00 -3.383054920499954932e+00 3.997261508843854116e+00 7.726247632075367022e-01 3.408930815942707415e+00 -2.825492724782936449e-01 3.216437371510758592e+00
1.000000000000000000e+00 -1.684952042375643222e+00 -6.032313678424880976e-01 -2.363209087458568280e+00 5.957065178151713880e+00 3.096929779498423407e+00 -2.314672137709790523e+00 4.213611699601174543e+00 -3.615865523885557486e-01 3.671271654397657791e+00 2.408942703671800523e+00
0.000000000000000000e+00 -3.127998442194465101e-01 7.917192771055253653e-01 3.930875138799959423e+00 1.954873073729757493e+00 -5.653923591654534953e+00 2.257140613188773681e+00 -1.341734437826211046e+00 3.538527886069648964e+00 -6.714790879751948438e-01 3.623710872198682598e+00
0.000000000000000000e+00 6.604979285128467215e-01 1.219211875724786731e+00 4.128810838284278084e+00 3.156504899056161051e+00 -3.834408718483658163e+00 2.882487305293794488e+00 2.170118417297720315e-01 4.122946217296784788e+00 -8.226254306641601621e-01 3.475971980816729978e+00
0.000000000000000000e+00 -4.588512549612580038e-01 -4.675193403680069637e-01 3.878487167080817422e+00 3.203310202476807422e+00 -3.050644987078022119e+00 2.184258233413264527e+00 1.678188015063755145e+00 4.640128960125890600e+00 -7.925921945991601936e-01 3.963358040004949956e+00
1.000000000000000000e+00 2.152072826595983202e-01 -1.713344012448136500e+00 -2.088393000331904004e-01 4.293182297903406663e+00 3.999509219020216833e+00 -4.104080624065159277e+00 1.404761892433118664e+00 2.168205344779208676e+00 2.488823103194372610e+00 2.679991248708958551e+00
0.000000000000000000e+00 -7.853887333135782800e-01 4.898000761708588557e-01 4.189595046070726525e+00 4.835583212341767911e+00 -3.263059418053694927e+00 4.271278839794784510e+00 -9.530910886847083763e-01 2.743168432926011313e+00 -1.453477251617218968e+00 3.469666593505079000e+00
0.000000000000000000e+00 8.849565880764731496e-01 -1.643459182175616151e+00 4.648671863886948863e+00 2.257768395624454971e+00 -3.544091171181708688e+00 2.958704041623076542e+00 3.065598588258074964e-01 3.657770565187727030e+00 -2.079994987460490385e+00 3.778029810620911366e+00
1.000000000000000000e+00 -1.753967721504628985e-01 -1.325667425658347831e+00 -1.902552994473106995e+00 4.038797797127410050e+00 3.967173609015355762e+00 -2.774983029509424881e+00 3.556385771584674060e+00 7.468801476456427002e-01 2.518718015993055559e+00 1.189329888988038153e+00
0.000000000000000000e+00 -8.218231894329728338e-01 6.718179159524007016e-02 3.577379956931217908e+00 2.025098708482936605e+00 -2.163724909292066734e+00 3.485120765681577915e+00 5.355721768287936557e-01 4.452679995219139819e+00 -8.134903678307264796e-01 3.738329953501293268e+00
1.000000000000000000e+00 -1.384634892814418539e+00 -2.252533069136526400e-01 -9.026881782015012678e-01 3.407547961954568105e+00 1.620184820088075739e+00 -2.608939005265150435e+00 9.805361280542439495e-01 -3.135196566456364131e-01 3.154937933322448984e+00 1.349445701232875994e+00
1.000000000000000000e+00 -3.558666993084935726e-02 -7.230505597550710428e-01 -1.867143608007011402e+00 3.902493441828959853e+00 5.338290957897052103e+00 -2.867841849377755103e+00 2.690703424911534469e+00 2.236844066281185484e+00 1.829142287523041865e+00 2.971984454985392432e-01
0.000000000000000000e+00 -1.498382980809691567e-01 -1.568095875021069840e+00 5.670975659517818457e+00 3.603948987535829929e+00 -4.417692185334264110e+00 1.932667635736590395e+00 3.752140299594212691e-01 2.373377878401820240e+00 -7.657797019652632375e-01 3.548348532971055125e+00
0.000000000000000000e+00 7.022783711303028920e-01 -4.512240991115419320e-01 4.272908779295873316e+00 3.861192094547042597e+00 -2.819512209066701303e+00 4.131162838705318308e+00 4.563938586469148961e-01 3.406170068988354949e+00 -9.820376935059337287e-01 2.475306355503009925e+00
1.000000000000000000e+00 -1.145643163029872458e-01 -3.750667559105578253e-01 1.610584986335732438e-01 3.758713791427720441e+00 3.710310099127454020e+00 -1.634747521673042714e+00 2.190705397126922360e+00 2.074458693866525483e+00 2.566744188101289570e+00 2.073619043848770271e+00
1.000000000000000000e+00 -6.151075136850936431e-01 -2.091635372856305519e+00 1.234451576566454545e+00 3.872257816533219543e+00 2.325331477509187117e+00 -3.912630754250341347e+00 2.736297862018986393e+00 1.101724094059926440e+00 1.920712350708247085e+00 1.656609001287106420e+00
0.000000000000000000e+00 -2.169262872714947665e-01 -1.622003752408800681e+00 5.009780400424519442e+00 2.517229909173571478e+00 -3.133727476239295040e+00 2.151009451537785555e+00 -1.123575723871153453e+00 4.229926341008243718e+00 -8.108081429021150033e-01 3.079756063789242937e+00
1.000000000000000000e+00 -9.335597044717632853e-01 -2.238138222950963652e+00 -4.086581370214069087e-01 4.176113664657343350e+00 4.299985817878702044e+00 -2.286955056921412321e+00 2.320732080476492154e+00 1.410022490740427958e+00 2.637258331774337439e+00 3.255844482793077255e+00
1.000000000000000000e+00 -1.369775179261584874e+00 -1.566844965285784097e+00 -4.157601686902072657e-01 3.814623907701995886e+00 4.097715525777233303e+00 -1.881259169304440926e+00 2.777824352862451995e+00 1.074001293724521133e+00 1.901828787560158940e+00 8.366126397660429426e-01
0.000000000000000000e+00 -9.248634631364300862e-01 -4.883876391614900281e-01 4.032833163779857344e+00 5.577439857374407950e+00 -1.672482538976336697e+00 6.771271731442363162e-02 6.823015718722438283e-01 3.964424444254170066e+00 -2.756508419615868455e-01 2.447374707525709514e+00
1.000000000000000000e+00 3.809174810982454140e-01 -1.556734380191962863e+00 -8.421020773519032332e-01 5.502752292638499299e+00 4.222053894311973643e+00 -2.930791422381759048e+00 -1.261241322605997084e-01 1.873431059742638460e+00 4.304602197094030025e+00 3.012619746936449960e+00
1.000000000000000000e+00 -8.603779829249872391e-01 -1.672439229201011957e+00 -1.453026697434081305e+00 3.770164724717706584e+00 2.220188348905897779e+00 -3.405698218444444425e+00 7.686267416526468832e-01 2.494607545498947143e+00 2.870409727789798637e+00 4.399565452192780723e-01
1.000000000000000000e+00 -1.123414362647908504e+00 -3.176916403924741950e+00 -1.390922545974687674e+00 3.595699373073363958e+00 4.269797361151209003e+00 -3.225179999909722373e+00 5.022266589628503475e-01 3.038431779053480941e-01 8.446192888132297849e-01 1.832192035735170199e+00
1.000000000000000000e+00 -7.088386747675881061e-01 -2.761770746900582552e+00 -2.794025590019566518e-01 5.669976586207032376e+00 3.333124150251743245e+00 -1.438444532612695559e+00 1.991845887254231506e+00 1.428475318258218829e+00 1.951144346003040653e+00 1.349510551893253529e+00
0.000000000000000000e+00 -5.466631328457459693e-01 -2.742780319607914796e-01 4.399240052024008918e+00 9.903486401810674966e-01 -4.171618807552945007e+00 3.785561273299997698e+00 -5.781664556100448715e-01 3.394052038752453981e+00 -9.363098960059808018e-01 2.957000301285272137e+00
0.000000000000000000e+00 -7.107833422528606615e-01 3.778624595414353804e-01 3.067075807618676375e+00 1.823683947626943747e+00 -5.321789925753598105e+00 3.632942264464883664e+00 -1.329226790990081231e+00 2.011425797457309095e+00 -2.943791096007482011e+00 3.956849772641131135e+00
1.000000000000000000e+00 -9.674617989421769870e-01 -1.581459284007154409e+00 -1.326808931799686508e+00 2.983263391962116984e+00 4.641406024765212912e+00 -2.274929498385411364e+00 1.641896272531358836e+00 1.174872945235456712e+00 3.153279899486679305e+00 1.743403759077495341e+00
1.000000000000000000e+00 1.825508505899997580e-02 -1.792987087400184087e+00 2.804194417332610545e-01 3.463523477599027345e+00 3.063356065104771098e+00 -4.216975709216019830e+00 4.929590799461293749e+00 1.836969873762219763e+00 2.984069909857987035e+00 -5.101660865855219829e-01
1.000000000000000000e+00 -8.308867595822492236e-01 -3.720769041628868568e-01 7.554043578958018479e-01 5.255852302013686916e+00 3.593186636170412118e+00 -3.149807059745253213e+00 2.627933124692777511e+00 3.147506115772377377e+00 1.714043093155106057e+00 7.717028909240772894e-01
1.000000000000000000e+00 1.969909878060841280e+00 -1.982121881378208217e-01 -1.385544712244644039e+00 3.824071813904860839e+00 3.129655720836304944e+00 -3.455488854684443112e+00 1.093903725941619332e+00 2.199304383331763368e+00 2.558916871547840977e+00 2.199365860070521705e+00
0.000000000000000000e+00 3.386930310079434570e-01 -1.344845004750606643e+00 5.299588381649156688e+00 1.535669909322250337e+00 -3.602139348091164983e+00 7.325880916676146271e-01 -1.957622517819913033e-01 3.730849557242212011e+00 -8.839344158239422766e-01 3.180408088858698967e+00
1.000000000000000000e+00 -8.979262014792429580e-01 -1.380165466809506469e+00 -1.120876066053830833e+00 3.404558470621614319e+00 2.472573340607619574e+00 -3.820816276058094374e+00 5.470411161860058158e-01 2.053481516998508116e+00 2.115619698480739164e+00 2.182809599582541171e+00
0.000000000000000000e+00 -1.741890041512422771e-01 1.969931343743192009e-02 5.449735261800388031e+00 2.330489584495675892e+00 -3.682308905425684120e+00 2.065492059632969557e-01 -2.813456371486800500e-01 4.003091860486925668e+00 -1.685216705891887212e+00 3.047679360673688720e+00
0.000000000000000000e+00 -2.243114939228753713e+00 3.634619313774218874e-01 5.237822076500045831e+00 3.308229162397819945e+00 -3.379791592276925272e+00 2.896365352799611159e+00 2.905538500397689683e-01 3.283470739418691497e+00 -1.711189845448933600e+00 3.444935598403215504e+00
0.000000000000000000e+00 -7.945323676591942164e-01 -4.705237161451847894e-01 5.230183790199366634e+00 3.154105069157295826e+00 -3.281086294184676344e+00 3.983246491470474826e+00 2.537181315012394744e+00 2.463912893467413046e+00 -1.543294737337042033e+00 2.491103824832561209e+00
0.000000000000000000e+00 -8.428784814464609365e-01 -4.972141686760972457e-02 5.347294006702163927e+00 3.928044965968313207e+00 -2.654904901055836763e+00 2.150674804309157473e+00 1.555253666702984372e+00 3.222142637284571176e+00 -9.981680726705345341e-01 2.479470252455042711e+00
0.000000000000000000e+00 -1.362111719723589465e+00 -1.208905266233505083e-01 3.804366450409223610e+00 1.106640296901121090e+00 -2.313165026469798491e+00 2.785931364426586843e+00 -1.887423864162176002e-01 3.289520384200585568e+00 1.301953735419609792e+00 2.183721735359382521e+00
0.000000000000000000e+00 -2.513437994097346806e+00 -3.200800615441762309e-01 3.619734127712332494e+00 2.763896957222336859e+00 -3.615935940127700920e+00 4.948721982087114668e+00 2.398346310788633529e-01 2.619412591882742447e+00 -8.550908097946987585e-01 2.557959313910748822e+00
0.000000000000000000e+00 -9.011700774080825260e-01 -7.362330887692118964e-01 5.745776121103030043e+00 4.358458922948538650e+00 -2.980893865816385269e+00 1.521074125052980008e+00 9.275064379110953272e-01 2.945489411294346827e+00 -8.781424695372793687e-01 3.790036659144874420e+00
1.000000000000000000e+00 -5.974912019702995902e-01 -1.377514120216462690e+00 -7.474236757153871480e-01 4.139284602550948655e+00 5.679328413056698110e+00 -3.260765868041521021e+00 2.091258285492421098e+00 1.466177185461453814e+00 1.391659453967214022e+00 3.460499749111135559e-01
1.000000000000000000e+00 4.396375735749615821e-01 -1.694163768232374245e+00 -7.051989569724883555e-01 4.314183976844589985e+00 3.682874581190091590e+00 -2.162761248441948059e+00 1.024909828220620600e+00 1.752300179376137468e+00 1.384240925263471977e+00 7.659508847753691008e-01
1.000000000000000000e+00 7.177235908125243480e-01 -9.893548573916688404e-01 8.721997851198335372e-01 3.566218216374120953e+00 5.300658019360127149e+00 -2.825396395514951919e+00 1.306237437256898559e+00 2.202690542501851034e+00 -1.941065369055396950e-01 2.154832264321079105e+00
0.000000000000000000e+00 -1.050071365338260954e-01 1.204640316747676021e+00 4.158712000559655841e+00 2.700740093633795080e+00 -3.136059681023934509e+00 4.977367047869279304e+00 -2.586521482197770561e-01 3.305186438699873719e+00 -1.947482176009955657e+00 4.934220639669073094e+00
0.000000000000000000e+00 -1.182191321910434079e+00 -3.158471891303956114e-01 4.225369733664393834e+00 2.531153067919661215e+00 -2.501694414481599349e+00 4.121454619933304642e+00 4.687967650642169137e-01 5.322974507117907095e+00 -1.776353827819039388e+00 6.206407240061690089e+00
0.000000000000000000e+00 -2.314997042429957741e+00 -2.985656755541349350e-01 3.939304766980136208e+00 1.929483822147256777e+00 -3.241441361134259402e+00 1.703629528037193808e-01 -1.396640167684504996e-01 4.363685125702675194e+00 -1.146539197789030240e+00 4.036518281352276638e+00
1.000000000000000000e+00 -1.069117054865835081e+00 -2.179427493496597368e+00 -2.475705033272790345e-01 4.064808643543612376e+00 3.833939348922367873e+00 -4.909793058247913677e+00 2.526170656441821372e+00 1.296304922042033958e+00 1.952963056344786619e+00 9.642111584364237986e-01
