1.000000000000000000e+00 -1.637461321343998966e-01 8.517649192146649062e-01 6.799425642207435061e+00 4.635998196507806313e+00 3.806122345427351394e+00 -2.157169746408440503e+00 -1.870439224822802338e+00 -4.047224562874691678e-01 2.510959753878483802e+00 5.248172862321853760e-01
1.000000000000000000e+00 -7.713210286685479034e-03 9.541900118462622871e-01 3.794293374537635710e+00 5.679897380983078392e+00 5.470524454883705090e+00 -2.623620445899661036e+00 -3.677909196645862799e+00 8.198441239578584394e-01 1.615564201045115222e+00 3.361820795894645109e+00
0.000000000000000000e+00 -2.196093341846419023e+00 1.980748935131800170e+00 -1.125936119169021365e+00 1.890535449247340960e+00 2.400646693207850291e+00 -4.482585542866779349e+00 1.857127139258765824e+00 5.413029185771620178e+00 -4.093179360468594652e+00 -1.048814211073826774e+00
1.000000000000000000e+00 3.238182242833647084e-01 1.318718717383080996e+00 3.941317843573482360e+00 4.351012550165259007e+00 4.257656019131801806e+00 -3.692699722391528994e+00 -2.339361397418631583e+00 8.392366973913854000e-01 1.209863317116750547e+00 2.730573338568867303e+00
0.000000000000000000e+00 -4.813013871225457763e+00 2.073030371531447535e+00 -1.144589542049136544e+00 1.753436101675431180e+00 3.945580243424446465e+00 -4.319758689115328565e+00 2.070370771581260261e+00 4.723337079073586686e+00 -5.361296178159430603e+00 -8.996273755715954445e-01
0.000000000000000000e+00 -4.866965872081687294e+00 2.742275551469350425e+00 6.917501553770593059e-01 2.812741738361933308e+00 3.178138461961257821e+00 -3.608725070232277066e+00 1.799249088840996880e+00 4.688636042928881587e+00 -6.871754100861229730e+00 -1.686969155639076012e+00
0.000000000000000000e+00 -2.678460205651155057e+00 2.313460608102615002e+00 -4.257263799629085188e-01 2.085316170409993841e+00 1.396096795214298414e+00 -4.100678450649730244e+00 1.662599268915559758e+00 3.288669830656135051e+00 -4.264302221343170274e+00 -1.581325595722717692e+00
1.000000000000000000e+00 -1.378493791744446195e+00 3.059251972682680343e+00 4.222748869751948853e+00 5.259091392722334390e+00 3.816645817724299228e+00 -2.881241966941753940e+00 -1.919074404562600478e+00 -1.843907967726654551e-02 1.217029503225994569e+00 3.620168991400218417e+00
0.000000000000000000e+00 -3.720547983197124875e+00 2.080406514896190995e+00 -2.281187812796440895e+00 2.588248013994832064e+00 1.409462470924005562e+00 -5.110888538026013173e+00 1.737691918321489615e+00 4.759093076543772227e+00 -2.890540031258129972e+00 -1.256605943374600187e+00
1.000000000000000000e+00 -5.108321549495238312e-01 1.479082415578646614e+00 4.174547783988971084e+00 3.300643018473678580e+00 4.219243121177864708e+00 -2.491998272381105384e+00 -1.266338035719964950e+00 4.155507174599771258e-01 1.128649968998096664e-01 2.554105663768405865e+00
0.000000000000000000e+00 -2.809683169239944434e+00 3.644495648593088166e+00 -1.851850671857677710e+00 4.567292452428994842e-01 1.477563595452410894e+00 -3.381782505473026834e+00 3.026961239867780762e+00 4.953863368430196701e+00 -3.436328920736559489e+00 -1.465254430515639417e+00
1.000000000000000000e+00 -1.906225520490956615e+00 -1.132612386557400264e+00 5.156794250673661928e+00 5.394274465749609782e+00 4.604280907983169691e+00 -7.591541533644055040e-01 -1.796517191204817676e+00 -7.337506834292317759e-01 1.132154438221879555e+00 8.828777300901256009e-01
0.000000000000000000e+00 -2.660793987016319306e+00 3.557560183453367664e+00 -4.176763935899386881e-01 1.209771155090422212e-01 8.716281618541807941e-01 -3.965212229969081736e+00 1.977580430878466133e+00 4.178093472249682527e+00 -4.682189253651087846e+00 -2.380890630062803659e+00
1.000000000000000000e+00 -7.849876371461979030e-01 2.695550872161838196e-01 4.094951206307626990e+00 3.877851401597946612e+00 3.417709256978118226e+00 -2.909603829948192999e+00 -2.447404827208550238e+00 1.265729985150307879e+00 1.530885226503454488e+00 2.442914034241502552e+00
1.000000000000000000e+00 -3.643640791617958619e-01 9.892871982854534174e-02 5.122890788762819447e+00 4.147026577663031510e+00 3.161341480307743090e+00 -2.260839522986818562e+00 -1.629484407195628037e+00 9.577987479661587145e-01 2.252811847981983639e-02 1.192713066350593820e+00
1.000000000000000000e+00 3.176154751530138043e-01 9.377578853779776624e-01 3.546862819592570659e+00 3.189225799148041496e+00 2.785457410416971591e+00 -2.206258814057805218e+00 -2.788746079578097614e+00 6.900720423737656262e-01 1.862051578951269715e+00 1.990515599872679564e+00
0.000000000000000000e+00 -3.052658586929656526e+00 2.602274090976230525e+00 -1.277274252664169607e+00 1.628618613561797490e+00 2.811267950059542997e+00 -4.449570790660297703e+00 2.225980026013488100e+00 3.806713906639005884e+00 -5.616444331410589186e+00 -1.783280673327853449e+00
1.000000000000000000e+00 -4.186765371220283471e-01 1.313859354602084917e+00 4.565347766690697640e+00 5.100757692352908101e+00 3.106512645003158823e+00 -1.888950019724426443e+00 -2.146951009535707833e+00 1.814218181300582211e+00 6.732285562090306597e-01 2.655320776619156220e+00
1.000000000000000000e+00 -1.671845433762812361e+00 1.506230240096041006e+00 4.251026043846174218e+00 5.028224291994857431e+00 3.274745569871527096e+00 -3.402235036148691272e+00 -2.659810124052764735e+00 -3.770411549286578623e-02 6.319467415758823758e-01 9.752060696411788410e-01
1.000000000000000000e+00 5.583444572325744204e-01 1.930574682570973755e+00 5.263258790283559918e+00 3.994721369172969272e+00 5.391571074141227271e+00 -3.840265937099893279e+00 -2.365728612759190774e+00 -2.576972631945573244e-01 1.052236382625461486e+00 2.675654197290181280e+00
0.000000000000000000e+00 -1.235824284907130366e+00 3.187842715893708156e+00 7.752545216260076089e-02 -4.573013500221856376e-02 2.091596403259519565e+00 -5.247633661254907267e+00 8.222412146004824951e-01 5.603882633339184238e+00 -6.661799595883238112e+00 -6.117661187541487688e-01
1.000000000000000000e+00 -1.084204721505506619e+00 8.076385114612690819e-01 4.721149764910436808e+00 5.014872907004062519e+00 3.715509178357319087e+00 -2.235342344859774233e+00 -1.872446255720993991e+00 -1.735812802829004742e+00 1.800910345627620313e+00 3.354346237030652489e+00
0.000000000000000000e+00 -4.365534053432517325e+00 2.227769801254990245e+00 -6.328945361830832228e-01 2.429671179127809832e+00 1.493214019782381108e+00 -4.048331493452487884e+00 2.368616331167786360e+00 3.360147784913207758e+00 -3.000065335717125414e+00 -2.067885149998207606e+00
0.000000000000000000e+00 -4.324658451063495335e+00 2.979851599276628349e+00 -2.111331803079135483e+00 2.299359517067382175e+00 1.528628511313964822e+00 -4.143292671736678479e+00 2.335033635611712288e+00 5.617605670822268138e+00 -3.232564544537992468e+00 -1.920887409198188678e+00
1.000000000000000000e+00 -4.504884788976385446e-01 1.429908450114909524e+00 5.102619118225979911e+00 4.884437767998138114e+00 4.764686994298893197e+00 -9.144240268127485916e-01 -3.239859523121749518e+00 1.133046122763598396e+00 7.542011668602587315e-01 2.859745119094275978e+00
0.000000000000000000e+00 -3.225953406207421104e+00 2.582602608620386153e+00 -1.058200805371843023e+00 5.104654593548212382e-01 2.132992953374592382e+00 -3.305611439598326928e+00 2.414833080434017898e+00 2.548761992000752485e+00 -5.753966871914493630e+00 -1.270320515760128277e-01
1.000000000000000000e+00 7.394486926002077354e-01 2.291967484691920465e+00 5.344112684245378553e+00 5.430467056314883578e+00 3.915028301377754705e+00 -2.993541887258089673e+00 -1.213185892181295022e+00 1.576481668103084655e-01 -1.312929765734820453e-01 3.323665266236987215e+00
0.000000000000000000e+00 -4.676859258538454966e+00 3.180891796167596652e+00 -3.504013820510540445e+00 8.397222087420321834e-01 2.137789313491473386e+00 -3.011966035085473781e+00 2.908110070678993075e+00 4.607579963797384437e+00 -4.018897541039376797e+00 -1.765009241728028755e+00
0.000000000000000000e+00 -5.148838612767187684e+00 1.112518591903463472e+00 -8.070941948471737071e-01 3.579409640245799551e+00 3.846915797031333906e+00 -3.202133565267749837e+00 1.711019430864822999e+00 5.024316261070881140e+00 -1.061161933647758016e+00 -5.427470069309159317e-02
0.000000000000000000e+00 -1.793841993126667811e+00 1.648370474487495629e+00 -1.832637456128367592e+00 4.178199929236049215e+00 2.222182443067926005e+00 -2.833578096646303557e+00 2.228795664736151760e+00 3.807391275754671511e+00 -4.863391782600171354e+00 2.729743167823373007e-01
1.000000000000000000e+00 -5.614108862779245701e-01 5.195579014242230897e-01 3.146119593261695435e+00 4.599776389615884753e+00 3.606840106511613353e+00 -2.568856270343168990e+00 -3.236595084326109983e+00 8.502611868833921394e-01 -1.372046840166668336e+00 1.812324884003816194e+00
0.000000000000000000e+00 -3.923957622732694439e+00 1.312155541535188874e+00 -3.739560925310888795e+00 1.359773739965519646e-01 2.513899073342254376e+00 -3.577633540496981013e+00 1.534252671117282585e+00 4.092618339301515640e+00 -5.538845718271616647e+00 -1.161169270477438786e+00
0.000000000000000000e+00 -3.007458994812759911e+00 1.249019638455031611e+00 -2.147843312954818007e-01 9.464437174721294088e-01 2.204222180299882261e+00 -5.163174202047337680e+00 8.053751915515106052e-01 4.696647014993165392e+00 -4.397998877629169634e+00 -1.241718001106650426e+00
1.000000000000000000e+00 -4.546384800752424904e-01 1.386045266390062203e+00 3.311940749739851420e+00 3.816048755894917210e+00 2.894064388813621047e+00 -2.237593804375178408e+00 -1.420828858955785812e+00 -2.439697779159966107e-02 3.992741840833669897e+00 1.315380257744330983e+00
0.000000000000000000e+00 -1.643129741898867291e+00 3.666404726057949759e+00 -1.040899415877760692e-02 6.953768301541886077e-01 1.994607169208711284e+00 -2.560724816554860173e+00 1.234370664354558667e+00 4.739814146955921181e+00 -5.307225460612076340e+00 -2.341057747441951165e+00
0.000000000000000000e+00 -2.326094278170378615e+00 3.410757953355136873e+00 -1.359014039477167701e-01 1.945749046495175882e+00 3.578241214317072760e+00 -4.676273122605572041e+00 2.557403759252558029e+00 4.063131265244235735e+00 -4.129428805241632361e+00 -1.870881931817824917e-01
1.000000000000000000e+00 2.621335386559089375e+00 4.946205400281313835e-01 4.018070490795584426e+00 5.266390375835714011e+00 4.513422588869411278e+00 -3.337667618698779926e+00 -2.428208444527704124e+00 8.332117217443528734e-01 1.416935358904156006e+00 1.287289381468581517e+00
1.000000000000000000e+00 9.799121156981536185e-01 8.321911967657326104e-01 4.440124349012102734e+00 4.151616313738197839e+00 4.020759604871948056e+00 -4.398629668126524450e+00 -3.535538146118729852e+00 2.455393590416893979e+00 1.838548369287893891e+00 9.194841282455792353e-01
0.000000000000000000e+00 -3.619161972713571984e+00 2.574223862688858055e+00 -1.457269253060610170e+00 2.426916394279190037e+00 2.052778799548532707e+00 -4.309089936285361411e+00 2.682124494362863487e+00 6.676376479341010750e+00 -5.192840253579570131e+00 -1.461876638135298556e+00
1.000000000000000000e+00 1.425733122535576491e+00 1.453902030800886536e+00 3.552198910376248797e+00 4.570521167917844352e+00 3.251450242926710477e+00 -2.199635022680997753e+00 -6.586560502776128700e-01 -9.764872005082103623e-01 2.133568540266044256e+00 2.215739775054237803e+00
0.000000000000000000e+00 -4.845011726390317186e+00 5.355574180689695041e-01 6.825913628258082344e-01 3.464982437736903620e+00 2.240736209223341380e+00 -4.340678754896213576e+00 1.165475550581862363e+00 5.416577782237553151e+00 -4.497928713290599845e+00 -1.706632311214304032e+00
1.000000000000000000e+00 -3.223479162299417444e-01 1.069864698475545328e+00 5.818983032869846639e+00 5.894375167908359359e+00 4.637112575110696966e+00 -2.234744479623409941e+00 -2.435338246238529347e+00 9.883289713072529459e-02 1.037230336132760389e+00 1.109645049852866494e+00
0.000000000000000000e+00 -1.939550767115792329e+00 2.462323527954799918e+00 -1.842419139407627915e+00 8.767611934903813964e-01 9.676993608902459965e-01 -3.331856300908231816e+00 1.715619215641562612e+00 5.164251648949957918e+00 -3.295410389058858414e+00 -3.150662859156403428e+00
1.000000000000000000e+00 -6.865531733949559179e-01 9.956279403989690691e-01 5.427937863452292788e+00 5.678443785397705668e+00 5.898379775048037565e+00 -1.440455599434634637e+00 -3.054976513069722177e+00 2.510304217001519955e+00 1.108695963650059069e+00 2.368841293838690909e+00
1.000000000000000000e+00 -1.636201341324783565e+00 3.236172622170975011e+00 5.965332659478436383e+00 4.552892673293519543e+00 4.709092747853754091e+00 -7.300910540623331002e-01 -1.847618562348776416e+00 -6.956487199889986872e-01 1.282506617377110247e+00 4.012406538176359838e+00
1.000000000000000000e+00 -8.422802179501907016e-01 2.363572763871618410e+00 4.018628938135012874e+00 4.143363565118916014e+00 3.842139760926693182e+00 -1.903623236557293374e+00 -2.048805528833184120e+00 1.135655842291620310e+00 2.583678765156785850e+00 9.702134694306326912e-01
1.000000000000000000e+00 -2.769479989497777073e+00 1.213543241647070392e+00 5.370647360368634438e+00 6.614758184661603480e+00 2.815667783803338153e+00 -4.254120717780534910e+00 -1.884703205206215371e+00 1.324126314542847238e-01 -2.316165174130060400e-01 3.331528290656790237e+00
0.000000000000000000e+00 -3.453067792927572821e+00 2.689968080375872095e+00 -9.722001609858075266e-01 1.309327358640247407e+00 1.970538505367604998e+00 -4.526257143912313374e+00 1.810652014612596838e+00 3.567719463258824053e+00 -3.503793099834373592e+00 -2.390578121802181544e-01
0.000000000000000000e+00 -3.011089911019926291e+00 1.305080596858802622e+00 9.187302894937217079e-01 4.307331375369947146e-01 1.091625650973587547e+00 -4.542598127955627341e+00 2.492049715978609026e+00 5.602074989656150805e+00 -6.779918943609263948e+00 -6.517517777670723822e-01
1.000000000000000000e+00 -2.349665443462993775e+00 1.822784791089680834e+00 4.992988531398705909e+00 4.279926639853623094e+00 4.712461411164425407e+00 -2.003173056286292386e+00 -7.177974070624562053e-01 5.604981047995254428e-01 2.071035178157576429e+00 2.951396292696495394e+00
1.000000000000000000e+00 -9.060024425615516019e-01 2.817494698102254169e+00 5.158539634572170129e+00 5.013322358334448836e+00 4.662196395303175755e+00 -3.639634490469787043e+00 -2.883623711520930666e+00 1.490403099541542042e+00 1.756885516939872049e+00 1.930706241422830871e+00
0.000000000000000000e+00 -3.990300353126775335e+00 3.724831104822471595e+00 -1.193163830167609740e+00 4.958631002945388389e+00 3.332575137409592436e+00 -4.243319340791778416e+00 2.247485628183019113e+00 3.350023959574373933e+00 -3.847230737450599847e+00 -4.890238417542536187e-01
0.000000000000000000e+00 -2.398354018794016440e+00 2.476888455276530010e+00 -1.021640193641674133e+00 6.204341905223347275e-01 1.805064184150838580e+00 -3.147739405566854831e+00 5.249387003617345115e-02 5.143428143685179421e+00 -3.756944167011213587e+00 1.151089953603523508e-02
0.000000000000000000e+00 -2.757473471078741856e+00 1.948917329313196722e+00 -2.054381311853432646e+00 1.346657403162160094e+00 5.134377095120479240e-02 -3.611727348668370752e+00 3.357833629075788195e-01 5.493845751293169322e+00 -3.980795339388484955e+00 -5.051707150636342014e-02
0.000000000000000000e+00 -4.564440745091641105e+00 3.835333767602649324e+00 -7.683420907326085070e-01 1.909766119948943075e+00 2.370027878534678667e+00 -3.346644968816788079e+00 2.324145384744480403e+00 4.183919752006094228e+00 -3.207351333368790414e+00 1.324163727738876251e-01
1.000000000000000000e+00 3.150761119053951953e-01 1.783301150883825681e+00 4.497509307525698219e+00 5.567992857704947340e+00 3.819340253343773917e+00 -3.593068418385927831e+00 -1.919548973207485965e+00 6.925490903881713622e-01 2.040087783254826981e+00 2.365036939446131470e+00
1.000000000000000000e+00 -1.689149339359754531e+00 3.163462725616016158e+00 4.278624996879019093e+00 6.004355430474315192e+00 3.967168972351648115e+00 -9.252882330981189174e-01 -1.749148012609578640e+00 1.150162729972592057e+00 2.046452083795555321e+00 2.075294128764553658e+00
1.000000000000000000e+00 -1.765302684896772056e-01 1.370930251135474620e+00 5.081805412755806550e+00 4.592196729325071836e+00 5.755907279334540938e+00 -1.438551402329336426e+00 -2.498075780280949676e+00 -5.427188961058142525e-01 2.389637562638306179e+00 3.481997636789298411e+00
1.000000000000000000e+00 -1.831060222796266901e+00 1.115361778979528040e+00 4.060552616835470197e+00 4.838719593075926362e+00 3.847681284580937611e+00 -1.191303951674032024e+00 -2.707875429246271448e+00 1.094466905338122409e+00 1.148342530490084723e+00 1.036021011918744961e+00
1.000000000000000000e+00 -1.757679392869157531e-01 1.040984800743117056e+00 4.934510407844116209e+00 3.754164352585341646e+00 3.532240546671693071e+00 -3.688865315032519021e+00 -2.631201386707797241e+00 1.580323211923738702e+00 -1.783613505969006141e-03 2.717848781270618019e+00
0.000000000000000000e+00 -3.608919077463142777e+00 3.307993816028634182e+00 7.786173122814643577e-02 1.811896376380644380e+00 6.557562089409632033e-01 -4.614970989531457235e+00 2.048185313100023830e+00 2.614719244891122507e+00 -5.362245398757381487e+00 -1.484259643971169051e+00
0.000000000000000000e+00 -3.702830410223895363e+00 2.582775341607210340e+00 6.628120815188776049e-02 2.869797255410011516e+00 1.288911699552030887e+00 -3.848261247510014194e+00 2.724002256671838929e+00 4.947565450030443124e+00 -4.303715036571838404e+00 -1.684593685075628677e+00
1.000000000000000000e+00 2.940566991497667315e-01 8.690933322319008836e-01 3.640757347230292762e+00 5.866011348005441661e+00 3.958019556655567150e+00 -3.439263210182218256e+00 -9.827012783847888233e-01 9.987790788744925763e-01 2.532079804648687649e+00 2.111453067363156855e+00
1.000000000000000000e+00 -2.322735501380716050e-01 2.689595939141380843e+00 2.192578417054222850e+00 5.571236389781565101e+00 3.466775275958922986e+00 -3.254657629815556952e+00 -1.063545595684540768e+00 1.299536255337185864e-02 4.179153262983354988e-01 2.286307310283615113e+00
1.000000000000000000e+00 1.583335049882676149e+00 1.250624609518747432e+00 3.801646279293678710e+00 5.059051435927810481e+00 4.465913623467811178e+00 -3.561553220512077012e+00 -2.397745163978382887e+00 2.059988380588912982e+00 3.363629195873599542e+00 1.681633211481911472e+00
0.000000000000000000e+00 -5.580587710967595427e+00 1.084962337841583135e+00 -1.526242592267478049e+00 1.998390517305782765e+00 9.720533271035316503e-01 -2.919305010483825846e+00 1.624528308681565614e+00 4.145297160962967631e+00 -4.705239339728872316e+00 -8.946988230701476974e-01
0.000000000000000000e+00 -5.149800338603798266e+00 2.556534885214558628e+00 -1.098402280533670616e+00 -3.357406396939093263e-01 2.218487507168659167e+00 -5.182687856543195082e+00 1.144654258103537714e+00 3.585206156016195855e+00 -5.234926514658153174e+00 -6.905600284984738657e-01
0.000000000000000000e+00 -1.835306680836441107e+00 2.961987099329811635e+00 -1.542257535909557387e+00 1.052124945043220849e+00 2.435984155487684433e+00 -2.832281068488366138e+00 2.841337501585853520e+00 1.741257231416838192e+00 -5.166176372031473285e+00 3.400713869189275762e-03
1.000000000000000000e+00 -8.736647720656453009e-01 2.254357175347522002e+00 4.065403606036844586e+00 4.632568910144603258e+00 5.517841904829361432e+00 -2.644589301155842787e+00 -2.490127896730449653e-01 1.054593234408936819e+00 2.665337809735366825e+00 2.375591284890147481e+00
0.000000000000000000e+00 -3.125208198178450303e+00 3.266096805345670706e+00 2.780286492484511651e-01 1.572092799754410519e+00 1.483188389205605251e+00 -4.918796518977464949e+00 2.256663633368515054e+00 4.642060035608641222e+00 -3.282749873761694914e+00 -1.014615182900733270e+00
0.000000000000000000e+00 -3.282838508170419001e+00 2.953120167024983811e+00 -1.474054647874260215e+00 2.498727624544298198e+00 5.638049744995567991e+00 -2.401384457572471653e+00 2.352760364054144127e+00 6.075963036780700932e+00 -5.417050863217945711e+00 -1.866285880595809354e+00
1.000000000000000000e+00 -3.578142836344729849e-01 -4.778648836681300693e-01 6.585761151005853797e+00 4.238312351799923050e+00 3.292500346330350602e+00 -2.712875984776633498e+00 -2.913583735425608889e+00 2.104941458310127800e-02 2.466767063748373623e+00 3.055474398708334149e+00
1.000000000000000000e+00 2.811675996326480353e-01 2.193312507787400722e+00 3.024119260374601659e+00 2.419808983707194550e+00 5.138064834457449770e+00 -2.997496396472415725e+00 -1.518673843379811039e+00 1.010865245751406905e+00 1.741268504286071828e+00 2.248429290115776524e+00
1.000000000000000000e+00 -1.128002080948856234e+00 3.262805140898836775e-01 4.873360881463645100e+00 5.233050099858745696e+00 3.610233195973100884e+00 -2.165556208716430842e+00 -2.449596987143594529e+00 1.005197117060465217e+00 1.145409530769782247e+00 6.042239823406918564e-01
1.000000000000000000e+00 -8.777753783055555203e-01 1.152470386639938837e+00 5.110511879140258173e+00 4.652607767539226558e+00 6.027452860318254224e+00 -7.388272436497884676e-01 -4.785110547908244527e+00 1.229640475866562888e+00 2.801995902961263774e+00 2.343934346042309436e+00
0.000000000000000000e+00 -3.443334435640251989e+00 2.103585695896343033e+00 2.259766864447965151e-01 1.861346715494247572e+00 3.416886174222040218e-01 -3.903909326443966155e+00 2.050693392672128468e+00 4.118153020993314151e+00 -4.973403675410684066e+00 -1.798851040584878991e-01
0.000000000000000000e+00 -3.075711618083060372e+00 5.827496743816040770e-01 8.997761213636845667e-01 1.105173317423852275e+00 1.719120047292326037e+00 -3.538740063394669288e+00 1.916036233492697027e+00 4.784044890430635633e+00 -3.850168237434883345e+00 -1.000491131516348275e+00
0.000000000000000000e+00 -3.100758050218804129e+00 3.177078324353875161e+00 4.164543797704471917e-01 3.870035287962384718e+00 4.015981988846551332e+00 -3.260083758938170817e+00 9.163952633739173015e-01 4.719584108366935205e+00 -6.330919460223846329e+00 -1.072403494410915759e+00
1.000000000000000000e+00 1.344112051351415094e+00 4.872358006602846014e-01 5.768704337877473165e+00 3.801971458617636745e+00 3.058096656560902460e+00 -1.457519720631605287e+00 -1.362686066424323883e+00 1.839550467060772965e+00 2.036493775519394589e+00 2.872226616819315126e+00
1.000000000000000000e+00 1.560751998738757473e+00 2.770891800045444775e+00 4.605931067735268947e+00 3.802247157682424827e+00 3.918894419670973406e+00 -3.027963563552193538e+00 -1.198928819385006506e+00 1.251991565622892821e+00 1.563845648323618942e+00 6.552475898160992074e-02
1.000000000000000000e+00 2.514158942391734319e-01 1.665511454818616066e+00 5.042891651981956436e+00 2.880486838581483244e+00 2.582267961713296422e+00 -3.003327156973694123e+00 -1.788489445062658056e+00 1.850975529221167815e+00 4.900545217280738441e-02 1.968905682979645189e+00
0.000000000000000000e+00 -3.752010548412003654e+00 3.015265253191951267e+00 2.438978975634167323e-01 1.517630386937822706e-01 1.991756560856478675e+00 -3.787913661911292085e+00 4.004361138963853151e+00 4.901471269852314627e+00 -4.236767444462550714e+00 -1.269937253919122933e+00
0.000000000000000000e+00 -4.166870306161959192e+00 3.567541088539982752e+00 4.227031806433314554e-01 1.495299464125783961e+00 3.536686936523684377e+00 -4.337913223100883897e+00 2.080077596076721047e+00 4.276511997584724334e+00 -3.850177432542592371e+00 -1.681475079387448002e+00
0.000000000000000000e+00 -1.887303345117617992e+00 2.342932217955647101e+00 -1.527333067800851651e+00 2.880493040280948769e+00 4.121398300033218831e+00 -4.733091435024729066e+00 2.019514523059220856e+00 4.004661378068726130e+00 -4.611489356863147648e+00 -4.633658387470515061e-01
1.000000000000000000e+00 1.321167091726839216e+00 1.851138965305515693e+00 3.264588912434397638e+00 4.695682042380928678e+00 3.892191540823495721e+00 -2.266641682675968994e+00 -1.817667817993976698e+00 -6.731848756874376782e-01 -5.833994858234841097e-01 -4.503820056948497630e-01
0.000000000000000000e+00 -3.202772330988531646e+00 1.959471566123237363e+00 -7.801973523292206059e-01 1.362008144035765866e+00 2.380272157847460157e+00 -3.597705035178245137e+00 2.394338594657682506e+00 4.837448734686593532e+00 -3.774930696697110122e+00 -8.247993090339684752e-01
0.000000000000000000e+00 -2.842712277944495547e+00 2.880841748315066120e+00 -2.313384210681487474e+00 1.149687919361864097e+00 1.871729363133997293e+00 -5.229778394084346083e+00 2.233195611437797989e+00 5.038148619554045027e+00 -2.723712367198511952e+00 -1.268688007097200643e+00
0.000000000000000000e+00 -3.738135443800354452e+00 2.910785169522150273e+00 9.010778300827897436e-01 3.480424257740923899e+00 1.921177455791870159e+00 -5.245584416173787901e+00 1.282241064329936675e+00 4.467845948513951448e+00 -3.033991496187280923e+00 -3.078657139220924988e-01
0.000000000000000000e+00 -3.993666780905728686e+00 2.553508834723407173e+00 -1.536690416660418723e+00 2.147928667288918625e+00 2.647647276259107674e+00 -4.087184461910403854e+00 1.470506900814079865e+00 3.670925613375403795e+00 -3.584918330880863646e+00 -9.535517492672281881e-01
0.000000000000000000e+00 -2.724977385343096969e+00 3.518577659516738620e+00 -7.422784090934793078e-01 2.447916366081189121e+00 2.596478638216686896e+00 -4.383009351315462432e+00 1.894556767802032082e+00 2.579444946705182318e+00 -2.814178380341857633e+00 -9.498495613341925159e-01
0.000000000000000000e+00 -3.606543503474921586e+00 2.819620683112026960e+00 -1.452052292246608367e-01 1.245003490194084739e+00 2.027507671430050173e+00 -3.429224871969501987e+00 3.018818427548761285e+00 4.682299436916677493e+00 -5.676572843217720710e+00 -1.204218901454486401e+00
1.000000000000000000e+00 -1.301536658404039537e+00 3.430222450516683175e+00 2.605654733648177235e+00 5.729405618612481987e+00 4.593333760422176226e+00 -2.423277766208432382e+00 -2.888079963920891835e+00 6.574116226362965998e-01 2.637675518235465866e+00 1.958275930017848276e+00
0.000000000000000000e+00 -3.745119179168303614e+00 3.356050714960613579e+00 -1.639975062783044502e+00 7.451016629155419180e-01 4.529452834548955309e+00 -2.837263975888057566e+00 1.604047685578507521e+00 3.573554178133560466e+00 -5.640179085449602780e+00 -1.868475877056161583e+00
1.000000000000000000e+00 -3.398289844003558047e-01 1.044936867667664693e+00 3.801369899338928438e+00 4.610269897687416574e+00 3.909237500638168772e+00 -1.409850638787100374e+00 -2.670433664179693967e+00 2.660698205138034567e+00 4.143818805327634802e-01 1.688967977953046651e+00
0.000000000000000000e+00 -3.373496788843616034e+00 3.796898651017120319e+00 -1.058128403468478140e+00 2.098509754762030166e+00 2.463164496145592075e+00 -4.231060598605219880e+00 2.854956259473793612e+00 5.458602225704950683e+00 -4.773512423917848579e+00 -8.407937785196828440e-01
1.000000000000000000e+00 9.813251881648443753e-01 3.335587138033036414e+00 2.376856982720830569e+00 3.243972148191718752e+00 1.100942012831123584e+00 -3.551129528198575080e+00 -2.961415395017897634e+00 2.413513004190108724e+00 2.357349242802331712e+00 5.091662781918062652e-01
0.000000000000000000e+00 -4.239046906739814879e+00 1.745122931294902813e+00 -2.299951716687749226e+00 1.011410170122872820e-02 1.911994129939965203e+00 -4.671708245693238837e+00 2.192737739722844026e+00 3.523437858019651703e+00 -4.654216168794077291e+00 9.306894217126937541e-02
1.000000000000000000e+00 1.674134566118237188e-01 1.292680275596065798e+00 4.070124109341751506e+00 5.204786651513678919e+00 3.279210792307805988e+00 -9.808951799236174107e-01 -2.795363205927555050e+00 9.459287689486530759e-01 5.346369261288671515e-01 3.163713394818478797e+00
1.000000000000000000e+00 -6.310521371233825949e-01 -1.346152481419515823e-01 3.028899786197321475e+00 3.867812234039940122e+00 3.011501322725567587e+00 -3.593691464853337791e+00 -4.155220959710815620e+00 -5.186036522678372229e-02 1.451879140539374502e+00 8.428216868150546492e-01
1.000000000000000000e+00 -2.314386702073924162e+00 1.988848679360921912e+00 5.388797326135981614e+00 4.546740017369479858e+00 5.386104133584465714e+00 -2.897684053341978760e+00 -1.828627726634069584e+00 1.410779704312946414e+00 2.210588183352446556e-02 3.817094567615624712e+00
