1.000000000000000000e+00 4.019806660847729418e+00 2.134813768599643780e+00 -1.532161532125688730e+00 -1.346150439865956283e+00 -4.530098316037591388e+00 3.152269720202951930e+00 -3.021426338856512128e+00 -1.379984344912215555e+00 -2.014952082884514883e+00 5.900973870302159696e-01
0.000000000000000000e+00 -1.408662113597167087e+00 1.914793766558735122e+00 9.906461774263735087e-01 3.402635697802846693e+00 -1.630114266625956931e+00 -6.039984627811167961e+00 4.335567469826917097e+00 -4.121424209710151665e+00 -2.448900511382935186e+00 3.725769318125787599e+00
0.000000000000000000e+00 -7.533898740329092458e-02 1.035727572073848801e+00 -9.844340198440524325e-01 6.292769904273721515e+00 -4.978523407474957363e-01 -5.249908199215946425e+00 3.451665319010115418e+00 -1.830381952374128041e+00 -3.149431285885389453e+00 4.254253444166825382e+00
0.000000000000000000e+00 -9.914563852824452850e-01 1.991873014809171671e+00 1.163675487967026800e+00 5.067042072512278672e+00 -2.811967536108634924e+00 -3.710556786142659380e+00 4.799664395324468202e+00 -4.122040124426929353e+00 -2.124679543528458669e+00 3.833439272978151013e+00
0.000000000000000000e+00 1.121233663961804128e+00 4.454695676044240216e-01 7.541787447443822900e-01 4.106307843665076618e+00 -2.337852847240546872e+00 -6.215394262238929990e+00 4.960384757634553665e+00 -4.483124727788701414e+00 -3.940256396099214520e+00 4.065499312537944832e+00
1.000000000000000000e+00 2.567100653135287125e+00 3.913830098196589447e+00 -1.742503648930795235e+00 -1.041347630835001592e+00 -2.807528424728876981e+00 3.162567971874087114e+00 -3.151725755728411293e+00 -7.240582793488996582e-01 -1.849669063743496489e+00 6.942430722651092845e-01
1.000000000000000000e+00 1.630549553345894020e+00 2.103299465906706356e+00 -9.642762784748049043e-01 -3.374813032341180019e+00 -2.274343765126281447e+00 3.828621089769494557e+00 -2.056358777371324553e+00 -1.262063761300675768e-01 -1.860328979277202643e+00 3.592553869101809960e-01
1.000000000000000000e+00 4.178426182557787527e+00 2.139702601614538846e+00 -4.160856843649664683e+00 -1.719368966094960482e+00 -3.906728280426397415e+00 1.973848983878418117e+00 -3.191028065358442412e+00 -2.577123705389994246e-01 -1.113941006637139797e+00 -1.306799063266806504e+00
1.000000000000000000e+00 1.967468368209529306e+00 2.431836709921835649e+00 4.893382157894359263e-01 -2.017966444225130829e+00 -5.330267613390038406e+00 3.776392706294942059e+00 -2.161559331913360804e+00 -1.064179715741554233e+00 -1.720824424598347058e+00 1.204798982786404959e+00
1.000000000000000000e+00 2.466870066138391770e+00 2.476455389707172383e+00 -1.005628912752111637e+00 -1.717612686603496197e+00 -4.481227176800577361e+00 3.172172271485923289e+00 -3.759657438983392996e+00 -1.184987104721735962e+00 -1.571652396591576295e-01 3.685381114713536244e-01
1.000000000000000000e+00 3.028215907877122692e+00 1.028094772118536282e+00 -2.932787979330240269e+00 -1.981590648683464240e+00 -3.977789502201775740e+00 1.020985477690181442e+00 -2.776166916701581222e+00 -1.775906824880423951e+00 -1.985492415894701823e+00 1.115266114283958832e+00
1.000000000000000000e+00 2.187157694293980992e+00 2.558704100067652920e+00 -1.373060671738082217e+00 -1.764777018692647470e+00 -4.036660403723579371e+00 1.051822698106906984e+00 -1.907558626996706863e+00 -6.092352957375346545e-01 -5.541660287545973063e-01 1.455386363575847941e-01
1.000000000000000000e+00 2.595142798580718502e+00 2.870664224238637097e+00 6.768364192956823899e-01 -1.061845384744610765e+00 -3.657127194903053713e+00 1.582749208902123339e+00 -2.586581096734092977e+00 -2.631171997374854854e+00 -6.531585844986299572e-01 -3.510321475048332474e-01
0.000000000000000000e+00 -1.700796792263072010e+00 1.911033788830804880e+00 1.357957585530717548e+00 3.261850138673858979e+00 -3.534557843035111002e-01 -4.876250821995804507e+00 3.732442164160458820e+00 -2.427035396339805473e+00 -2.070204093866451878e+00 4.173750704028797998e+00
0.000000000000000000e+00 1.672677088006981005e+00 1.572577363726667787e+00 1.904445501779716388e+00 4.832448788956956065e+00 -1.099845776538894704e+00 -3.689740995343232743e+00 3.967832984813754127e+00 -3.055172486071682236e+00 -2.762984167129499902e+00 3.776634817077956896e+00
1.000000000000000000e+00 1.771699748603192681e+00 1.241861163611796881e+00 -1.248201563921206292e+00 -2.979055867437124139e+00 -3.117120892599352544e+00 1.276612679254619520e+00 -3.171907329970836464e+00 -8.896491595484157244e-02 -4.840412511081709113e+00 1.438857969617758137e+00
0.000000000000000000e+00 2.322685640627521142e+00 2.721947981316800380e+00 2.322743565168088331e+00 5.202969680506472017e+00 7.811384859104335554e-01 -5.538201054229449305e+00 3.291170494554818582e+00 -3.756848219962545254e+00 -4.187512598623222004e+00 6.245106519583401905e+00
1.000000000000000000e+00 9.347666679093427078e-01 2.450512208326273811e+00 9.580613249733929138e-01 -3.711374643382383542e-01 -6.781347842770715673e+00 1.835724223039433278e+00 -1.227773179841678886e+00 -1.131730384683122148e+00 5.867647564997438003e-01 1.607443915232334097e+00
0.000000000000000000e+00 1.994259060093467095e+00 1.451971737943272167e+00 2.012488270618554287e-01 4.642893219702111551e+00 -2.386680954000113708e+00 -5.002873800800577087e+00 4.306496702393387999e+00 -4.379648660910945068e+00 -8.051522559707939841e-01 4.836126790058941083e+00
1.000000000000000000e+00 4.301547474968193896e+00 2.470426627481595361e+00 3.060230794338643090e-01 -1.038804357953801771e+00 -3.541777702793314830e+00 3.359013346752406370e+00 -2.290483744709550518e+00 -1.891616399701208096e+00 -2.171587938518700356e-01 -5.918210020170471264e-01
0.000000000000000000e+00 -8.058161793642502069e-01 1.304861639528483330e+00 1.029690094699612590e+00 3.571034497253931850e+00 -1.125138572925506120e+00 -4.379496164987146223e+00 6.729724190683699092e+00 -4.683066685263847617e+00 -3.923918872154103177e+00 3.374100268517806533e+00
1.000000000000000000e+00 2.244659818124825179e+00 2.302111679756165152e+00 -1.340382468404468286e+00 -2.329839244293722800e+00 -2.650559571393247715e+00 3.608341060031043490e+00 -4.461516343761138259e-01 -1.097132235248550858e+00 -1.996084558385742502e+00 6.792704890319039013e-01
1.000000000000000000e+00 3.349746814933166839e+00 1.791469420478350116e+00 -2.194026129754337973e+00 -2.930046530136178440e+00 -4.856815164632427795e+00 1.271487178971852705e+00 -3.157064675833626044e+00 -6.712579050134312997e-01 5.543054059097922703e-01 7.743711521771350359e-01
0.000000000000000000e+00 -6.116540426678249709e-01 2.171129471290087487e-01 1.791307140455285496e-01 3.911708387918459984e+00 -1.555924397922672231e+00 -5.676379712850463832e+00 3.238582747908596904e+00 -3.957983075409423179e+00 -3.948588669498044545e+00 5.096876242372583299e+00
1.000000000000000000e+00 3.640899098250951926e+00 1.099692715020904377e+00 -2.620811307322260753e+00 -4.745563732695428083e-01 -3.280763869038313185e+00 2.271925947140709390e+00 -3.871826786972310863e+00 -7.818075438348426331e-01 1.340948901160168072e+00 1.573340808733063034e-01
0.000000000000000000e+00 -1.737623052257367129e-01 1.899982611516669362e+00 1.057573007433193490e+00 4.964977912327179332e+00 -2.207919775390629447e+00 -4.773724844281698410e+00 3.792638240498993341e+00 -3.501492259460962320e+00 -2.104267280323155909e+00 3.107163445297159043e+00
1.000000000000000000e+00 2.184605152781939008e+00 1.986761868899986405e+00 -6.561318305829433317e-01 3.442389256025468747e-02 -5.369206615366456603e+00 4.423801365454694157e+00 -5.872392476020728225e+00 6.586095254299249024e-01 3.492248228348699968e-01 -1.167552076009751860e-01
1.000000000000000000e+00 2.203616203462934298e+00 1.881695194885607769e+00 -7.941338423099211230e-01 -1.434465459666368181e+00 -4.167173504296807884e+00 2.139434064912309363e+00 -2.908693808955336024e+00 -1.508364838853074374e+00 -1.569947760364429179e+00 -3.268545302439598288e-01
0.000000000000000000e+00 -1.076558643298471729e+00 1.177456012610682778e+00 4.709046041275277705e-02 5.257664156606239203e+00 -2.969124000697959342e+00 -4.344101466013787771e+00 3.225812748995223522e+00 -3.039957612537228737e+00 -3.508597096126992110e+00 3.439159409879883889e+00
0.000000000000000000e+00 -1.564749380973836423e+00 -2.439786344654004679e-01 -2.683652243127688797e-01 5.002849056386306614e+00 -2.971396696214004152e+00 -6.164993541936805599e+00 4.255744667123887659e+00 -4.162108134259479897e+00 -1.918982455004542231e+00 5.488141685037522421e+00
1.000000000000000000e+00 1.886137959445749246e+00 2.115480840200117285e+00 -2.004137666481248026e+00 -1.738950039817959592e+00 -4.954303914165079092e+00 7.209938636014936453e-01 -4.321110518240675269e+00 -7.421844429040593827e-01 -1.607222051209638014e-01 1.725773047673023752e-02
1.000000000000000000e+00 2.267207691540237491e+00 2.490139651563615608e+00 -1.989386956248990312e+00 -1.069400810600583007e+00 -4.044190125821966575e+00 2.859641181953632483e+00 -1.221609799933040197e+00 -1.018080572265023021e+00 2.897485130754684501e-01 8.056795646496008878e-01
1.000000000000000000e+00 3.813162251324097696e+00 2.913361586533320224e+00 -1.876220416608389119e+00 -1.641630637363384881e+00 -3.289313457701728005e+00 4.821200539143804420e+00 -4.125898193504798250e+00 -1.337543702369932141e+00 -1.306394297206468602e+00 4.713852064465946512e-01
0.000000000000000000e+00 -2.981212120770891927e-01 1.622132924023968581e+00 1.818341151287045543e+00 3.728120011527800592e+00 -2.530747898269484431e+00 -3.977399505949176461e+00 4.399692367032290718e+00 -3.633472625373967979e+00 -3.866555811740893578e+00 4.853170719947128120e+00
1.000000000000000000e+00 2.948438559553311133e+00 2.035313243860995769e+00 -2.259920958936786572e+00 -1.037476257240478095e+00 -5.504669927285558373e+00 2.766668234544529259e+00 -2.267857154748609716e+00 5.120492674877847872e-01 -1.309704807661992820e+00 5.074441215876763778e-01
1.000000000000000000e+00 2.960165140630675040e+00 3.010866850751676260e+00 -6.740139793875419283e-01 -1.625588713625547133e+00 -2.944317475762579406e+00 3.207993544160364419e+00 -3.610661241509727670e+00 -2.581588794808915122e+00 5.005535696011416125e-01 -3.689842875447864046e-01
0.000000000000000000e+00 -9.007306678260031951e-01 1.674891961521282724e+00 7.440047195103450806e-01 3.564668778293518248e+00 -1.516596659477765341e+00 -4.634061228037827718e+00 2.656783372467557580e+00 -3.538129897853885542e+00 -1.136797667996986005e+00 6.034468479503970251e+00
0.000000000000000000e+00 6.139231235081863414e-01 1.675212615064720190e+00 3.486907221187784955e-01 5.526942617169488869e+00 -2.159255524535817372e+00 -6.093406598779846028e+00 4.945028641537294156e+00 -3.061272249055875250e+00 -9.526245076644928034e-01 5.152870016080932203e+00
1.000000000000000000e+00 9.407008921562995951e-01 1.469789074514188165e+00 -4.818651922889989336e-01 -7.604153576712422424e-01 -3.931951018178141410e+00 3.186280132157802480e+00 -1.268133309285380150e+00 -1.637722712278886661e+00 -3.017906790686154528e-01 1.470483452934925994e+00
1.000000000000000000e+00 3.266413543721180091e+00 1.104601837047856971e+00 -5.790446303519858340e-02 -1.264650605976300968e+00 -4.065828272779243413e+00 3.624678677717507735e+00 -1.667819507711754135e+00 1.642350817853308609e-01 1.684556371576995115e+00 3.453036051087494673e-01
0.000000000000000000e+00 3.837459035173818034e-01 9.467954628240879966e-01 9.707382771750271422e-01 4.983173090371930236e+00 -1.924342624155851000e+00 -3.583204437524539987e+00 5.750423831821824372e+00 -2.895924856118596846e+00 -1.981476305917884373e+00 4.840937433022883596e+00
0.000000000000000000e+00 -1.448591156079177544e+00 1.484566756111811880e+00 -6.605645761165095387e-01 4.579819545972328321e+00 -1.550080374577646136e+00 -5.182914846806788489e+00 2.369738101623585891e+00 -3.696144941491112057e+00 -3.737594928929859339e+00 3.518096965683205735e+00
1.000000000000000000e+00 3.430737845802308783e+00 3.787399656243677359e+00 -6.710812357838749076e-01 -1.235551316707136582e+00 -3.064646799116341747e+00 3.516616409627295603e+00 -4.519961271898676358e+00 -9.245807880241327936e-01 -5.957550430506655115e-01 9.526908877262260100e-01
0.000000000000000000e+00 -7.027017819121705866e-01 8.343183271593287431e-01 5.502859426085463523e-01 3.879305100810839679e+00 -1.278604141954216455e+00 -5.457982625254181208e+00 3.573972233844997959e+00 -2.730786028785412878e+00 -2.666337799515645646e+00 5.305279249283463727e+00
0.000000000000000000e+00 -1.457785906690166611e-01 -1.115241255860106584e-01 6.371363286651300362e-01 4.106012878490990836e+00 -3.332618076668818041e+00 -6.159487065562577079e+00 3.148773619784201117e+00 -3.753510290290823281e+00 -2.885769265634285041e+00 4.013272476864392146e+00
0.000000000000000000e+00 -2.878916537795187303e+00 2.300819069980989173e+00 5.802812863781680042e-01 3.763443097283349026e+00 -2.224055449616003433e+00 -5.096117220798851655e+00 4.398655221184286646e+00 -2.674314133424931850e+00 -3.049138669130322832e+00 5.389341876213385341e+00
1.000000000000000000e+00 2.238939895150373616e+00 2.258617035747281676e+00 -4.560268621480472184e-01 -1.549227147206913680e+00 -5.802615213258720317e+00 3.715504136567467253e+00 -2.572036637009146087e+00 -7.111660094338803084e-01 5.379401911979375672e-01 -4.261661392589467523e-01
0.000000000000000000e+00 -3.995450863501065486e-01 1.667266697658711161e+00 2.339428426647957249e+00 3.176988366147805110e+00 -1.262350444291072904e+00 -5.561311922383472606e+00 4.288492384997311113e+00 -3.434008618355122611e+00 -2.820323022024043613e+00 5.340411524874914662e+00
1.000000000000000000e+00 3.484695593536470515e+00 2.183491914707351711e+00 -1.196215387847057610e+00 -1.276506310338805461e+00 -1.589715685993663641e+00 3.402505752358559121e+00 -2.499691188333180047e+00 -1.530009020124696972e+00 -1.493619375607815547e+00 1.316581458154709172e-01
0.000000000000000000e+00 9.993107701911652097e-01 1.511265616509843701e+00 2.428281780588607663e+00 4.870957543396346345e+00 -2.017034634944447902e-02 -4.112929547683297216e+00 3.503950182724608897e+00 -1.864001889184441652e+00 -4.716416359128208668e+00 4.376432372914267788e+00
0.000000000000000000e+00 1.029664566500279488e+00 1.081061348260545785e+00 -1.366117306319029945e+00 2.917318955713811945e+00 -9.582945101476454397e-01 -6.197463087519331282e+00 2.681027417097101129e+00 -4.461095231160794761e+00 -2.895366148990434318e+00 3.579542647843165781e+00
0.000000000000000000e+00 -6.340441940012531141e-01 2.512022478840784778e+00 5.858129890671800455e-01 6.195749659069699433e+00 -1.440053856601591020e+00 -5.656299677907408174e+00 4.526280645667621449e+00 -3.728694112108369652e+00 -3.803896110110178252e+00 3.373140377715075022e+00
0.000000000000000000e+00 -9.071167612238648648e-01 4.445959040114182415e-01 2.200905401871544598e+00 4.398064020412869368e+00 -2.947522158302628981e+00 -3.932807489353913777e+00 4.929594423007893411e+00 -2.791097469565427591e+00 -4.030473712855429547e+00 3.551629704947747879e+00
1.000000000000000000e+00 5.133128425636521719e+00 3.163547917478512161e+00 -1.861328949543081812e-01 -9.820338355177749001e-02 -4.055565453951941457e+00 2.731747418861574239e+00 -2.824717556697061926e+00 -8.312421478804011832e-01 -2.098816851647218762e+00 2.739904709251781978e-01
0.000000000000000000e+00 7.517713770291922781e-02 1.770545314785684665e+00 -6.516998461245260277e-01 5.777856090566027447e+00 -7.424133379174187031e-01 -4.956846146002655829e+00 9.615528104863031444e-01 -3.618134720166438001e+00 -3.648948247022143043e+00 3.378786054821471652e+00
1.000000000000000000e+00 1.484421333514239993e+00 1.650280616910631437e+00 -1.793589310313267404e+00 -9.726680956267226286e-01 -3.515543275662917022e+00 5.948313140401762844e+00 -2.825989930825306917e+00 4.547043591876898105e-01 -8.767524969930242662e-01 -2.095194505697757226e-01
1.000000000000000000e+00 3.689484679955338020e+00 2.551281865765039125e+00 -2.168636287475523172e+00 -2.401547760352604755e-01 -6.122266791804452879e+00 3.238341468907877996e+00 -3.936396809876243630e+00 -4.189487375248724277e+00 -9.802047057159080090e-02 -9.456962026399269305e-01
0.000000000000000000e+00 -3.621413325486539381e-01 2.281936522115234567e+00 9.205439846290703887e-01 4.004420405228686697e+00 -2.466152668169589557e+00 -6.070356059658212899e+00 3.723148231796813423e+00 -2.943523507497089575e+00 -3.493177248424543357e+00 5.005372537610583983e+00
0.000000000000000000e+00 -1.752933760749985082e+00 2.114924489329870649e+00 5.705004715527884906e-01 5.119097597664850063e+00 -1.646369789804342121e+00 -4.724523244596986693e+00 4.285648675325001378e+00 -3.743642996129157297e+00 -3.557660635929775328e+00 3.967213630572206107e+00
1.000000000000000000e+00 3.103105352852161047e+00 3.206409117755208982e+00 -7.952715686367113346e-01 -1.977826293900311949e+00 -4.182739813592787570e+00 2.934914367805859126e+00 -3.603623644393540104e+00 -9.050198486494046568e-01 -5.254651773161577166e-01 -9.358903934149072068e-01
0.000000000000000000e+00 -9.703893146455844221e-01 1.681379598814377374e+00 1.961930762673678386e+00 5.724893542726952056e+00 -6.970135003647306426e-01 -5.386449263588911407e+00 2.593985357809214687e+00 -3.792051289872103936e+00 -3.762495233368336134e+00 3.666304193862979233e+00
0.000000000000000000e+00 -6.467653116595217799e-02 2.524052037999538811e+00 -2.494637914068215112e-01 3.602176280545473119e+00 -1.438973933410716333e+00 -5.258591891444456046e+00 3.996510803652338684e+00 -2.205174058134867110e+00 -3.176628752993151839e+00 3.937955780519097004e+00
1.000000000000000000e+00 2.170372231220905057e+00 1.370628280526777765e+00 -8.803501660099273263e-01 -2.220003648411321695e+00 -3.572433087115642003e+00 1.836068743722603314e+00 -3.255752872584793955e+00 -2.414845412136948255e+00 2.123432083077504196e+00 -2.753317036767962689e-01
0.000000000000000000e+00 -1.260578261720416204e+00 1.474044382063036895e+00 -3.474555106746197719e-01 4.353495752148234033e+00 -1.772528713700768144e+00 -5.052741687211605104e+00 5.616595691043983152e+00 -2.615653464757345947e+00 -1.855356708686675571e+00 5.423045148270200677e+00
1.000000000000000000e+00 2.728621707926050632e+00 1.536364207303362317e+00 -7.157138828378570850e-01 -1.363704403348628080e+00 -4.547312414702055605e+00 1.775634550420034374e+00 -1.951354617099351207e+00 -1.317832408297694213e+00 -5.613243316193727850e-02 6.387218548777854332e-01
0.000000000000000000e+00 -1.148848954090968100e+00 6.330281788870529835e-01 5.260675335443697476e-01 3.026850352166714053e+00 -3.402807091524699956e+00 -3.982173616608498445e+00 5.196193647253751990e+00 -2.216570032772336329e+00 -3.811824518823742292e+00 3.631433707985438630e+00
0.000000000000000000e+00 -1.046430639016487696e+00 1.893114767242916496e+00 -5.557192704803306516e-01 3.829028285835747170e+00 -2.768656632135062079e+00 -3.336756858880805865e+00 5.354381087021476304e+00 -3.595233275323633126e+00 -2.280768637781838581e+00 3.697194195498926472e+00
1.000000000000000000e+00 3.024931596955809709e+00 2.053637038465735198e+00 -2.958188726696022286e+00 -2.600545035922141590e-01 -1.496346290353312458e+00 3.658354881725236041e+00 -4.662995466433860869e+00 -1.055917534435080185e-02 -3.825307751644548837e-01 1.007872284417790532e+00
1.000000000000000000e+00 2.810494211901902961e+00 3.066084309196777546e+00 -1.454538725397388710e+00 -5.381981181704824646e-01 -4.446520434220533780e+00 5.068533051746086926e-01 -4.396099126220539333e+00 -1.386278788805346718e+00 -8.043407394953977496e-01 3.821330342814921455e-02
1.000000000000000000e+00 1.871285299392979828e+00 2.909704180379375060e+00 -1.196472142694934737e+00 -1.792728378930732891e+00 -3.109959546903014349e+00 8.682813303748986300e-01 -1.832010901949557846e+00 -1.796205519362719549e+00 3.066479791903304886e-01 -1.857812047666756783e+00
0.000000000000000000e+00 -1.441747139495435537e+00 2.594745419608784687e+00 -4.324631371523202095e-01 4.942633738588954273e+00 -1.379232787244337066e+00 -5.768159101201489669e+00 3.064224444646410195e+00 -3.025213673819211913e+00 -3.201892154594566442e+00 5.645885639118165322e+00
1.000000000000000000e+00 2.019462450257200725e+00 2.649340133862784441e+00 -7.987709791579766794e-01 -2.345420275361938867e+00 -5.339040056347135632e+00 4.128594347907479367e-01 -3.014077118034490077e+00 -7.901438744605917552e-01 -1.221021252734520779e+00 1.264928028931672443e+00
1.000000000000000000e+00 2.739174741680422631e+00 2.698785698015195855e+00 -1.132529097839703125e+00 -2.973924973180896103e+00 -2.508699251762497084e+00 4.830453343290349366e+00 -2.952132758108034771e+00 1.734460243238342692e-01 -2.029647537352561759e+00 1.015853677236767894e+00
0.000000000000000000e+00 -1.478521367044120627e+00 1.406455693843021271e+00 2.256232208556240515e+00 5.891499045332168727e+00 -1.792756844351432122e+00 -5.157046184679294321e+00 4.158045900428535724e+00 -1.047922926818015465e+00 -3.382093493120189809e+00 4.200104601337248056e+00
1.000000000000000000e+00 3.666485400871781763e+00 3.210312876113832203e+00 -2.324057209948533931e+00 -1.301773589762861505e+00 -3.235200582754641729e+00 2.633738196082686223e+00 -5.291068166235127102e+00 -6.368537572289852955e-01 4.423734194185364732e-01 -1.849659851439479308e+00
1.000000000000000000e+00 4.013778393475072370e+00 2.191448156030398220e+00 -4.625884509068080019e-01 -1.490379544817236779e+00 -3.690650691759314039e+00 3.532032797056161577e+00 -1.849589095960262108e+00 -1.954108437186929059e+00 1.292134789898421898e+00 -1.773195453123803667e-01
1.000000000000000000e+00 2.752807189456573322e+00 1.387067383281948008e+00 -3.397867316931598713e-01 -1.726334920391897176e+00 -1.594842394998781110e+00 2.476316172506935587e+00 -4.074104999881878797e+00 -2.042467082447305682e+00 -1.646008756726548006e-01 3.170580904523746524e-01
1.000000000000000000e+00 2.515331716905320647e+00 1.916561997718069232e+00 -6.256384240451643430e-01 -3.060375739650130988e+00 -5.142445324914783455e+00 2.187202042955085801e+00 -2.257175507102462397e+00 -1.005903778200882392e+00 -1.071760314328473296e+00 -2.018183099045081086e-01
0.000000000000000000e+00 -1.115619654965704921e+00 2.034572586562725327e+00 2.427922181379946753e+00 3.802955713004180449e+00 -2.448185654182840842e+00 -5.617301796473723741e+00 2.121236384694716204e+00 -3.449740191194077710e+00 -2.768539711125385772e+00 3.272842102298417544e+00
0.000000000000000000e+00 -5.819880589495087797e-01 1.744256483939862656e+00 2.769028068147083133e+00 3.184131308917105052e+00 -3.297961835194882951e+00 -2.333185221043731161e+00 4.998088363376641752e+00 -2.232806406898905305e+00 -3.292992153073353023e+00 4.425136595490875457e+00
0.000000000000000000e+00 1.157081105308922497e-01 1.448709307837671156e+00 1.732476852320363969e+00 5.016364266639438796e+00 -1.318615330829979948e+00 -4.509605005452634430e+00 3.862959930292652722e+00 -3.589046791621342880e+00 -2.853151388465121396e+00 3.010788862638169583e+00
0.000000000000000000e+00 -2.299063445755162860e+00 2.179615419031763146e+00 3.304218715308251397e-01 4.460474182141785704e+00 -2.580732852932146049e+00 -6.141508449012618165e+00 3.346747331400060421e+00 -4.361880820102014056e+00 -4.265202077778061707e+00 4.883356969648673385e+00
0.000000000000000000e+00 -9.346926480204038601e-01 1.814007931105855675e+00 5.773577380553850391e-01 4.160344767621410256e+00 -1.482420622278517452e+00 -4.682171298215167532e+00 5.438070220401577615e+00 -2.721663591219329437e+00 -2.387670461094210772e+00 2.733328413970107285e+00
0.000000000000000000e+00 -2.316060226678065437e+00 2.021941266806942306e+00 1.735118652432894759e+00 5.060316521526948108e+00 -4.279905060030182895e+00 -4.945734156684466143e+00 3.606400817384313395e+00 -4.134442793906446312e+00 -4.681504976435949317e+00 4.885542264801567391e+00
1.000000000000000000e+00 2.412509682344451178e+00 1.472993662859240604e+00 -1.474626944829074970e+00 -2.087245156029206683e+00 -5.989311411431930132e+00 3.784546803659030623e+00 -2.061124833087828012e+00 -2.104157199891388608e+00 -2.668064810287721134e+00 -1.374899927256377774e+00
0.000000000000000000e+00 5.835678174149898645e-01 1.581582919799930043e+00 -1.263040582067364692e+00 5.016837000639378985e+00 -2.376747559495171469e+00 -5.156836801294618411e+00 2.926368811113023494e+00 -4.082971530928984905e+00 -1.995201493203395460e+00 2.949827284875084832e+00
1.000000000000000000e+00 3.096763854118481429e+00 2.491983615863257118e+00 -2.878014541088087075e+00 -6.514265088024263628e-01 -3.998492903700063383e+00 1.865628491599418570e+00 -4.217376847572796628e+00 -2.540407167725580173e-01 -9.806388832977119829e-01 1.458542330999045011e-01
1.000000000000000000e+00 2.828473189304947066e+00 1.203326793620364654e+00 -8.024293194783365113e-01 5.094460909690807782e-01 -4.540220107656537607e+00 2.589896947144949557e+00 -2.882329329408073182e+00 -2.255671631011426648e+00 -4.284593682101648371e-01 1.486746100276359117e+00
0.000000000000000000e+00 2.873961657736522124e+00 3.573870868804496226e-02 -8.474077411520801739e-01 4.017571912591998640e+00 -2.960201905909798370e+00 -5.143004262236291702e+00 3.947205959785710760e+00 -3.350174193672590839e+00 -3.414905895679771319e+00 4.607818481969896851e+00
0.000000000000000000e+00 5.091282311274544226e-01 2.405703409568313411e+00 1.208970011734826544e+00 4.693318923513316143e+00 -1.630416783191413366e+00 -5.940097627244804279e+00 4.736784746399686163e+00 -4.304134653394457111e+00 -3.259416425255680316e+00 3.094572863849210265e+00
0.000000000000000000e+00 1.379008535706938154e-02 -2.496397210223264551e-01 2.816424425611031013e-01 5.283267550971069149e+00 -2.166901355618155556e+00 -3.288169612370334782e+00 3.615927201664856483e+00 -4.978971702919261055e+00 -2.969278738266323270e+00 4.503730788447951383e+00
0.000000000000000000e+00 1.126196473165442802e-01 -5.595122073612741609e-01 1.203787490309869757e+00 4.210663852568896637e+00 -9.618494599054653316e-01 -4.733169888243820012e+00 3.543165286583723983e+00 -2.184702088958692112e+00 -2.799594694020211438e+00 3.940474359826141804e+00
1.000000000000000000e+00 2.936245154263784407e+00 1.736827461801061068e+00 -1.174076066594592627e+00 -1.468542123695919521e-01 -5.275474315117190116e+00 3.034747497993082632e+00 -3.088823503344199750e+00 -3.034685783862062003e+00 3.687341342394403476e-01 -1.349810933055651252e-01
0.000000000000000000e+00 -1.002446083528082399e-01 -1.255740691034383794e-01 1.170449613545024636e+00 3.679307970891912305e+00 -1.963990246275842733e+00 -5.544600387780056039e+00 3.586914707390790102e+00 -3.072018494458085947e+00 -3.129790372462348813e+00 3.324082237940637619e+00
1.000000000000000000e+00 3.554302079340132980e+00 2.482678815715325005e+00 -1.874306806360135580e+00 -1.792215701654613635e+00 -4.918650184396883063e+00 3.706628045696328755e+00 -4.060247598982485329e+00 -1.957151628530084952e+00 -6.089240063764038702e-01 -2.054893432176150281e-01
0.000000000000000000e+00 -4.617453357833550820e-01 1.563284379145746694e+00 1.357845701501463886e-01 5.675414163563464065e+00 -7.204416905572972318e-01 -3.918623935062581332e+00 3.512938766290941039e+00 -2.834161246768009956e+00 -2.037679021884586383e+00 4.588466574088470473e+00
1.000000000000000000e+00 2.140664093902137299e+00 4.918402563767600100e+00 -5.358138461333040725e-01 -1.358824267981672218e+00 -4.398645733921195067e+00 3.428352536884183621e+00 -2.885787068985117720e+00 -2.157531358502513097e+00 1.595499352343580091e-01 1.470887178771821846e+00
1.000000000000000000e+00 3.637398387120498455e+00 2.142290944986618317e+00 -2.572183383092752962e+00 -6.492866614066442610e-01 -3.540555896428561944e+00 2.606623461153012578e+00 -1.684972297703078103e+00 1.025161215263111991e+00 6.515844592064923280e-02 1.970710582714555237e+00
1.000000000000000000e+00 2.705632357321294812e+00 1.422686380530371553e+00 -6.708917205001808659e-01 5.043586064498439825e-02 -5.857100941702782393e+00 2.188288961438606517e+00 -2.198908584533965982e+00 -1.045374313940878652e+00 -1.051608770515419344e+00 -3.107926708464113785e-01
0.000000000000000000e+00 6.498012924434961590e-01 9.925262496834259540e-01 -3.682139098905500285e-01 4.424273268216041721e+00 2.814595940763631177e-01 -4.511303252983390522e+00 4.940832902883278699e+00 -4.193810281889469138e+00 -1.431276629646549337e+00 3.784993752893464070e+00
