0.000000000000000000e+00 -1.225353861118875676e+00 3.110729664623683721e+00 3.811928589300595860e+00 2.340923025147639613e+00 1.408569080243603056e+00 5.970173423269616864e-01 -3.357090067549424739e-01 -4.574582995024428556e+00 -1.760703320801429550e+00 -6.318401832255108985e+00
0.000000000000000000e+00 -1.400011209777828114e+00 4.432589879051987758e+00 3.953074391808172550e+00 8.697274153777843075e-01 2.257320300207501518e+00 -1.596659061612700103e+00 1.050931800765819046e+00 -3.281559296592808650e+00 -3.307259423130763487e+00 -1.451572518911194987e+00
1.000000000000000000e+00 -3.819933799266512331e+00 -3.267819162526187426e+00 -1.354663462870572044e+00 2.019672494994874334e+00 -3.139846316456738062e+00 -1.739179048595417942e+00 2.006883924606721603e+00 -1.829186174265700071e-01 -1.038125797292611896e+00 3.567453518529908330e-01
0.000000000000000000e+00 -1.964990245597278751e+00 5.038818780830760957e+00 4.720843923621567129e+00 -6.793019116908212141e-01 1.826308349047345736e+00 -2.351261145470872060e-01 1.771542998999619645e+00 -3.756285480718362102e+00 -3.227080157736028632e+00 -5.367820061821967137e+00
0.000000000000000000e+00 -1.458631032930085558e+00 2.035093226685507073e+00 2.983142449239190253e+00 8.022332397621859124e-02 2.182955535165337579e+00 -4.048761136957025886e-01 6.118056570599046395e-01 -5.766376299974690589e+00 -1.805722645962547945e+00 -4.701593118037570740e+00
0.000000000000000000e+00 -3.408598794251501474e+00 3.777815657441463859e+00 4.532844845997560768e+00 -1.104827371418069415e+00 2.604798175555616879e+00 -6.492802822693473086e-01 -1.342025790739496571e+00 -3.671748081690621834e+00 -3.066516744955853913e-01 -3.727811345442243685e+00
1.000000000000000000e+00 -3.014982713040915474e+00 -3.787207813933258116e+00 -3.223466406642735649e+00 2.748323300055908192e+00 -2.816661226539863616e+00 -2.396252504316559673e+00 1.759565442538984392e+00 -1.273132432671933101e+00 6.960711978303230074e-01 5.851820415620023752e-02
0.000000000000000000e+00 3.862597576778681319e-01 2.404751558472329354e+00 4.257449479185845931e+00 -8.613922897543495605e-01 2.638340730053795546e+00 -8.706479055530591538e-01 6.786271119979920829e-01 -5.526952288586381989e+00 -3.047864969117699108e+00 -3.025500557146557856e+00
0.000000000000000000e+00 -5.953296322205727797e-01 1.658240354967370989e+00 3.927032264118347715e+00 4.609297192376203833e-01 2.335664466985014176e+00 1.413416976898953958e+00 8.835523506290908768e-01 -5.954451115087988633e+00 -1.739806435271073148e+00 -5.416534427633301618e+00
0.000000000000000000e+00 -2.352045353425373797e+00 2.772739121921775851e+00 3.400165039549980062e+00 -6.423561056872414410e-01 2.498138844030911354e+00 -5.911752432335750651e-01 3.005529622240585841e-01 -4.748788036239575128e+00 -2.850559746976818243e+00 -4.552805062840777239e+00
0.000000000000000000e+00 3.901329354656211112e-01 3.312718628811308186e+00 2.861270628177763342e+00 1.144907168436242628e+00 4.602541296782312941e+00 9.630436874260608349e-01 3.465284196339604161e-01 -4.380204813730891544e+00 -2.851079768518220092e+00 -4.385096197902447201e+00
1.000000000000000000e+00 -5.715418380795236786e+00 -3.812728527006190138e+00 -2.496706895351193722e+00 1.832473388270869918e+00 -2.218604994485293247e+00 -2.871795035408947427e+00 9.868368506430560405e-01 -3.653622319679816766e+00 1.639212218907959429e-01 1.932093637340172476e+00
0.000000000000000000e+00 4.218690031173595312e-01 1.051914832145879108e+00 4.710447022413248419e+00 8.198746843658681893e-01 3.095461910436893227e+00 6.436147905549940429e-01 -6.694911298378479758e-01 -4.552576639743485032e+00 -1.674570750228943972e+00 -3.889614858695151334e+00
0.000000000000000000e+00 -8.470121376085024689e-01 1.681475602674883385e+00 3.447044770182582596e+00 2.305740713160498334e+00 1.102702384707754391e+00 7.299505701326319818e-02 7.757553129877154952e-01 -7.350552458900104114e+00 -2.021135505343134575e+00 -3.571937101722278740e+00
1.000000000000000000e+00 -2.526408472213955037e+00 -4.730942296392539603e+00 -3.033334743647486675e+00 2.206974634060899554e+00 -2.151144486235618825e+00 -2.630371294333017751e+00 6.571465621541960900e-01 -2.318042302187819814e+00 1.328450832708871321e+00 1.017677687722111868e+00
0.000000000000000000e+00 -1.890486606868344577e+00 2.955748612300311162e+00 3.098322445461888286e+00 -5.586689784477766318e-01 3.168370546427269563e+00 2.675090333356995864e-01 1.574474670443448909e+00 -5.307539206470632820e+00 -2.140953963817101346e+00 -5.302324708442682777e+00
0.000000000000000000e+00 -1.366009037477353694e+00 2.228998126841788885e+00 5.496987473420804626e+00 6.479119544382483387e-02 3.084909685553411052e+00 -5.090037866758562179e-01 1.272308300958793659e+00 -4.825426536581617576e+00 -2.577135129354286569e+00 -4.881590398486883586e+00
1.000000000000000000e+00 -4.904227737376608331e+00 -2.699789959691190511e+00 -1.874171658042834476e+00 3.780986912212548123e+00 -3.198637300946962636e+00 -3.026086657843725547e+00 1.259109423990858678e+00 1.529553561422136720e-01 7.848523523577999317e-01 2.732621821842116105e-01
1.000000000000000000e+00 -2.479600252194262389e+00 -4.575256870110971263e+00 -1.733737644445886072e+00 5.106717014376971342e+00 -2.307389008845091460e+00 -2.153125538925234395e+00 1.609219234611237948e+00 -6.297079676822272543e-01 8.747679054791869246e-01 -3.726784808669099114e-01
1.000000000000000000e+00 -4.116063051822212771e+00 -2.027025291497949411e+00 -3.255568666001056322e+00 2.751270653229818564e+00 -2.798412350247191149e+00 -6.152122574743037475e-01 2.045869962053630253e+00 -2.186637599799911236e+00 6.636834405220124466e-01 1.929258327076370350e+00
0.000000000000000000e+00 9.617298237334854782e-01 3.048392441057660385e+00 3.866276111664682880e+00 -4.728512027518837479e-01 2.241953581148221186e+00 -1.152523129349305675e+00 -2.317290021035583458e-01 -4.507996479557386138e+00 -9.506662054822601071e-01 -3.182056326178457795e+00
0.000000000000000000e+00 -1.914892658385213497e+00 1.689795674884083221e+00 2.934809962342788570e+00 1.048914397404141496e+00 2.948519931753756929e+00 1.697534698461997005e+00 -9.788134627797764331e-01 -6.103909689621650259e+00 -2.859389107296123278e+00 -2.310539506697305789e+00
1.000000000000000000e+00 -4.556727154397255397e+00 -2.789196191444814232e+00 -3.491910308053862266e+00 2.912640936734438579e+00 -4.640832772153837382e+00 -2.071391924997365575e+00 1.744276905272136080e+00 -1.321720649827307303e+00 6.380462927818502106e-01 -1.437007627049611269e-01
0.000000000000000000e+00 -2.847785289814584786e+00 1.563584340423646024e+00 2.395904773836647017e+00 5.509708816584115709e-01 6.707207449832528479e-01 -1.314881412560821916e+00 3.582294110866449111e-01 -4.218714068869521050e+00 -2.994088295489299334e+00 -5.834501039607284056e+00
1.000000000000000000e+00 -2.185963387879202635e+00 -4.153646020142326201e+00 -2.183905551380887822e+00 3.026906194103639702e+00 -2.575506161301233554e+00 -6.971298742444664853e-01 2.459248260262061780e+00 1.689333906622272341e-01 6.023277250040088848e-01 4.041729200121455534e+00
1.000000000000000000e+00 -3.209382406640967744e+00 -4.827136714341475177e+00 -9.245206421673404229e-01 2.918095383222615968e+00 -2.930427569176745184e+00 -2.923639596671444352e+00 3.527057173175970561e+00 -2.665118759271400961e+00 3.377297701746561631e-01 7.374038752174961742e-01
1.000000000000000000e+00 -4.402750545102819046e+00 -4.058776348096900577e+00 -2.879955834759688749e+00 3.736925411041103207e+00 -3.189530128417423338e+00 -1.029718199346938867e+00 3.136123056948012078e+00 -2.299295017725579537e+00 -4.429422426155350534e-01 1.196086320626420729e+00
1.000000000000000000e+00 -2.934502524872066864e+00 -3.563712453160239324e+00 -1.733335730778738482e+00 1.082655528826065527e+00 -2.312065463263176301e+00 -2.175139106089499119e+00 3.550101187059373942e+00 -2.164437650127826185e+00 -3.112542575768312281e-01 5.242763286327233319e-01
1.000000000000000000e+00 -4.645974880450208566e+00 -3.612728313461462282e+00 -2.395248012113458724e+00 2.217429458516219309e+00 -3.285230955108005002e+00 6.795173944277954625e-02 1.831687854374582480e+00 -1.865160001805322931e+00 5.479064010768164295e-02 3.528126078867681148e+00
1.000000000000000000e+00 -2.122690385594988349e+00 -2.968292837231102599e+00 -2.146060324597067304e+00 3.526464089661332402e+00 -2.213048260498532649e+00 -2.314204144021708931e+00 1.558674297071722670e+00 -2.913674754754391305e+00 1.465616660930938675e+00 2.332672785942357940e-01
0.000000000000000000e+00 -2.237800671870004976e+00 1.457501205024800406e+00 3.821810631784395174e+00 6.100279426310226683e-01 2.157549847282244304e+00 3.809634596001217344e-01 -1.231681526634897939e-01 -5.200038500124643193e+00 -1.731413986955420148e+00 -3.267380469417053845e+00
1.000000000000000000e+00 -3.074730882386887743e+00 -3.291886938101930671e+00 -3.358473617930116895e+00 1.509590562876257369e+00 -2.687228960967984470e+00 -2.047698690405590938e+00 1.866206938907939428e+00 -1.077042630714789340e+00 -5.822720228878809356e-01 7.882894236406041699e-01
1.000000000000000000e+00 -3.423266498052296214e+00 -3.801346974184977690e+00 -3.057230943125004430e+00 3.308932132387170100e+00 -3.061640373881978405e+00 -2.368571270624520331e+00 1.216878864007925776e+00 -1.726079339642464516e+00 9.473111974961000437e-01 9.840900436709697496e-01
1.000000000000000000e+00 -2.776474560759053745e+00 -3.872750837149084635e+00 -2.797418496381257835e+00 2.669817353297493590e+00 -3.661642527520094781e+00 2.674712214273462507e-01 1.392419996446739194e+00 -1.650694908292398289e+00 2.687794689986855889e+00 4.944628671117328178e-01
1.000000000000000000e+00 -2.200467652774844129e+00 -3.186542534929900139e+00 -3.025148489643047611e+00 2.731986475648049861e+00 -2.229164446787592624e+00 -9.146655533499753465e-01 1.628574860096256405e+00 -2.460700040710379177e+00 1.446652256796883362e+00 2.064971891527331405e+00
0.000000000000000000e+00 -8.558700683028354073e-01 1.767907061178480621e+00 3.693804176778890280e+00 1.080972590237667452e+00 2.132352429186644915e+00 6.261338433004178805e-01 -2.002832283938744240e+00 -2.190917893847749376e+00 -1.837121749672306459e+00 -3.346725283325906020e+00
0.000000000000000000e+00 2.191870698368882930e-01 2.680585327527049699e+00 3.081098550234400157e+00 -5.963138882726112255e-01 3.031543460545281121e+00 -4.062620071418498457e-01 3.441679211420228257e-01 -3.780814449101403518e+00 -2.573915329211383884e+00 -3.240126933524111408e+00
1.000000000000000000e+00 -3.320546912208584889e+00 -2.793113200210717295e+00 -3.010044477751689040e+00 2.312844490120698815e+00 -1.629222286730042546e+00 -8.456397430230589984e-01 3.523211741418724507e+00 -8.258344595837322499e-01 -1.479988672090860380e+00 1.652266386737349491e+00
1.000000000000000000e+00 -4.503513545184680389e+00 -3.702303835442501079e+00 -2.845643096879736156e+00 2.648993866926045992e+00 -2.707681130537705094e+00 -2.100379763494298224e+00 2.067525341980378517e+00 -1.997365901239102737e+00 9.288835775915291748e-01 1.569904943728794189e+00
0.000000000000000000e+00 1.525599253974959879e+00 3.433940645666223368e+00 4.390251971177647761e+00 4.277216196462367837e-01 3.299848514406578115e+00 6.819025298544707514e-01 5.345496629084210694e-02 -4.721528827830989705e+00 -2.531089947984874744e+00 -4.620112980313269446e+00
0.000000000000000000e+00 -2.924498633458724406e+00 2.925639786657750818e+00 3.049127661191056937e+00 -2.275931707933334658e-01 8.379240143861816925e-01 -4.490447619634079790e-01 8.919771800610905022e-01 -5.707451072834835770e+00 -2.496073897037671685e+00 -5.466354459753501871e+00
1.000000000000000000e+00 -3.025325680201002676e+00 -3.965534002597304930e+00 -2.913649903485528991e+00 2.269798769329713473e+00 -2.333432662457368689e+00 -1.498707573313401875e+00 1.617486296543417135e+00 -2.038422898721333532e+00 2.001692239390545081e-01 1.727691749944030963e+00
1.000000000000000000e+00 -3.692192355977116591e+00 -4.266319732510985396e+00 -2.042418077070663252e+00 1.996370811216279240e+00 -2.137120352646656229e+00 -9.256052685710375316e-01 2.392189468018114162e+00 -1.155643368579304164e+00 2.005331402793030460e+00 2.134309254729823913e+00
1.000000000000000000e+00 -2.620921854658448957e+00 -4.856863419040646335e+00 -2.555470762836845378e+00 3.208240012913659900e+00 -2.757101244670394635e+00 -1.197867030707753688e+00 1.562411916003132228e+00 -5.940038259272755194e-01 1.033040549879880476e+00 1.568480964390498000e+00
1.000000000000000000e+00 -3.124758950470211794e+00 -3.616802253553100144e+00 -2.856854624278506005e+00 3.563385995664419159e+00 -3.140599347632838434e+00 -1.733686493887026003e+00 8.367125142184739239e-01 -1.677820516931290085e+00 7.839077240583354200e-01 1.253739202287936783e+00
0.000000000000000000e+00 -7.656438018463240791e-02 2.305124416543029131e+00 4.192643085392359303e+00 3.925088676546896194e-01 9.204066982133751740e-01 3.368109472121305070e-01 5.361518349451708243e-01 -4.184206890514499122e+00 -1.416439175057425670e+00 -3.100022445280961492e+00
0.000000000000000000e+00 -2.234757119612318377e+00 3.792073255399573739e+00 3.692880607895129952e+00 6.807075121373877824e-01 2.507772446700441638e+00 -9.821408411041081254e-02 -6.730361459443463534e-01 -4.322423758750367995e+00 -3.351139347909490862e-01 -5.113558298819464554e+00
1.000000000000000000e+00 -3.841950817956786057e+00 -3.653329800307478781e+00 -2.473886612269546426e+00 2.821300190996607782e+00 -3.166104604490174168e-01 -9.071665288094064028e-01 2.145575245459947933e+00 -3.519117118367070418e+00 6.381416216738717839e-01 1.429035634511102826e+00
0.000000000000000000e+00 -9.589395100046298470e-01 3.256298073738365773e+00 3.023935108747076939e+00 2.170320995814925435e+00 1.121545884931950399e+00 -8.043103752832149178e-01 -3.577696962349841137e-01 -4.761195725220463970e+00 -3.149903179307219414e+00 -6.417499067839646187e+00
0.000000000000000000e+00 -2.388673657612135681e+00 4.946554091734818748e+00 3.602163054648980456e+00 1.260696932927863667e+00 1.985056172949214659e+00 -1.241643017869191512e+00 1.572957758483997548e+00 -4.045529495296493749e+00 -3.089774859699004672e+00 -1.760688756813538536e+00
1.000000000000000000e+00 -4.537487579961064554e+00 -3.733455766278023447e+00 -8.089561029340710530e-01 3.635316165463300830e+00 -2.037047718999970058e+00 -2.311760783816002807e+00 4.841692757491640187e-01 -2.791506117909196671e+00 4.037231197300076846e-01 1.400007857553058344e+00
1.000000000000000000e+00 -4.252442478396191383e+00 -4.772727795887506730e+00 -6.841818397581780342e-01 1.607418853502217138e+00 -1.352172998952076322e+00 -2.028810594507986842e+00 2.374747132079397804e+00 -2.672303766729067220e+00 9.925401495956601705e-01 1.960957875086608571e-01
0.000000000000000000e+00 -1.163791712681343293e+00 2.710824213171139974e+00 3.216214757659330736e+00 2.004119193305910762e-01 2.302297864591276610e+00 4.816219438739323122e-01 -1.723755559179981134e+00 -5.757754927783436116e+00 -3.040738200237759425e+00 -5.339285804054728857e+00
1.000000000000000000e+00 -3.173293864938466324e+00 -2.697779650811838348e+00 -1.046227688214878215e+00 3.507911647761881024e+00 -2.411021102215060719e+00 -1.935323933914508077e+00 2.163100640806759678e+00 -2.284294693149370836e+00 -1.174558343266873361e+00 1.585238688410998131e+00
1.000000000000000000e+00 -2.970900455385966143e+00 -4.080424523781915447e+00 -1.832507270390755671e+00 3.106633571533103044e+00 -3.644591650937095473e+00 -1.168509729156828048e-01 2.242298875656786983e+00 -1.843277141580303979e+00 -7.440547113559963233e-01 2.605803348234617900e+00
1.000000000000000000e+00 -3.329296197293912574e+00 -3.565143482856759860e+00 -2.207821778370319787e+00 5.514958294007116457e+00 -3.806103701284182073e+00 -1.853093226779647829e+00 2.005726477195086233e+00 -2.697191307294056095e+00 -4.747441192000606547e-01 5.967540481925818208e-01
1.000000000000000000e+00 -3.887622128847629366e+00 -2.923764659178172742e+00 -2.510742411319773382e+00 1.973525799419609372e+00 -3.572072113929710024e+00 -6.750789533684208310e-01 1.750827272041496130e+00 -1.776025355593663591e+00 2.108565741099923119e-01 1.344343982049755581e+00
1.000000000000000000e+00 -4.243396499074532535e+00 -2.827836753487802834e+00 -1.748171573357317765e+00 3.462642471847829473e+00 -3.677845897549792298e+00 -3.051459167995922428e+00 2.164123298753569902e+00 -3.363459546917790810e+00 8.094390776137672106e-02 3.191155583242599292e+00
1.000000000000000000e+00 -3.517080565079211407e+00 -2.567480971751725960e+00 -2.471302542894821652e+00 2.796615172610133371e+00 -2.913752886257046537e+00 -2.901327400349598129e+00 1.176275889035429456e+00 -1.664616080458613201e+00 1.449708998944845506e+00 2.991258452126184242e-01
0.000000000000000000e+00 -6.589673398608564270e-01 3.563075721342373825e+00 4.284731160316045617e+00 1.220757817226908237e+00 3.233606137151215698e+00 2.482482009657281274e+00 -1.944823315264955499e-02 -5.878686153296590611e+00 -2.952904141168645857e+00 -3.706148689097087612e+00
0.000000000000000000e+00 1.556106190514615406e+00 3.230373577873252966e+00 3.250342706646699220e+00 -2.226686867980966156e+00 2.259334520281840675e+00 -3.470948488719051428e-02 -1.859835548478369960e+00 -5.051890685319047947e+00 -2.612315175025902825e+00 -4.239134754292568807e+00
1.000000000000000000e+00 -2.754354897853381168e+00 -3.426065073143677253e+00 -2.761884567927658019e+00 2.573987792714338418e+00 -4.375525258093031944e+00 -1.801028875896356851e+00 9.687475730362127280e-01 -2.209654734467643600e+00 1.864599137104737403e-01 9.611101448126968538e-01
0.000000000000000000e+00 -3.260126363228694757e-01 3.219628309306431291e+00 4.740412584888604286e+00 1.326153476607623283e+00 3.537518567147470705e+00 -8.838971502079580322e-02 1.778358420775541793e-01 -4.326544570243990862e+00 -1.071342175967569421e+00 -4.691248835026708974e+00
0.000000000000000000e+00 -3.002579897378960361e+00 2.572102108205250648e+00 3.024783261234854859e+00 -1.368589127294931540e+00 -2.161079303268742535e-02 -3.255439987963954507e-01 -5.766177383565368464e-01 -3.617938380478179727e+00 -1.324149484428567725e+00 -3.345061174614946786e+00
1.000000000000000000e+00 -3.959962720895394916e+00 -3.432081942956710208e+00 -3.369837717555504764e+00 3.195368083832172079e+00 -1.947107814251060276e+00 -2.660910764712665966e+00 1.254789085567226348e+00 -1.752525127556147977e+00 -4.309763510925439522e-01 2.851101427685845735e+00
0.000000000000000000e+00 -2.857992122118032663e-01 3.810826674881263365e+00 4.373438882722396670e+00 8.663846464250046786e-02 5.900925893943036460e-01 6.603791101209799397e-01 5.046077513171579598e-01 -4.503308386812973296e+00 -1.609620722804175008e+00 -5.105931188229133610e+00
1.000000000000000000e+00 -3.114755747301129141e+00 -3.094143403879384913e+00 -5.881422581872324251e-01 3.976547315777150260e+00 -3.049804315124391429e+00 -2.613903170959428479e-01 1.242220227691707812e+00 -7.984033804970878112e-01 -6.491147728648944959e-01 1.967685995556509360e+00
0.000000000000000000e+00 -2.084515842115257200e+00 2.390005727510922107e+00 2.381568399296356553e+00 5.296405470626073253e-01 3.501682682263510760e+00 1.989779873973195778e+00 -8.252742950816336354e-01 -4.565024094346849637e+00 -7.363293025702757344e-01 -4.351866839595825098e+00
0.000000000000000000e+00 -1.059504756232285683e-01 1.272958576820528265e+00 2.886259536679259163e+00 -7.350490320313290971e-01 1.834838546762924683e+00 -2.309118173749561409e-01 7.041054517922268330e-01 -5.920857813224252197e+00 -2.200247159127285190e+00 -2.583344431754026616e+00
1.000000000000000000e+00 -2.900837738447189729e+00 -3.014276374200536956e+00 -2.200242643510057050e+00 2.660817661722893135e+00 -4.556468346504433775e+00 -1.853741185664303792e-02 9.071707001387860902e-01 -8.801645714538238741e-01 -9.359561899698392029e-01 1.479202059719795903e+00
1.000000000000000000e+00 -3.022850483278916478e+00 -3.097113963079194399e+00 -3.667650111526666201e+00 3.472733601794036673e+00 -1.791799143346914924e+00 -1.094376563330605734e+00 9.886840994643113500e-01 -3.292568667794575799e+00 1.173382777034222224e+00 2.456649033583236275e+00
1.000000000000000000e+00 -4.384346129263542835e+00 -3.803984537875968019e+00 -2.500528198468726870e+00 1.775255636516950064e+00 -1.676633920979189174e+00 -2.061517396359684007e+00 1.740591040948553214e+00 -7.690333032177074646e-01 6.106850555433460670e-01 5.035691933275995291e-01
1.000000000000000000e+00 -3.598009776463134024e+00 -3.829065313862409337e+00 -1.118352678367200648e+00 1.581258433469960867e+00 -4.163192075386836777e+00 -6.096416791889688325e-01 2.680770134391122994e+00 -1.985933040280516870e+00 2.501233300231849199e+00 -2.315375930364287349e-01
0.000000000000000000e+00 6.918199603702575029e-01 1.968461317373173536e+00 2.872723514977455039e+00 9.491144316946977799e-01 2.381931140875598096e+00 3.496888522142158617e-01 -3.076375565636549902e-01 -4.392310854944556198e+00 -1.921875287041418412e+00 -6.286739692256681167e+00
1.000000000000000000e+00 -3.947258183642275320e+00 -3.999199714356923341e+00 -1.638426865024842582e+00 3.675069495802576469e+00 -2.366278585513863941e+00 -7.932965662869048140e-01 1.170234377682404237e+00 -5.691413594310319457e-01 -1.156987321468912366e+00 2.386853907668005537e+00
0.000000000000000000e+00 -1.776111139911431547e+00 4.034123842008677130e+00 2.165067226464531203e+00 -2.958277136753896253e-01 3.006848352036587624e+00 1.376649885757814884e+00 -1.386049451981531178e+00 -4.008290683446677605e+00 -2.927842743405379977e+00 -4.110703216003114058e+00
0.000000000000000000e+00 -2.289014059175771720e+00 2.696788110032067642e+00 3.294954646898697437e+00 3.632478172465353761e-01 2.397287049739399656e+00 8.262811211517721022e-01 2.584176630146359788e-01 -5.848276884756089977e+00 -1.354748733788917026e+00 -5.493755896196164556e+00
0.000000000000000000e+00 -1.469791720266281798e+00 3.530041013117592108e+00 3.535664819768655320e+00 3.422291060007863761e-01 1.878911824557614185e+00 7.184508440499411952e-01 -6.557336460334635131e-01 -6.670452856088035176e+00 -1.735669658086144596e+00 -4.241825708621898450e+00
0.000000000000000000e+00 -1.018290061276568181e+00 3.321687254385802035e+00 3.489052013015239151e+00 2.463787328776088636e-01 1.372707597731825047e+00 3.394149685932546845e+00 2.136072798548526719e-01 -4.612622873676097690e+00 -1.925921857516837976e+00 -3.650071016296508652e+00
0.000000000000000000e+00 -1.691666953342122248e+00 2.385703680448572506e+00 3.815866929284069009e+00 4.521527955950634947e-01 1.939594315367067612e+00 -5.698550209753110440e-01 -1.141638265151610598e+00 -5.171876129992846849e+00 -1.390455771510070271e+00 -3.788944261263018198e+00
1.000000000000000000e+00 -3.431916479335759718e+00 -2.669463096547380232e+00 -2.155938066105366868e+00 3.679356757274760525e+00 -3.098341052669134843e+00 -1.843417844481312073e+00 1.416992882675410126e+00 -8.804166612345033505e-01 8.302491654827559575e-01 1.814262437652257143e+00
1.000000000000000000e+00 -3.154200527580135915e+00 -4.796787918632753112e+00 -2.043439006600359154e+00 2.549101270056441937e+00 -2.428251446017193338e+00 -1.319060648334415831e+00 1.301231932475655384e+00 -1.554922275830410205e+00 2.045420902875564551e+00 1.895562177691267891e-01
0.000000000000000000e+00 3.871762451165510210e-01 2.578733170497158333e+00 4.461434353506674277e+00 2.843457057553422929e-01 3.254860435574087330e+00 2.566995000891091339e-01 -2.170775747761345964e-01 -6.308715783401191324e+00 -1.304468737674392198e+00 -3.754188875431222705e+00
1.000000000000000000e+00 -3.046870607224942962e+00 -4.601678475810934366e+00 -1.852799881934616755e+00 1.980793309865952700e+00 -3.673129104034756232e+00 -9.405682374256697509e-01 3.373359415754650481e+00 4.799453182754431779e-01 -5.244899946077911101e-01 7.404357294197830841e-01
0.000000000000000000e+00 -1.125070346437827995e+00 3.219828740917445309e+00 4.647344695874981113e+00 -5.666155462720982028e-01 3.159937946013707144e+00 -3.587274358456579715e-01 1.027255359963028303e+00 -3.336866433232596130e+00 -2.404202426639803214e+00 -3.626067984687841861e+00
1.000000000000000000e+00 -4.479313485935001005e+00 -3.044643652436759496e+00 -3.060483692503797482e+00 2.849357608179643009e+00 -1.867820616844369619e+00 -1.311276269799015015e+00 1.447636187108395589e+00 -2.163846920617531033e+00 2.089959787910806721e-01 -5.149193091700883240e-01
1.000000000000000000e+00 -3.181055937799184719e+00 -3.785296079878665232e+00 -3.073760928166092921e+00 2.043879147615002889e+00 -1.532671844961132956e+00 -1.912179871207828619e+00 1.693426728815748072e+00 -1.964791781848368668e+00 1.173159922629129159e+00 1.963842605558425713e+00
0.000000000000000000e+00 -2.588857641041871771e-01 2.691318881484127790e+00 3.042992939735983171e+00 -1.209216658090611629e-01 1.966614477000569572e+00 5.057300292356444738e-01 -1.055015816873468237e+00 -5.295179305294012373e+00 -1.767398048191147542e+00 -4.215121134465330321e+00
0.000000000000000000e+00 -9.841615354997028664e-01 3.115378157835128725e+00 3.374127235468965758e+00 1.109228970703943995e+00 3.237933192458466447e+00 -1.145172147115554595e-01 9.379114639172871914e-01 -4.431221209677828732e+00 -1.394165158759256951e+00 -2.780560100827171865e+00
0.000000000000000000e+00 -3.619335870542563782e-01 1.702004070660180224e+00 2.716631142640882679e+00 -7.087147906848459966e-01 3.181783481639821609e+00 9.470504383310365260e-01 1.008669530307144235e+00 -4.145075047470776042e+00 -2.256463195245799191e+00 -4.234598275303414816e+00
1.000000000000000000e+00 -4.767461258700429028e+00 -2.768612430406460323e+00 -2.029814617909870833e+00 3.557751358321724844e+00 -2.845738317328104117e+00 -4.885441067364804102e-01 1.530646414702058866e+00 -1.635290676086831319e+00 -6.960057376288626418e-01 2.470428615502511693e+00
0.000000000000000000e+00 8.121685568051029147e-01 3.781596243619306907e+00 3.283047190733525689e+00 2.315845288559644111e+00 2.771037655113085307e+00 -1.234308483714442461e+00 -2.972288767008541832e-01 -3.962277150633710221e+00 -2.381123580823802932e+00 -3.260619656718737769e+00
0.000000000000000000e+00 -1.120355897887160834e+00 2.845541605512820205e+00 2.454879546281779401e+00 -2.645656816429211577e-01 3.132871471658698059e+00 8.837720897945604559e-01 3.317202387283768594e-01 -6.584688157417944332e+00 -2.774331381070428204e+00 -4.117311093899110652e+00
1.000000000000000000e+00 -4.510444185171155418e+00 -1.412499707790919157e+00 -4.986216816717448097e+00 2.032317129233661479e+00 -5.329429204609944293e+00 -1.879525032868462953e+00 2.485901340674392390e+00 -3.097698267161135277e+00 2.177444168500389576e+00 1.204992586379753705e+00
0.000000000000000000e+00 -2.094192348581656038e+00 2.660996135049801481e+00 4.204670246826504254e+00 8.766532475568227234e-01 2.318737993488938276e+00 -2.679739400851632425e+00 -1.547746752208537746e+00 -4.033403474118052223e+00 -2.149274138984019533e+00 -2.828593363348840484e+00
0.000000000000000000e+00 -5.971665090404590925e-01 3.101443046273938187e+00 5.077887775502573753e+00 -2.880332426450966654e-01 2.032585000001319031e+00 1.316900604695937504e-01 -2.073961058647787459e-01 -3.632673126249504669e+00 -1.617865597904985187e+00 -2.843601670498822287e+00
0.000000000000000000e+00 -1.399418819273776649e+00 2.655486606549960715e+00 2.581407008872619535e+00 -3.341604516492834298e-01 3.425617305905537702e+00 2.153967921642520322e-01 -1.065390859130446621e+00 -3.850075365594954224e+00 -6.713187931254667173e-01 -2.832586287880938247e+00
1.000000000000000000e+00 -3.240191876189433273e+00 -3.196311138115158101e+00 -2.690272872848125107e+00 2.013486710778821021e+00 -3.205570343536773059e+00 -4.886636891999396326e-02 7.359337741250073783e-01 -3.095382831567388138e-01 -8.276399310226891792e-01 1.219050087927471937e+00
1.000000000000000000e+00 -3.116266426438672354e+00 -4.246426764595831571e+00 -2.046787268204963706e+00 3.463131917526134806e+00 -5.530239564285793108e+00 -1.513351659155196538e+00 2.009782459501999075e+00 -5.130141798308718304e-01 1.957427218773454825e-01 4.362831635719169654e+00
0.000000000000000000e+00 -1.687461533823661153e+00 2.800083272544960256e+00 2.469771092351979114e+00 -1.265631230574273958e-02 4.250766853623998642e+00 -1.206200716480131607e+00 -3.635486598315701978e-01 -4.242674007772990308e+00 -9.709992151065371946e-01 -5.101563069095040426e+00
