1.000000000000000000e+00 9.479875465077787222e-01 -4.470222432686634662e+00 -2.762395276102480146e+00 6.342104333928869631e-01 1.019195248874208704e-01 -1.835533801135686982e+00 1.453362775501353177e+00 -1.501247574158154574e+00 -6.817644743745598923e-01 -2.110906709679464477e+00
0.000000000000000000e+00 3.912557606585527648e+00 -2.371432936470820430e+00 6.132317542668594967e-01 -3.241133618513990733e+00 2.823012108153877708e+00 2.313077457044379059e+00 4.423309875763067112e+00 5.201037389802117161e+00 2.168701714481685361e+00 -2.403343530131928363e-01
0.000000000000000000e+00 5.311337867570338211e+00 -1.010510201979257783e+00 2.024130753809963768e+00 -3.705461374101882477e+00 4.395384464334560093e+00 2.620756157119787488e+00 6.480309228105659791e+00 2.542421155360053753e+00 5.666114755658498758e+00 -6.287999744638538280e-01
1.000000000000000000e+00 2.200162864664985118e+00 -3.828745753814911890e+00 -4.082988099706434504e+00 5.896103691912455425e-01 -1.641527703422146489e-02 -3.293840069326158471e+00 4.612349991717867304e-01 -4.210727558788900815e+00 -2.504279732621616628e+00 -3.694223878407150163e+00
1.000000000000000000e+00 2.245961253324322282e+00 -1.678260476981527693e+00 -3.755034165907360055e+00 1.794497938381899305e-01 1.488460962762012230e+00 -3.355209579872997061e+00 1.050710692580645311e+00 -2.953245988421004053e+00 -1.984848914375267448e+00 -3.561440310592968395e+00
0.000000000000000000e+00 3.733306492127559384e+00 -1.424798596230132164e+00 1.992666352938298191e+00 -4.295484540779714422e+00 3.525372089332646119e+00 2.748390439131888741e+00 5.615595379832062584e+00 5.003400577877011202e+00 4.906950746421289367e+00 -9.887028290670758779e-02
0.000000000000000000e+00 3.042184844375711794e+00 -1.658848996881906235e+00 6.371606851711164587e-01 -2.728594120363447395e+00 2.376489300663053417e+00 2.861351744248441520e+00 3.770721249643965045e+00 4.855124645168759301e+00 3.955082647699625031e+00 -1.696166168522016848e+00
0.000000000000000000e+00 3.213068440645518109e+00 -1.297053500257920433e+00 1.413935632350002081e+00 -2.816262190066462168e+00 5.266049820102409740e+00 4.663511396919649776e+00 4.486345911810648346e+00 4.996713350179981639e+00 5.060416617674381889e+00 2.896322751078542201e-01
1.000000000000000000e+00 1.062936546052758002e+00 -2.562322833804291822e+00 -4.134697731541177035e+00 5.879457664229557068e-01 1.290291776761086417e+00 -1.922170186620626442e+00 8.460649570069127545e-01 -2.700007680082516792e+00 -1.825664174164620457e+00 -2.636573299146719229e+00
0.000000000000000000e+00 4.850020089812504764e+00 6.736235996427941686e-02 1.563443657840214218e+00 -4.302514780386615278e+00 3.885324237662442837e+00 2.440898002089946672e+00 3.803458126124848793e+00 4.801575398009819473e+00 4.083984417617066320e+00 1.452729576654457677e+00
1.000000000000000000e+00 2.213558879860906714e+00 -2.306485970888031201e+00 -9.727551297975920441e-01 4.816686648053021824e-01 -1.632144045549865696e+00 -3.925817873084066711e+00 2.407188783130575160e+00 -2.158372355050045321e+00 -2.478324978618088092e+00 -2.406387396040883253e+00
1.000000000000000000e+00 2.480253077044977772e+00 -4.435473085830571094e+00 -2.783476464365284286e+00 2.219566936369210097e+00 -1.960725620482036691e-01 -2.686161157789177079e+00 1.677021331280987848e+00 -3.701473871043255759e+00 -1.276048765202024260e+00 -1.666329874581089721e+00
0.000000000000000000e+00 5.243324456357878915e+00 -2.926749802966950753e+00 1.078216975475998485e+00 -3.250099498337937209e+00 4.204004561202551393e+00 2.855836573793583355e+00 3.743501760732903527e+00 4.044647495352300837e+00 5.339442098865493591e+00 5.732425736260345905e-01
1.000000000000000000e+00 2.046029194356082659e+00 -4.135369640500707433e+00 -3.286130756096773631e+00 3.900876080730425466e-01 7.363583410883545177e-01 -2.316139385969183895e+00 -5.313940993734678209e-02 -3.453740989343690337e+00 -1.813601465547971969e+00 -1.331358923038596487e+00
1.000000000000000000e+00 3.074494747388699434e+00 -3.469880886524960850e+00 -2.444982232778569298e+00 5.961628779499068553e-01 6.375358062267706405e-01 -1.590260230018450516e+00 1.839108171807591452e+00 -3.365710582843624898e+00 -1.840006276954709641e+00 -2.085969260508339751e+00
0.000000000000000000e+00 2.999119071175457840e+00 -1.390387736190563661e+00 1.696167262150064081e+00 -4.356524609432012696e+00 3.357158085986915008e+00 3.398034363841440086e+00 5.166221934737728283e+00 3.997234164305557780e+00 4.294253027103567710e+00 6.247515756437659329e-01
1.000000000000000000e+00 2.622129823937043192e+00 -4.321829423321199570e+00 -3.170680451238924835e+00 2.897285610446818982e+00 -7.656384642030140686e-01 -2.088808684275583527e+00 5.735040428613913388e-01 -3.282928868067591655e+00 -2.947924045454390463e+00 -1.251836948474096545e+00
1.000000000000000000e+00 1.945558772024016836e+00 -4.101354809468767293e+00 -3.398904655860202073e+00 4.767888221558226336e-01 3.209337917076804381e-01 -2.237634206422494110e+00 1.428686936853039713e-01 -3.815786536691953668e+00 -3.145646143118640659e+00 -1.531901944032564522e+00
1.000000000000000000e+00 7.380066576485231344e-01 -4.286465368925000519e+00 -3.103531634887308766e+00 2.625547838409969081e+00 1.788283437754154326e+00 -1.312082093259352211e+00 1.047227701257567478e+00 -3.709726476991841437e+00 -9.377558258370515265e-01 -1.286919834771856452e+00
0.000000000000000000e+00 2.860376961978963184e+00 -1.418742328888720650e+00 5.419625888676952163e-01 -3.753226908663437555e+00 3.373636828555537370e+00 4.296119040641131370e+00 3.904948023871810836e+00 5.652703250096016596e+00 6.216203476295797614e+00 3.384359797181916152e-01
0.000000000000000000e+00 2.974045849046938805e+00 -1.309368816922436451e+00 1.156440194228711027e+00 -2.502049099470756932e+00 2.789422972395830591e+00 4.239257086318901635e+00 4.943524188955048970e+00 4.174449959899434681e+00 3.366097715075813568e+00 1.657701215618919255e+00
0.000000000000000000e+00 2.853092463030614034e+00 -2.025370389151197603e+00 1.321033490946843081e+00 -3.928314042161432873e+00 5.089187775679871351e+00 4.662125833652727813e+00 2.516562053477719552e+00 5.678680477074514954e+00 3.832102160891811771e+00 -4.325374833868848023e-01
0.000000000000000000e+00 3.899116541806469272e+00 -5.726685922538182760e-01 2.482592254597512316e+00 -4.762700201980476500e+00 4.067618920865607279e+00 4.016379828437390387e+00 3.419513050739805049e+00 4.194162346200704050e+00 2.341934639429114284e+00 1.311498597784372055e+00
1.000000000000000000e+00 3.856265037864701650e+00 -1.260334148585225744e+00 -2.326778302555385203e+00 -1.742537634437363980e+00 -8.458989800527241254e-01 -2.458270977905517629e+00 1.713498460234542886e+00 -2.667081994704359804e+00 -1.212991881467298638e+00 -3.246401675367309281e+00
1.000000000000000000e+00 8.319936157139311561e-01 -5.766196498077279742e+00 -3.377848959868384959e+00 2.156996754537766403e+00 3.533109243974197344e-01 -2.209530568214267188e+00 7.624722279673173952e-01 -3.692410555273738737e+00 -2.044437132241276878e+00 -3.886889145305587157e+00
1.000000000000000000e+00 2.056871206540689556e+00 -3.579955183689807807e+00 -3.415443525204501007e+00 3.106106677268359317e-01 5.547668093969668757e-01 -1.124646340808825640e+00 -1.805050913109251809e-01 -3.077412306204523329e+00 -1.595396312957168661e+00 -2.058074143866123862e+00
1.000000000000000000e+00 1.357823752996667910e+00 -5.104443728165916738e+00 -3.928604113944436094e+00 1.838302602503815164e-01 -2.957390226757425911e-01 -2.597617785421744596e+00 1.479040480523539092e+00 -5.353942487442589382e+00 -1.838572389073134250e-01 -5.345309654718125358e+00
0.000000000000000000e+00 3.209024812031323393e+00 -1.482337159677307170e+00 4.752113235589194851e-02 -2.925240407620317118e+00 4.038275044675001979e+00 3.876157571012651015e+00 3.097270479748573280e+00 3.590930562373560786e+00 5.911474583029021623e+00 1.155222550842826434e+00
0.000000000000000000e+00 4.167892714975104163e+00 -1.495314996837885158e+00 9.047001378221251056e-01 -3.131065426233158977e+00 2.863645089995527471e+00 1.663601876989376116e+00 4.501017119910357245e+00 4.986109957311034790e+00 5.180669190091529153e+00 8.094190103766079059e-01
0.000000000000000000e+00 3.528298495482498964e+00 5.601370314526128436e-01 1.268782936902674408e+00 -3.031908387546413230e+00 3.301166064635137953e+00 3.256515757366888586e+00 5.511337311177918252e+00 2.932952275609612691e+00 5.443661251785021804e+00 -4.618114147612470410e-01
1.000000000000000000e+00 1.150194638632017208e+00 -5.367966279916751127e+00 -4.288767891813282773e+00 1.106446710882720508e+00 -4.952013850149553642e-01 -2.874933730348252947e+00 6.790196054981064711e-01 -3.994759718421153849e+00 -1.714179707803416219e+00 -2.009729483657318738e+00
1.000000000000000000e+00 1.960502055102940844e+00 -3.488931380531119508e+00 -4.263628564913935826e+00 -4.993591978993463520e-01 -1.181434399299373883e+00 -3.095380693310613829e+00 9.964545094242531764e-01 -3.592797272673389664e+00 -1.028270681679523513e+00 -3.768146543502790546e+00
1.000000000000000000e+00 1.212985830460749481e+00 -4.373833176250972343e+00 -2.188931365601102463e+00 1.528158471398091134e+00 -1.035666077474914903e-01 -1.916587864142125008e+00 1.797328124777689329e+00 -2.140786333381912598e+00 -1.663890367579975216e+00 -3.082816687746560813e+00
0.000000000000000000e+00 3.047913257703809276e+00 5.927571007199488040e-01 1.720523996000104638e+00 -4.445642969171865744e+00 2.904149867876717916e+00 3.704836280866342424e+00 3.843560991433786711e+00 4.100819089601682066e+00 3.576028373479857247e+00 -3.237902325688951088e-01
1.000000000000000000e+00 1.026785213536833385e+00 -4.368886909509463123e+00 -3.009361394468243134e+00 1.849784202690618162e+00 1.109932548683884246e+00 -1.437936090568413983e+00 5.447443537003580083e-01 -3.963028469553571131e+00 -1.969905486550859175e+00 -3.261075428269079257e+00
0.000000000000000000e+00 3.442928608043106742e+00 -2.036266376453922611e+00 1.623286061450205819e+00 -3.709682480690020601e+00 5.815791276502565665e+00 4.001296138558549487e+00 3.436121388599674198e+00 4.535297726834780718e+00 3.519242546790082748e+00 -5.824388962953452875e-01
0.000000000000000000e+00 5.043929339376915344e+00 -7.343984229154831844e-02 1.868885906798747554e+00 -4.297225970680250029e+00 3.509592539259906108e+00 3.045643223202456618e+00 5.313382082118351946e+00 5.668909867283510984e+00 3.870334918504809707e+00 2.993748472406784211e-01
1.000000000000000000e+00 3.160322924920289545e+00 -2.607631323130806145e+00 -3.484136145581861133e+00 6.521880906376380516e-01 -5.414091873378755748e-01 -3.871559861183794915e+00 1.632002440172980240e+00 -2.720635895904135459e+00 -4.703382030863938468e-01 -4.895278579241355565e+00
1.000000000000000000e+00 1.761954024434658539e+00 -5.896492386628931825e+00 -4.468945180763109981e+00 1.313179885740769937e+00 -5.007964104786890580e-01 -1.626268935406667504e+00 1.947472535214655132e+00 -4.407675822757528117e+00 -1.668640614611524908e+00 -2.588651801344202585e+00
1.000000000000000000e+00 2.516624677173339819e+00 -4.573492355187895875e+00 -3.102874745690997749e+00 -8.187890574587759485e-01 -3.423394440002023309e-01 -3.519316617705027017e+00 1.139484158333996078e+00 -3.031179765965436701e+00 -1.353342813568785052e+00 -1.949159856307294270e+00
1.000000000000000000e+00 2.014741469979348221e+00 -4.171161858226521524e+00 -4.645023341357877200e+00 -3.901392351309824758e-01 1.260675469419114014e+00 -3.421683983086993397e+00 6.082243824212295591e-01 -4.512623975397429099e+00 -1.173902184982151597e+00 -1.909652815785366720e+00
0.000000000000000000e+00 3.886735401364746600e+00 -1.555918506454435413e+00 2.172560393096485853e+00 -1.571053626217720378e+00 4.126598755754307568e+00 4.139611012495634235e+00 4.005071290862355582e+00 4.797901738038283348e+00 2.732792346448691845e+00 2.900112554570659640e-01
1.000000000000000000e+00 1.107928649960117085e+00 -3.250566865438215380e+00 -4.374042789095707207e+00 5.554578667327177977e-01 1.011671295999930109e+00 -2.984988187946842508e+00 9.858567445801166285e-01 -4.860130448819598215e+00 2.065479500082361142e-01 -1.892606817254628426e+00
0.000000000000000000e+00 3.328425728554749607e+00 -1.929698626367907455e+00 2.156091530133435796e+00 -3.609758138901546065e+00 3.544203049900899405e+00 4.383915519862911836e+00 3.426028379963019788e+00 4.021999325055449326e+00 5.505440720883520100e+00 -4.449604645357663202e-01
0.000000000000000000e+00 2.446308457452477825e+00 -9.201989113604107651e-01 1.874540744306394391e+00 -3.802544625856937532e+00 2.202038625622356527e+00 3.258257741958928033e+00 3.039029288570486820e+00 4.337115860764218844e+00 4.979443593505980203e+00 -1.029231778776870998e+00
0.000000000000000000e+00 2.687577112731776907e+00 -1.941462070852914668e+00 1.467907686429776204e+00 -3.411550629886159314e+00 3.158669565345638475e+00 2.682639740265638117e+00 4.946763346982532283e+00 3.496320835085481527e+00 6.009327845359760722e+00 -4.566889921503500260e-01
0.000000000000000000e+00 3.300542323729912741e+00 -1.607012079680394834e+00 1.756009357751813438e+00 -3.354128421268280924e+00 1.491783128676062553e+00 3.030749101178719318e+00 3.140316884438806966e+00 5.514007016544102413e+00 4.411194644047014890e+00 3.874900449512344025e-01
0.000000000000000000e+00 4.221968056592888985e+00 -2.183950708319826628e+00 2.119409133539075007e+00 -4.576821371118465542e+00 3.967898412664124130e+00 2.775627994362489304e+00 3.610185044336637006e+00 3.997051047944559343e+00 3.392291472705932343e+00 -9.309394076512421679e-01
1.000000000000000000e+00 1.132505321651418928e+00 -3.081907239367351004e+00 -5.367336759113305433e+00 8.430142711927279819e-01 1.548327090635334358e+00 -5.079031745016619581e+00 1.264460295735820861e-01 -3.774916484362768720e+00 -2.449098893369321850e+00 -2.331500445208910310e+00
0.000000000000000000e+00 4.849842109938760970e+00 -1.520806557262833314e+00 2.464460784247302527e+00 -2.831812421062629426e+00 3.409161606455921589e+00 3.312921020891444357e+00 4.204967881209154434e+00 4.254739706113473297e+00 4.054706512754525427e+00 2.222652418835348309e-01
1.000000000000000000e+00 9.998636828463935977e-02 -4.968438194237295491e+00 -2.312452992653792894e+00 6.970496059530576494e-01 2.395674252114729619e+00 -2.289955777150473715e+00 1.596726564425801520e+00 -4.467109057870318978e+00 -2.672715567739120335e+00 -3.416724026634078371e+00
0.000000000000000000e+00 1.902426862033432586e+00 1.807070162935255908e-01 1.134287952845577152e+00 -4.346558645745334459e+00 2.671973197056479510e+00 2.867087747324075675e+00 3.297179299142058539e+00 4.280986453713035544e+00 4.009212140104714273e+00 -1.064281190654123632e+00
0.000000000000000000e+00 4.654536461856046081e+00 -1.155468570099419168e+00 9.289061705632480903e-01 -2.050660116023172108e+00 2.631369865972518429e+00 3.509837730230364716e+00 4.060864836428881297e+00 3.946514060103642585e+00 4.614090464969780037e+00 1.349405143535643559e+00
0.000000000000000000e+00 4.990047237938458835e+00 -5.576943660130639913e-02 8.481985779352232413e-01 -3.955606406665019392e+00 3.769965087329458342e+00 4.706407128863519418e+00 3.653534539804979886e+00 4.766352066972380896e+00 5.037117806820061716e+00 7.954900499593763330e-01
0.000000000000000000e+00 4.479971566748464973e+00 -2.404115455853417238e-01 2.809826037194482762e-01 -3.012907799046359081e+00 3.596669671060396034e+00 2.798786153109706909e+00 1.867896489515680880e+00 2.935800504010573686e+00 4.197503084597364875e+00 6.266572011240095774e-02
1.000000000000000000e+00 1.226845739073976427e+00 -4.636157662037447835e+00 -2.440081471938143842e+00 1.388298468055086721e+00 -4.519017921045570541e-01 -4.191226796451952730e+00 2.173024738874557826e+00 -2.921038262750365266e+00 -2.024333840274280760e+00 -3.486933624959636546e+00
1.000000000000000000e+00 2.765939777321916093e+00 -4.225019301276955019e+00 -3.663713351746309854e+00 -2.062389445561719548e+00 1.216713535551431580e+00 -2.828617533049151866e+00 5.933813893302868347e-01 -2.605817652247170990e+00 -2.028135253638997604e+00 -2.968766508682266103e+00
1.000000000000000000e+00 1.857507251460528197e+00 -5.598471329855454925e+00 -3.444490817179117759e+00 1.177374460117757149e+00 6.208430213907329964e-01 -2.492459491911212410e+00 1.523290453185852655e+00 -2.603778755425378844e+00 -1.022727777491859058e+00 -2.421274838110904160e+00
0.000000000000000000e+00 4.376292851940645434e+00 -1.692319335304849126e+00 2.258595857632795578e+00 -2.529727382363654353e+00 1.861472624777577467e+00 4.585498778256022590e+00 4.170418136582621393e+00 3.983590917955554644e+00 4.772472381906046834e+00 2.581264151654876660e+00
0.000000000000000000e+00 3.860762286783329333e+00 -1.613085524689055417e+00 8.586857115760915260e-01 -4.253736904235950078e+00 2.747376040601799296e+00 3.548085873504693399e+00 5.296536123607392454e+00 3.848471910117916561e+00 3.036862536188658090e+00 -4.905300813476680677e-01
0.000000000000000000e+00 3.054700631810520317e+00 -2.593883697213496653e+00 2.846820324322827389e+00 -3.876922980670530094e+00 3.754104868403597806e+00 3.650818982377994182e+00 4.328179856126463498e+00 4.497091139720021502e+00 4.835315074570536886e+00 -1.164369184206749619e+00
0.000000000000000000e+00 2.637096015408715743e+00 -5.527747546489513164e-01 1.354212235262370001e+00 -3.115156912087567065e+00 3.893190361237773622e+00 1.966064078512133051e+00 3.417377605473647773e+00 3.690905165914118324e+00 3.944564993518176799e+00 -2.565413564240143218e-04
0.000000000000000000e+00 3.500545120190390325e+00 -1.000436106721499741e+00 1.215560071853613699e+00 -4.105426126314348778e+00 3.887658405729935929e+00 2.454964825319135180e+00 5.738411764873459830e+00 3.311124647105784469e+00 5.329669696922718636e+00 1.244206401717952826e+00
1.000000000000000000e+00 9.718898786194225536e-01 -3.831037070485513674e+00 -2.008298621585832500e+00 -8.964877842060503532e-02 -9.629526801662180446e-03 -3.258345449120453097e+00 5.816430302936828056e-01 -3.572275122922548896e+00 -2.139019357126264786e+00 -3.578303381843845887e+00
1.000000000000000000e+00 1.310470380489878073e+00 -3.235385944488530896e+00 -4.633420553321884405e+00 -6.124818898095489850e-01 4.839757821200005861e-01 -3.342846719260239574e+00 6.741411766632086078e-01 -4.380995717270047329e+00 -2.607387686684011108e+00 -4.370636356690305035e+00
0.000000000000000000e+00 3.752552243717719893e+00 -5.893917662149945613e-01 1.422310236455451182e+00 -2.693501130822244072e+00 3.791252775431186439e+00 3.947577785544028828e+00 4.598962244756211959e+00 4.741798346177009904e+00 5.508365834910637027e+00 -1.742739546684911822e+00
1.000000000000000000e+00 1.008445496843008549e+00 -2.914184379997856400e+00 -5.070220844737319155e+00 1.475137984756279330e+00 7.312360298930811187e-01 -1.949827031841118608e+00 -6.682410918259662491e-02 -3.719447255123517149e+00 -8.813808795519467720e-01 -2.113390961020615855e+00
1.000000000000000000e+00 1.475345161584120879e+00 -3.936292283898231048e+00 -2.676301446287631780e+00 2.318676599978240382e+00 8.987161674015100576e-01 -2.062427185209389169e+00 2.461623197368979499e-01 -3.572864049987990676e+00 2.470130488584021400e-02 -2.748989669089711985e+00
0.000000000000000000e+00 4.084109666856972964e+00 -1.257583569819725966e+00 1.113316408321360917e-01 -3.030158595409697675e+00 3.554233371979833134e+00 3.376956880690331619e+00 3.630712759233042597e+00 4.927665334483472215e+00 3.871126113955761117e+00 6.547714104721963357e-01
0.000000000000000000e+00 4.859908570602362587e+00 -1.426704163501130385e+00 1.415152325882800932e+00 -1.472010641784916585e+00 3.671569031731525712e+00 4.862051058260400183e+00 2.571607313334221878e+00 4.243073541317110120e+00 3.321688955199596727e+00 -1.864331400520399917e+00
0.000000000000000000e+00 1.250150401962524249e+00 4.039734430752470740e-01 6.708859425147665201e-01 -3.802457305674241894e+00 3.816284100423299464e+00 3.514567570085209702e+00 3.862420630235834818e+00 3.554583768813445843e+00 3.328177935380055352e+00 1.209201359535233111e+00
0.000000000000000000e+00 3.309330372404198251e+00 -1.889396018083867812e+00 1.647221048554824874e+00 -3.596516851656491376e+00 3.874301116038582737e+00 3.926705446649606301e+00 3.808218185281117663e+00 3.950485416539132544e+00 4.523940310857275549e+00 1.449424430429929078e+00
0.000000000000000000e+00 4.145577515303738636e+00 -2.096938258660803633e+00 7.619821864669731326e-01 -2.474596138548928792e+00 3.943446735851467544e+00 4.968577117087516370e+00 4.793156806803684056e+00 4.858253845505653423e+00 4.483249238057971375e+00 1.337851649904345352e+00
0.000000000000000000e+00 2.692457291919529538e+00 -1.440898826460756954e+00 2.628017128894051702e+00 -3.207376024568445949e+00 3.877081728381893466e+00 3.175775353385990041e+00 5.354740096045244258e+00 3.566917147479152117e+00 2.998565930199922569e+00 -2.221337927539303592e-01
1.000000000000000000e+00 2.145096173641833026e+00 -5.033641908863320857e+00 -1.937347916128732361e+00 1.192370657454064897e+00 -4.380085258328900721e-01 -2.903825655867971811e+00 9.942718134956050058e-01 -2.943782233404634407e+00 -8.692691341109030079e-01 -1.437109177003498717e+00
1.000000000000000000e+00 7.622132721584626847e-01 -4.471879575563042941e+00 -3.223811150417446036e+00 6.081993504349931801e-01 -5.980581090083539886e-01 -2.490343458816298039e+00 7.959277375728754933e-01 -2.701434205565390823e+00 -3.139875782480719302e+00 -2.794641353409513140e+00
0.000000000000000000e+00 4.063940962249372291e+00 -2.683881492044104533e+00 6.941982368281722771e-01 -4.177239795286762813e+00 2.632112994675285478e+00 2.557632336148496499e+00 1.677950634003975594e+00 3.182740883035533042e+00 2.564576554729620206e+00 8.395732406122298208e-01
0.000000000000000000e+00 3.848854289405973184e+00 -2.993375291234697144e+00 1.559038451555539551e+00 -2.269140825419523999e+00 3.575637350111878110e+00 3.302802791647935887e+00 4.956267797444064982e+00 7.810127551052895356e+00 4.527229248933807959e+00 1.724680632543741654e-01
1.000000000000000000e+00 7.022405549903956157e-01 -2.442636463194077567e+00 -2.010427731747975955e+00 6.980879646342507128e-01 1.273253681575495566e+00 -2.794620861936475187e+00 1.580752181601511097e+00 -3.030739014988396374e+00 -8.335262735478823348e-01 -2.332990201317967305e+00
1.000000000000000000e+00 2.393857665021029035e+00 -3.715763639640470739e+00 -4.543535112706263313e+00 1.488614004303056015e+00 1.005018112224801641e+00 -2.212097030659297747e+00 8.689000155707282680e-01 -4.379322813211556920e+00 -5.434247853348419532e-01 -3.145374301757330571e+00
0.000000000000000000e+00 1.940337431832023007e+00 -1.230015343129455596e+00 1.818612213958510360e-01 -1.927242884574759341e+00 4.614230212922419305e+00 3.603109507737805028e+00 4.470848186555532067e+00 3.976436363630401871e+00 5.059576807268806320e+00 1.306768519525230099e+00
0.000000000000000000e+00 3.058048878904970902e+00 -6.179849178326420889e-01 2.096657060705230613e+00 -3.380415129220428305e+00 3.127657491828418124e+00 4.406249640199899176e+00 4.703383150791368372e+00 5.328397201426707142e+00 3.224833381802315824e+00 2.349233665725626030e-01
1.000000000000000000e+00 2.051057007643316332e+00 -4.692480984161060853e+00 -3.298898457431992615e+00 6.424343874237249397e-01 -3.670293376500161076e-01 -2.854727035800274759e+00 4.207441764294496123e-01 -3.675315217237657972e+00 -8.044663748444379481e-01 -4.328784592283124510e+00
1.000000000000000000e+00 9.874807630443114270e-01 -4.696054778122142892e+00 -2.587650511867655823e+00 2.694160461677586049e-03 -2.602964359048964837e-01 -4.197979705485295199e-01 7.475626249761313513e-01 -3.575679120626058083e+00 -4.051746133478721035e+00 -3.848662783773953322e+00
1.000000000000000000e+00 5.874355866855088815e-01 -3.473967167025788338e+00 -2.829600322205171992e+00 6.349037133285084789e-02 4.574103911787164023e-01 -1.767511050533417727e+00 8.331610268876078473e-01 -2.034235080154910946e+00 -2.198291283584411282e+00 -2.317532055470089780e+00
1.000000000000000000e+00 5.786822864969181079e-01 -1.562165748336175941e+00 -3.411710865675308568e+00 8.009619450142972941e-01 3.817931316628801475e-01 -2.576168638766433983e+00 -6.043685828512694869e-01 -4.775351450381611684e+00 -2.205628362135811038e+00 -2.341007703701265541e+00
0.000000000000000000e+00 4.602474643007909982e+00 -1.511820791695755339e+00 2.100654693653083882e+00 -3.901890155322760290e+00 3.511238506623762134e+00 3.929869721465677035e+00 3.380639417310605133e+00 3.569404547915052461e+00 3.835215733137820493e+00 -1.702633344412989025e-01
0.000000000000000000e+00 6.527315198608636848e+00 -1.608594833923427725e+00 2.008478693466400067e+00 -2.812801037714956376e+00 4.451770803097097939e+00 3.382315605207904419e+00 3.047102089721350104e+00 3.081799147540520423e+00 2.890072396052563164e+00 1.205348204824729708e+00
1.000000000000000000e+00 1.726838848065869403e+00 -4.994435789508097301e+00 -3.809404766507065609e+00 -6.404964055562962777e-01 1.833864009066127343e+00 -2.787175066181653893e+00 7.369698573519167795e-01 -4.001189527632602605e+00 -2.479527917441997520e+00 -3.005609642952077998e+00
0.000000000000000000e+00 4.083919810441738463e+00 -2.291193759005558661e+00 1.569016883746877422e+00 -4.622731515013514425e+00 3.473530719439964720e+00 4.927855499094627945e+00 3.231677101997944668e+00 3.341826860086982265e+00 4.599704362819037939e+00 -7.270379112129555788e-01
1.000000000000000000e+00 1.397927613685165937e-01 -2.830089654552683243e+00 -1.985711952103455635e+00 6.919151630355918625e-01 2.294206536440297761e-01 -2.595009532076208103e+00 3.023373558131421390e+00 -1.492791316425996495e+00 -1.496065562959784101e+00 -3.495852381200765358e+00
1.000000000000000000e+00 1.650083220906325643e+00 -3.526991180486928723e+00 -2.335355134516792219e+00 7.197422330455317541e-01 5.798514874901623539e-01 -1.305340756996615115e+00 2.102089441351721266e+00 -3.180796787320064656e+00 -4.276480936244138054e-01 -3.055959445873993818e+00
0.000000000000000000e+00 2.779101170248658548e+00 -1.277849401603420754e+00 8.622404300093606810e-01 -4.318766968395800987e+00 3.198918260066136554e+00 5.032622574607678700e+00 2.067956507915475139e+00 3.947026242569150689e+00 3.827984928397970776e+00 1.587099284299418711e+00
1.000000000000000000e+00 2.909990642524275195e+00 -3.436160756806674321e+00 -2.892015007343307076e+00 5.326734510825381630e-01 5.220136613382619917e-02 -3.241289516585863062e+00 -5.606295019038995964e-01 -4.038354893274258117e+00 -2.198666381334747566e+00 -1.033277411222041531e+00
1.000000000000000000e+00 1.421612190241316576e+00 -3.541339721415423192e+00 -2.455689005879665654e+00 1.856108440783286184e-01 6.004028439398950701e-02 -4.719688681156543275e+00 7.693434060172090749e-01 -3.323733646474603010e+00 -1.194209420936219512e+00 -3.797733526283444849e+00
1.000000000000000000e+00 2.071795022176445400e+00 -4.120816652854702333e+00 -1.986707219163275751e+00 1.790030881922839878e+00 8.151052452638640755e-01 -2.423169657356970319e+00 2.851468080490318968e+00 -4.796762579873302457e+00 -3.484111144626274470e+00 -2.156952640317776559e+00
1.000000000000000000e+00 1.437547413625332116e+00 -3.993577213558415551e+00 -4.277180849080493452e+00 9.774045966232849381e-01 -7.119370265109052909e-01 -3.009702733944935815e+00 4.471750025563734909e-01 -5.222783875821823685e+00 -4.073200772929568281e-01 -1.043564629247566877e+00
0.000000000000000000e+00 3.643114413685392794e+00 -2.341522538194876102e+00 2.296106294857902519e+00 -4.521166399169575634e+00 4.096866320162684261e+00 1.900801861631423950e+00 4.135253406906327811e+00 5.544005145825914305e+00 3.639811237387068132e+00 6.230629578380725286e-01
1.000000000000000000e+00 9.560281559594190348e-01 -2.342715581687377036e+00 -3.186108868237875313e+00 -2.319643372965189965e-01 1.717562905515399585e+00 -3.168738293232290726e+00 -5.924419037071637639e-02 -3.717432808896924623e+00 -1.052928873045935410e+00 -2.668323560950032647e+00
1.000000000000000000e+00 1.401468270242876457e+00 -4.613347444129479946e+00 -2.960788517071006432e+00 1.392354714032692620e+00 1.101108253418676242e+00 -3.807930209240660169e+00 -7.082691757802761501e-02 -4.593852215039460951e+00 -1.687022594144877541e+00 -2.399548962520213546e+00
