0.000000000000000000e+00 8.164474132263466188e+00 8.706328199420973135e+00 -3.812111415331553843e+00 -3.893794409153007452e-01 -6.061683167336804345e+00 -4.814388642413880426e+00 -6.144151734157978773e+00 -9.120997503116101690e-02 -2.088104943160760119e+00 -1.605047789637917610e+00
0.000000000000000000e+00 7.696140424487199816e+00 1.066782492745172028e+01 -2.081506425276718808e+00 -1.886846060956339333e+00 -3.392053712979627544e+00 -4.280952277122196392e+00 -6.861526803836036414e+00 9.386453821969213962e-01 -2.430127036020246489e+00 -1.932237800979844433e+00
0.000000000000000000e+00 6.571618997059179179e+00 8.535877376772816660e+00 -1.832809889765409705e+00 -2.650749347191192484e+00 -4.386872998302232318e+00 -3.467774003825104145e+00 -6.966991667395948440e+00 -1.260369114284356495e-01 -2.524374878346188122e+00 -2.708181958201722139e+00
1.000000000000000000e+00 -8.536600290215798026e+00 -2.342217744392056655e+00 -9.063478144214538457e-01 6.824347790940765712e-02 5.873035977496702031e+00 6.774863365187002273e+00 1.432263254113916418e+00 6.427530873846823312e+00 1.936746471146850723e+00 -6.078598635461356814e+00
0.000000000000000000e+00 1.000101573417728673e+01 8.603194092787179059e+00 -1.982050083053949585e+00 -2.681206971758383073e-01 -4.111702602153608055e+00 -4.524467296782645143e+00 -7.609229115058044890e+00 1.056026509721055495e+00 -2.118971436609599301e+00 -1.492726658821455499e-01
0.000000000000000000e+00 8.243415861614467488e+00 8.538443934899582644e+00 -2.465113363233156552e+00 -1.970707029602575044e+00 -3.246824285933454846e+00 -4.236141314982568851e+00 -8.179621558503130885e+00 9.824163966637280421e-01 -8.993895550468586908e-01 4.805533600546483264e-01
0.000000000000000000e+00 8.136220149339539631e+00 1.086469002631500658e+01 -2.837202459675849386e+00 -3.333628895707534845e+00 -3.773498606249289455e+00 -4.554075188369787419e+00 -5.863665966360168902e+00 1.470068774735945549e+00 -2.766664405632816681e+00 8.354613579074210428e-02
1.000000000000000000e+00 -9.834318526110736869e+00 -6.416985742773316792e-01 -5.708538760274828316e-02 -1.346714290484751109e+00 5.742235330481777922e+00 8.388170654164399664e+00 2.133839501413777207e+00 5.893900566528141205e+00 2.321389384133143441e+00 -4.719770575110494804e+00
1.000000000000000000e+00 -9.649364006509619784e+00 -1.357993772921646913e+00 1.653486785929038749e+00 5.935152119987008312e-02 5.343931323003188183e+00 5.891549448428737179e+00 9.320637689856297037e-01 6.513480941740380281e+00 1.922241527818984164e+00 -5.587847194949833174e+00
1.000000000000000000e+00 -8.483443766431927102e+00 -1.221542181445517405e+00 8.008278193728851635e-02 -1.038801450480956845e+00 4.871214640992290512e+00 6.803435556937928119e+00 2.524206765649950945e+00 7.305599009600250326e+00 1.037959535589644711e+00 -4.970426765056438434e+00
0.000000000000000000e+00 8.472706324438412651e+00 9.340313309604196590e+00 -3.055390803284500745e+00 -1.523555870367141463e+00 -3.865459198736890034e+00 -4.031566138523060339e+00 -4.922834477370302331e+00 8.377091944801606793e-01 -2.847008032561646917e+00 -1.101405479196305714e-01
0.000000000000000000e+00 7.507735182790665540e+00 1.170105812726491301e+01 -3.448085876836978425e+00 -1.983149303988470447e+00 -5.485232663674898923e+00 -4.477321225991547138e+00 -6.496506808607844796e+00 2.463553835163133865e+00 -1.878883342796421774e+00 -1.329672316488911932e+00
1.000000000000000000e+00 -9.118943397503940673e+00 -1.017745629650843364e+00 -1.542189712221911924e+00 1.164448335895783337e+00 4.532307318424785514e+00 7.543465418227096819e+00 1.207887340174747415e+00 7.640851814811279397e+00 1.013398338776599905e+00 -4.636838287412193615e+00
0.000000000000000000e+00 7.847660068977126535e+00 8.521778168755085758e+00 -1.918859454763188754e+00 -1.449832835291676059e+00 -5.708664513913189964e+00 -3.898104940375708427e+00 -6.594213486972223315e+00 -5.165036164278566932e-01 -5.226333204313821312e+00 -7.571939882108490449e-01
0.000000000000000000e+00 9.109023553179877553e+00 9.740881785797201431e+00 -3.749726062430866147e+00 -9.709799171990242117e-01 -4.101519729062117925e+00 -3.380309247553874297e+00 -6.984792401199745981e+00 1.495071118395235210e+00 -2.689570724224231046e+00 -1.928831315302950711e-01
1.000000000000000000e+00 -1.057538866583174908e+01 -2.280460130158184384e+00 -1.735264977014894516e-01 -1.764083075450310734e+00 3.794886439063385630e+00 5.671714717542127637e+00 2.382946848013838270e+00 7.443882089431746785e+00 2.100185973533283956e+00 -4.970969021088253115e+00
0.000000000000000000e+00 8.526290691411530176e+00 1.050903173761517451e+01 -3.430966012833164491e+00 -2.935833063849113245e+00 -4.885352569367807263e+00 -3.938890107085154302e+00 -6.443481966867853572e+00 1.937839301885899701e+00 -2.750096287944625573e+00 -9.823870970619800191e-01
1.000000000000000000e+00 -1.013327551881381616e+01 -3.155033325252123433e+00 3.067528318810422983e-01 -2.592072737083364942e+00 5.675144176669711271e+00 8.355033913807787371e+00 1.767495357342808049e+00 7.224337536321924880e+00 1.414842853417833890e+00 -4.807941679650945765e+00
0.000000000000000000e+00 7.814532882034950667e+00 9.472624793962038936e+00 -1.657579326757822935e+00 -1.045673439443820740e+00 -4.675333879276289295e+00 -4.957857895799773651e+00 -6.331291909687859487e+00 1.058438308995346633e+00 -3.691188629808962229e+00 -1.660600149334088282e+00
0.000000000000000000e+00 7.105761318764456824e+00 7.620403299999283675e+00 -3.496585014510861011e+00 -1.404908777357902760e+00 -5.131082275789205838e+00 -4.052586706916732950e+00 -6.099443735055881888e+00 -6.858544376865873815e-01 -1.564042779163022701e+00 -6.515093537233879184e-02
1.000000000000000000e+00 -9.866428837534510166e+00 -1.860090608071733653e+00 -2.292316649915399629e-01 -1.728040385836930870e+00 4.565846370428543466e+00 7.388006836657869947e+00 3.624652637796661026e+00 5.862914566668295357e+00 4.029616143496236091e+00 -5.558735629623312136e+00
1.000000000000000000e+00 -9.944908346511869723e+00 -1.380901806518647579e+00 -8.125662856345219898e-02 -5.785613003799242593e-01 5.178985261170112153e+00 6.163286529979381534e+00 8.199780617649943260e-01 7.349062392950094669e+00 2.644016094152288776e+00 -5.592880759701054139e+00
0.000000000000000000e+00 8.304684063901662583e+00 1.172239118048269191e+01 -2.849641863274373854e+00 -1.213254845025029560e+00 -5.160367243180087549e+00 -2.696367756362822110e+00 -6.818922384162008576e+00 4.068898372712714817e-01 -3.751709106921750969e+00 6.309608819711525207e-01
1.000000000000000000e+00 -1.148482800460303288e+01 -1.758512213763915311e+00 -7.969105304909902543e-01 -1.541413770701309582e+00 5.194569025959312469e+00 7.113155367587001621e+00 2.837831079266798007e+00 6.253005670590155773e+00 2.161154240495943402e+00 -5.492206346992881905e+00
0.000000000000000000e+00 7.127767891594357863e+00 8.036430820043271694e+00 -2.672714933507199575e+00 -1.135752961547974893e+00 -4.520592847006216886e+00 -3.397490823182482078e+00 -5.644388900657460795e+00 2.197489990347949451e+00 -2.487429292093866540e+00 9.494834249783972169e-01
0.000000000000000000e+00 8.732591883430124824e+00 8.732467183869170313e+00 -2.527470340204405197e+00 4.908387433904459751e-01 -4.063228954961749295e+00 -4.465453308723271952e+00 -5.040280102766661052e+00 9.690630171622223177e-01 -2.514137377391409078e+00 5.545997256951191723e-01
1.000000000000000000e+00 -1.074138014136297059e+01 -3.364911606037506164e-01 -6.284314008093542236e-01 -8.177978433342176778e-01 3.558034105421696403e+00 6.513715333124777906e+00 2.978622199568853102e+00 8.036081982477885077e+00 1.287086460978746683e+00 -4.347578061936021143e+00
0.000000000000000000e+00 7.628018685395852039e+00 7.901347784510722505e+00 -2.447436944479400189e+00 -2.340764273106625826e-01 -5.026372787013207777e+00 -4.136308580432512372e+00 -6.381525528253090052e+00 1.468148277618552155e+00 -3.079270933536497168e+00 -1.055969820699197426e+00
1.000000000000000000e+00 -9.246159335667512025e+00 -1.098239247895534954e+00 -1.080039171229355777e+00 -6.481343255897656919e-01 5.546226480121015712e+00 6.625609410426621437e+00 3.679119547200717655e+00 6.701857784217249758e+00 2.712522085999305332e+00 -4.108319794833919403e+00
1.000000000000000000e+00 -9.208395269059932886e+00 -2.656838416508783496e+00 -1.108316359900151760e+00 -1.345707520892087006e+00 4.699878071876814722e+00 8.160292962095743619e+00 2.063216908541391170e+00 7.437851979577509098e+00 8.177087801222449048e-01 -7.083285373573382060e+00
0.000000000000000000e+00 6.990327446101290754e+00 9.878298809396907743e+00 -2.525677364179302664e+00 -1.190987958964863092e+00 -1.860865250364632573e+00 -3.106363565494119072e+00 -6.187151567029095744e+00 5.357776550913143643e-01 -2.611622642007835449e+00 1.929125411051383132e+00
1.000000000000000000e+00 -9.765019860708676447e+00 -3.123327533368017717e-01 -1.911633250533416040e-01 1.430327021037038904e-01 5.652468836912926342e+00 6.226892498480642857e+00 3.079208978179716283e+00 5.686173003243616186e+00 3.029876840411918071e+00 -4.573744946884083618e+00
0.000000000000000000e+00 7.165309735800753366e+00 9.157896888490249410e+00 -3.108041101025694086e+00 -2.424536407716317399e+00 -3.678936682058175478e+00 -3.125799754179813039e+00 -6.658741410876130473e+00 1.500343097025091721e+00 -3.045954976361679112e+00 -2.411075223889108665e-01
0.000000000000000000e+00 6.703958854786847610e+00 1.050649949245862302e+01 -3.520454722637947675e+00 -1.679647732351509548e+00 -4.509678616320810463e+00 -4.582084481551481403e+00 -5.749865282758158003e+00 2.988389503048777485e+00 -3.057857592105176270e+00 -9.124460527451758729e-01
1.000000000000000000e+00 -8.490464318296840673e+00 -3.373615266132567569e+00 -9.005320372905499804e-01 -2.113415924133932311e-01 5.023362918665951860e+00 7.388782392878119332e+00 2.790599399882601972e+00 7.592974026637762996e+00 2.435171935199172299e+00 -4.769782201942652122e+00
1.000000000000000000e+00 -1.130380073000685925e+01 -1.900109486420731297e+00 -4.446892429683813042e-02 -1.002448969213448615e+00 5.218519703038955626e+00 6.111411339783805907e+00 2.803513285181569614e+00 8.352667155578327396e+00 1.419047353913977183e+00 -5.423490924847999217e+00
1.000000000000000000e+00 -1.042219895608202229e+01 -3.130407946417482101e+00 -1.206820322563062930e+00 -2.403172340235474991e+00 4.869875586281494861e+00 8.008588384902033397e+00 2.468010382608519571e+00 4.510352712333748570e+00 1.028337757339820913e+00 -5.794128609314414646e+00
1.000000000000000000e+00 -9.139039353512004027e+00 5.326597075737939946e-01 -7.074941861184547154e-01 5.513988395234292739e-02 4.705209676695945475e+00 8.397597339909843583e+00 3.132791600372347052e+00 6.369941629471523648e+00 3.196492950678973433e+00 -5.517526573224249553e+00
1.000000000000000000e+00 -1.009513831419258700e+01 -2.074143969205908267e+00 -1.336504058247327986e+00 -1.912704123024373537e+00 5.724315967317479270e+00 7.752862803887235366e+00 1.893528603849337077e+00 6.051991663272973554e+00 3.339569703676944279e+00 -5.764576786290293242e+00
1.000000000000000000e+00 -1.081280354187479276e+01 -1.415469706695358987e+00 6.241036846811777172e-01 -2.361035752460530546e+00 3.627920997212646270e+00 7.464562979868384573e+00 3.435759549573813576e+00 7.058652759205871874e+00 4.054794663482839567e+00 -7.143324177199783520e+00
0.000000000000000000e+00 6.332040076761180636e+00 9.767173888537834969e+00 -2.494873431535077124e+00 -1.080841757558256733e+00 -3.834608924437429511e+00 -4.010699839933827171e+00 -7.469105995905859885e+00 -6.383664704768665654e-01 -2.490242327345414619e+00 -1.152161802969839055e+00
1.000000000000000000e+00 -8.878570865375818855e+00 -3.955550878565320394e-01 -1.348842423456513062e+00 -5.539528831214173277e-01 3.634883711902877401e+00 7.626200974472725491e+00 2.411836949010027098e+00 6.903821946754801431e+00 6.095510117919340498e-01 -6.876838491960914901e+00
1.000000000000000000e+00 -8.053241224126340470e+00 -1.439312534945288657e+00 4.490862428667329320e-01 -2.303175539117295223e+00 4.268623066836965130e+00 7.611253042442545080e+00 1.920420424284891681e+00 5.916432948124079161e+00 1.728910047549341966e+00 -5.980243809091352780e+00
0.000000000000000000e+00 7.678081336922631728e+00 9.222141807573958516e+00 -3.333280389442550451e+00 -1.941647384479357363e+00 -4.033364096757948936e+00 -3.148829201820516843e+00 -6.718542204737369516e+00 2.126727866343510520e+00 -3.306843480814960046e+00 5.505063277844821634e-01
0.000000000000000000e+00 9.032044070585982354e+00 7.844113002838449589e+00 -3.236211223347285060e+00 -1.890342913311569006e-01 -2.447634399145913964e+00 -5.208905964042751080e+00 -5.344459018023319352e+00 2.421792977385038625e+00 -2.362698118583251627e+00 -1.729098066557037017e+00
0.000000000000000000e+00 8.105055966125453537e+00 8.909032371543084139e+00 -2.713873257106990788e+00 -2.100086527786227730e+00 -3.937983202049494480e+00 -4.226999981071863033e+00 -5.865044015666213362e+00 2.477687294848716082e-01 -3.732452056303878329e+00 -1.502775669188777696e+00
0.000000000000000000e+00 8.255312737136403456e+00 1.006139843686228907e+01 -1.126955614669428618e+00 -1.012619328473935987e+00 -5.842661144310174137e+00 -4.812344892629172755e+00 -6.047310351370036585e+00 8.149214199440786288e-01 -3.590056973086007908e+00 2.886025406691520301e-01
0.000000000000000000e+00 8.494704000641492669e+00 9.633609351427150358e+00 -3.476186567817994177e+00 -7.434076277939981603e-01 -2.280444907626024253e+00 -3.279643159693042875e+00 -6.491069792878251477e+00 1.291123160475053933e-01 -3.245906458445573683e+00 -4.359847018472486901e-01
1.000000000000000000e+00 -8.900020356058584881e+00 -1.161781357905968592e+00 -5.265356804661148749e-01 -2.899657480944873189e+00 4.601722764550780553e+00 7.246117894703084872e+00 3.636039356356963737e+00 6.708675102423517167e+00 1.580235243759711139e+00 -6.820186219685318463e+00
0.000000000000000000e+00 6.616848224300015957e+00 1.024807646701743202e+01 -2.119838590929463251e+00 -9.391975789793551854e-01 -4.894105642985374871e+00 -5.114831285290933671e+00 -6.336428447156269961e+00 2.293599099919312323e+00 -2.924279762785353398e+00 -1.750554024276361198e-01
1.000000000000000000e+00 -9.621275692008161684e+00 -4.253215774413845462e-01 -1.664000606113757108e+00 -1.188990199914871315e+00 4.945152636538833413e+00 7.181738808442428734e+00 2.346568964264979407e+00 6.962143126146216332e+00 5.381307491196973825e-01 -4.219361215165728041e+00
0.000000000000000000e+00 7.076271177839050353e+00 9.603577648245343212e+00 -2.103462920352510590e+00 -8.070951793236128546e-01 -4.476941771496861122e+00 -3.651947731831175048e+00 -6.259830062929338190e+00 5.636702329955389779e-01 -2.315951841795174104e+00 -1.938202042986457707e-01
1.000000000000000000e+00 -9.060278665660499442e+00 -1.265754643387447809e+00 8.180983801932113497e-01 2.814249650090763222e-01 4.064450952213532808e+00 6.787391926592921010e+00 2.198361259283652114e+00 6.780422917941134386e+00 1.982621378492989361e+00 -5.232266276833424712e+00
0.000000000000000000e+00 8.971628330281262720e+00 9.203247704534414098e+00 -3.965474504802872335e+00 1.072812442382274689e+00 -4.917939431522947658e+00 -4.192731615670847845e+00 -6.482032248735021263e+00 5.392509413692628817e-01 -3.220861870901405410e+00 -1.647741187094643678e+00
1.000000000000000000e+00 -1.045116956551804677e+01 -1.076335103570081442e+00 -5.582492264160219264e-01 -2.265557070901449421e-01 5.558849671287462435e+00 7.626015396722015893e+00 2.469441182961729098e+00 9.318988652910718429e+00 7.658625820827946740e-01 -5.587318199208265668e+00
0.000000000000000000e+00 7.270393981674046380e+00 9.335293295305543637e+00 -3.563168794193162459e+00 -5.088691241702421042e-01 -5.424156324418400565e+00 -4.635854009361993988e+00 -6.743428945164401611e+00 1.260885906772503562e+00 -2.092436518856002348e+00 -1.897675284561072817e-01
1.000000000000000000e+00 -9.889520832086660107e+00 -1.049627141876456893e-01 -9.785057148807249083e-01 -3.647703172894036783e-01 4.459427086697207443e+00 7.655013246444354102e+00 2.777792963206036081e+00 7.260637529676255753e+00 1.400935464778039208e+00 -6.614743366347471287e+00
0.000000000000000000e+00 8.085565150932803036e+00 9.089524965726571537e+00 -3.241407531826569155e+00 -1.909211056484405145e+00 -4.525474226194277527e+00 -3.381769664248215790e+00 -6.344187726810131878e+00 -2.570741091817820845e-01 -1.447163704593873890e+00 -3.631488514214625818e-01
1.000000000000000000e+00 -1.023189363319589873e+01 -8.457610154840122796e-02 9.910231740670170097e-01 -1.207503252533500326e+00 5.114805760932760847e+00 6.005893825283479259e+00 2.745484570355580356e+00 6.912643873577962950e+00 1.330091330730331034e+00 -4.733504101083713778e+00
1.000000000000000000e+00 -9.323489416929188423e+00 3.150098906771383600e-01 -8.874794016101213989e-01 -3.309261946071432980e+00 4.523675667119210431e+00 6.392606040415351742e+00 2.733530035385004275e+00 5.819542008645180786e+00 3.474733468669866543e+00 -5.121639541436827869e+00
0.000000000000000000e+00 7.907305577616105197e+00 9.820682099845260637e+00 -2.720523850857027526e+00 -2.534889459172171122e+00 -3.914480585182397832e+00 -3.048257173704995715e+00 -4.877854467623163437e+00 8.397226278553659995e-01 -2.781085370374506649e+00 -3.669847506095136325e-02
1.000000000000000000e+00 -8.950478624585596066e+00 -1.120645177715606788e+00 -1.046738537962265791e+00 -5.543777894069491508e-01 5.637016709928160729e+00 5.892095882462746737e+00 1.437661106107636755e+00 6.496093496246126087e+00 3.285639014952139725e+00 -5.362920298306818268e+00
1.000000000000000000e+00 -9.897487963189613325e+00 -1.927225527738598565e+00 1.524369039179477858e-01 -2.061896275507137499e+00 4.377025985619273030e+00 8.259269584985172941e+00 7.986124067191793241e-01 6.871161013205673740e+00 1.806644385502145456e+00 -5.899045431499930103e+00
1.000000000000000000e+00 -9.721155252176785666e+00 -2.044680616750397029e+00 7.283959935147334974e-01 -2.329288936924067688e+00 5.029805668979437705e+00 5.961346446092435691e+00 2.774802246032899600e+00 6.573931462118842717e+00 1.901258491116357696e+00 -4.573216865724494262e+00
1.000000000000000000e+00 -9.581853796912511712e+00 -9.078767893198080863e-01 1.026805744430847600e-02 -1.239154244030001184e+00 4.084552899592583053e+00 5.518460417004114049e+00 2.463535426848892929e+00 6.835880410681755670e+00 2.418137248699318675e+00 -6.589037624927827963e+00
0.000000000000000000e+00 8.624969213529938727e+00 9.346559140181687653e+00 -2.849966343019853632e+00 -2.856631550402527253e+00 -2.869142378738494870e+00 -4.553744337931938446e+00 -6.300360029817842822e+00 1.689676881081002113e+00 -1.653064024266405418e+00 7.113915349902948382e-01
0.000000000000000000e+00 7.703879818851858019e+00 8.411205363590088524e+00 -4.416359476243146176e+00 -1.109763949945019812e+00 -4.399022414644936596e+00 -4.839175773229016819e+00 -6.066871640490022699e+00 2.490702602742755900e+00 -1.424148305920055702e+00 -1.157158843426160821e+00
0.000000000000000000e+00 8.800456082689958492e+00 1.047827081927938941e+01 -1.944530700211687169e+00 -1.197840310180549483e+00 -6.132384718941408686e+00 -3.208317175905021745e+00 -5.765979147030797947e+00 1.551790727881172671e-01 -1.356187044246884632e+00 3.215261288578504795e-01
0.000000000000000000e+00 8.580881902573725739e+00 1.012670133525184646e+01 -2.936807210841725801e+00 -2.027753564474458425e+00 -3.126735784832489262e+00 -4.293441236355342916e+00 -6.740646366303582049e+00 3.011792556939519194e+00 -1.302219033280402449e+00 -1.923327952896246029e-01
1.000000000000000000e+00 -9.710979646337429827e+00 -4.587760606982540512e-01 -5.011648741324157275e-01 -4.176204576732277518e-01 4.321975527841036779e+00 6.648031391195159401e+00 2.922579267336264497e+00 8.068273144552030374e+00 3.202340515322978920e+00 -6.668641003228742647e+00
0.000000000000000000e+00 8.532516513962773885e+00 9.300377036968367150e+00 -3.591606894725584809e+00 -4.404517701625066950e-01 -4.993238040492858687e+00 -3.331262979470945851e+00 -7.587311203503514179e+00 2.711056737018509466e+00 -2.892809971822203785e+00 -1.949416232433698992e+00
1.000000000000000000e+00 -1.021745997610029022e+01 -3.380664442564746963e+00 -7.061923987569702632e-01 -2.588188182738928589e+00 5.223987042797028302e+00 6.686836563237560149e+00 1.848684055993361497e+00 6.134831845708708542e+00 1.719151720008598616e+00 -5.468762588975510930e+00
1.000000000000000000e+00 -8.420151540791222189e+00 -1.870951208335141169e+00 8.704365796337371064e-02 -1.999312558297250630e+00 6.278012166908916392e+00 6.371469247578208872e+00 2.710895539310867353e+00 7.546274287455386087e+00 7.199449739014864846e-01 -4.878477602499397214e+00
1.000000000000000000e+00 -8.761906581007229633e+00 -1.029132997102583769e+00 8.440848086253338600e-02 -1.174978675654539950e+00 4.492630542088963175e+00 7.562179148441323662e+00 2.271013438248381533e+00 6.221149767377153417e+00 2.673640748640544018e+00 -5.423265703537947680e+00
1.000000000000000000e+00 -8.575788755752290271e+00 -2.346889952151081093e-01 5.824231388424148115e-01 -3.582080605083373115e-01 4.837179511471994431e+00 8.173895551315448316e+00 1.336447491884606986e+00 5.739644920860213162e+00 3.774854401329196918e+00 -6.410868691915219131e+00
1.000000000000000000e+00 -1.024812609017706144e+01 -1.874291795139247707e+00 4.988717873362021882e-01 -1.268652685853756568e+00 4.768393751666335945e+00 6.325366694395804679e+00 2.027183523434142653e+00 6.733792590981746429e+00 2.799506066589650288e+00 -6.230349542153989617e+00
0.000000000000000000e+00 6.364733041202216945e+00 8.268034310443230339e+00 -2.804411325197556426e+00 -2.293107604695496349e+00 -4.477023073555526089e+00 -5.323093801261462588e+00 -6.340245812476903886e+00 1.706863524650433783e+00 -2.439649599613725961e+00 1.117465279993484772e+00
1.000000000000000000e+00 -9.389315891400221048e+00 -9.389675688424444777e-01 -8.461433563595893714e-01 1.108138771664981537e-01 4.784203608557860754e+00 7.937786178993525787e+00 1.955070895888024740e+00 6.489918271037821818e+00 3.052458560395590048e+00 -5.427168860314061760e+00
0.000000000000000000e+00 8.913784238366902812e+00 8.162272726869014505e+00 -2.360980202379296955e+00 -2.315696274085534689e+00 -4.315730526145316936e+00 -3.738353340709111627e+00 -7.082999011813173595e+00 9.074324038970633666e-01 -1.573653786346089767e+00 -1.118153289143800411e+00
1.000000000000000000e+00 -1.003083195058786004e+01 -1.170848733645397433e+00 3.384432235110312881e-01 -1.091012902242316951e+00 5.255653044886726022e+00 7.262299626576441014e+00 2.357531767175913728e+00 7.155115805644995497e+00 4.634805774904669384e+00 -5.051833648123539966e+00
1.000000000000000000e+00 -1.030603101477530892e+01 -1.607969089208808322e+00 -7.834885056998134312e-01 -4.787021101400339429e-01 5.553542169816434004e+00 5.378574562698677397e+00 2.588028626090608242e+00 5.523234059966405596e+00 2.272901743400555397e+00 -5.241543242247054479e+00
0.000000000000000000e+00 7.406498660664641243e+00 1.075663460947051320e+01 -2.136445120770538164e+00 -4.449886029917596852e-01 -4.994697161962912801e+00 -3.622481234596567568e+00 -6.310843347767109535e+00 3.566988792070172609e-01 -2.430568440470568969e+00 -1.940688792635377746e-01
0.000000000000000000e+00 8.116032898527986816e+00 9.636126733202464933e+00 -3.908109882913418431e+00 -1.833407728431220463e+00 -4.295536148733807735e+00 -3.409268600711596431e+00 -6.074936537897705158e+00 1.285154660809966209e+00 -2.036576291485968859e+00 -1.339990641649895231e+00
1.000000000000000000e+00 -9.107293771637108293e+00 -1.806704059704156595e+00 9.088502084154717053e-01 -6.853340748454028741e-01 5.447184439383061516e+00 7.191220024487545714e+00 3.685813146581696564e+00 7.294104936752741075e+00 2.787698096352610566e+00 -3.925716904287527953e+00
0.000000000000000000e+00 8.141179797151991693e+00 8.453140453821704980e+00 -2.258717352581182336e+00 -2.933813410684520395e-01 -4.712571839571876531e+00 -3.998688125554551664e+00 -7.646880037346253545e+00 1.631877337850006660e+00 -3.015737844815931989e+00 2.317804042099409489e+00
0.000000000000000000e+00 8.709336104707402271e+00 9.502513223467657255e+00 -2.572773844154523815e+00 -3.002929264665693765e+00 -4.516807059383588729e+00 -4.849771755540658980e+00 -6.346387385708937678e+00 2.059923076875751935e+00 -1.289145768447199192e+00 -1.660472881033140169e+00
0.000000000000000000e+00 7.124215112864346722e+00 1.004742494308204925e+01 -3.358660192892305218e+00 -1.014435453306999246e+00 -5.347335527640423081e+00 -3.848283323824261082e+00 -5.839831628776941841e+00 2.395649770213892360e-01 -3.894655139024371771e+00 -1.356217618475944242e+00
0.000000000000000000e+00 6.535493814397066892e+00 9.647665169200919877e+00 -2.712119152343321904e+00 -1.787881660875912715e+00 -3.779560342490150493e+00 -5.364790809233390689e+00 -5.967385393865580312e+00 1.826888772746130929e+00 -3.095603754421530684e+00 -1.494295408328954355e+00
1.000000000000000000e+00 -9.861323470034911054e+00 -1.059229459191678879e+00 -1.459731447384792657e+00 -3.004158710694226908e-01 3.733193431454137734e+00 7.508051602934990854e+00 2.688454632108016273e+00 5.877471766796692698e+00 2.938108271918627779e+00 -5.550020469237897380e+00
0.000000000000000000e+00 7.325177050306665549e+00 1.009332150641810522e+01 -2.775430586000815936e+00 -2.008818937568298324e+00 -3.403867195159476555e+00 -6.144821827788655710e+00 -7.634093986774187712e+00 1.954860529534044655e+00 -3.112845576175351070e+00 -1.827653150715447539e-01
1.000000000000000000e+00 -1.036999026549054648e+01 -1.673694976379550559e+00 4.532698790502565078e-01 -1.139099342470522913e+00 4.734470006168499445e+00 7.660930011592980371e+00 1.771592505453847277e+00 6.578232739395676987e+00 2.548396555249219375e+00 -4.044584502234429557e+00
0.000000000000000000e+00 7.169152193228036651e+00 9.712267063503849940e+00 -3.091533588315023895e+00 -9.966850031171849977e-01 -4.056942412226778316e+00 -4.617144492721322102e+00 -6.984014641137593848e+00 1.489984892402662631e+00 -2.228573937214316736e+00 -1.923388428256640248e+00
1.000000000000000000e+00 -7.777785007110274762e+00 -1.859657156777751563e+00 -1.805972507058027032e+00 -4.168144174146282133e-01 4.406553559703054290e+00 6.102031648065990410e+00 9.998368337810612516e-01 6.796444269086507006e+00 2.153932344287017742e+00 -5.005093764749501517e+00
1.000000000000000000e+00 -1.107625104193039611e+01 -2.603435438401822566e+00 -1.187143704058550631e+00 -2.100632535130372069e+00 5.726965129160811685e+00 6.554386167112030037e+00 3.281346986875687044e+00 5.734005258568046770e+00 2.456402054919909705e+00 -5.260464133433293554e+00
1.000000000000000000e+00 -9.712426535456518906e+00 -3.457195080149567445e+00 -2.457295862042740420e-01 -3.965406727952682786e-01 4.714406789449054003e+00 6.378601911889516529e+00 1.465193924023931782e+00 7.364910204779891778e+00 2.749034265806587385e+00 -5.460019896204326706e+00
1.000000000000000000e+00 -1.052415362432455836e+01 -4.168899711075099823e+00 -9.181333993460324971e-02 -2.731486816398336792e+00 5.814021000657106697e+00 6.641629433563088547e+00 1.990383168158200489e+00 7.922703769280539099e+00 1.032486235358367033e+00 -5.764269544848394489e+00
1.000000000000000000e+00 -9.515692603733388211e+00 -9.240623530577315448e-01 1.170403157574350539e+00 -6.083066476337818385e-01 4.370040908727650830e+00 6.369123722352234118e+00 2.500693612096241747e+00 7.197521160998924472e+00 4.157613672858607501e+00 -4.644586365717312759e+00
0.000000000000000000e+00 7.547943082305018869e+00 9.523590752776357249e+00 -3.128319758072949153e+00 -1.533346489995549566e+00 -3.098633070559932090e+00 -4.558162365732862042e+00 -4.953543910567113961e+00 2.350332522896974474e+00 -2.358584323438114083e+00 -1.239411262551373571e+00
0.000000000000000000e+00 8.906945205026957524e+00 9.769388229351287478e+00 -2.861027014825059389e+00 -1.545639134567044159e+00 -3.826367200275605285e+00 -3.962439646679773109e+00 -4.960178381230475608e+00 4.708284007879824928e-01 -3.327304545545815451e+00 -3.306256760018130292e-01
0.000000000000000000e+00 7.516934561776233537e+00 1.115067931997379702e+01 -2.979030357757518566e+00 -2.039262030965581118e+00 -4.097231978983520762e+00 -4.941181215601878840e+00 -5.671600710203763995e+00 2.635905747049438475e+00 -1.719211706130191031e+00 -5.204612459934484514e-01
