1.000000000000000000e+00 4.450930771010033205e+00 2.952746860150849528e+00 -1.858148928637374464e+00 4.679244620974115643e-01 4.350609404277284931e+00 5.144022129164171453e+00 2.437185472328053049e+00 1.798388556701958851e+00 -2.440193492791027374e+00 -1.992870574207488588e+00
0.000000000000000000e+00 -2.701456423400828921e+00 -1.145795781903589994e+00 -1.825508024619870717e-02 8.806958675204654696e-01 -2.899905076751325250e+00 3.494751843891918952e+00 2.815663424435153939e+00 -2.741744725697598195e+00 1.790129756364735591e+00 -1.852492350381376607e+00
1.000000000000000000e+00 5.093800958358713160e+00 4.300235244070110596e+00 -1.674998859483397773e+00 -3.338733351858520493e-01 4.667099196703648367e+00 4.834494843730099412e+00 -5.347269875412887785e-01 3.567580969246314737e+00 -2.510832295553428128e+00 -1.100409846829550675e+00
1.000000000000000000e+00 4.341158027866732994e+00 3.990082352937889709e+00 -7.332200066748262302e-02 -1.433284417229234720e+00 6.936234824645348240e+00 4.527821443863876638e+00 4.634321566544157278e-01 3.478750654488982352e+00 -3.340177607666598991e+00 2.313602100338920664e-01
0.000000000000000000e+00 -1.272707553917529877e+00 2.715366767023625894e-01 1.245505481614291421e+00 -7.601665414690675915e-01 -1.133021073334538276e+00 3.379021533821350065e+00 2.152937044965008262e+00 -3.599213982997021333e+00 1.140870158704482051e+00 -1.272914663169040672e+00
0.000000000000000000e+00 -3.907258311583889920e+00 1.051615003794539316e+00 1.179736348927646672e+00 -1.576822121034581858e+00 -2.891141545792368817e+00 4.522521673325135438e+00 2.755522925137460000e+00 3.769282920551368932e-01 2.675913083138263815e-01 -4.682930946034677078e+00
0.000000000000000000e+00 -2.186167991307250258e+00 6.598202208467844887e-01 -9.981084358094038933e-01 -2.592824403198119576e-01 -4.586368232534814737e+00 3.606571632108995118e+00 1.458766475647808702e+00 -2.840395707120791258e+00 3.829032190677207126e+00 -2.704892307356567827e+00
1.000000000000000000e+00 4.788920898223341105e+00 5.117438635889148379e+00 -2.536765336519624991e+00 -1.265185484422002515e+00 5.183352500241253047e+00 4.325215610008810607e+00 8.181646822491530635e-01 4.463339830674476261e+00 -2.530448030220681765e+00 -2.153491819221976300e+00
1.000000000000000000e+00 3.107728240493014660e+00 3.847427848777759340e+00 -1.752797315036826120e+00 -1.046056095283814269e+00 4.244202975297710623e+00 5.107169578453857994e+00 1.019470761407980319e+00 3.985620292659702635e+00 -2.574142921178451004e+00 -1.930684717395295014e+00
1.000000000000000000e+00 4.617855011736526016e+00 3.336672178308169201e+00 -2.147552774038068879e+00 -1.456653704349253786e+00 5.419713194767311393e+00 6.574752814268237877e+00 3.464523216227489044e+00 4.646341204553436022e+00 -3.272876048598178933e+00 -2.766762185706196142e+00
0.000000000000000000e+00 -2.310491890452723851e-01 1.213048683284423612e+00 7.650975624485811810e-01 -8.944848034119489144e-01 -2.964167014490794561e+00 3.346423303909586977e+00 2.853353213893702556e+00 -5.186433288005498632e-01 1.744841084138839982e+00 -2.275688167127888129e+00
0.000000000000000000e+00 -2.324972549066113281e+00 1.071678178564767769e+00 1.631915024561454874e+00 -2.467146896202643713e+00 -3.929208605759688666e+00 3.222058314942315427e+00 1.341927058856812627e+00 -4.832846498110967559e+00 2.047730349483592782e+00 -2.359064045030177414e+00
1.000000000000000000e+00 6.818805331117414603e+00 3.811325993608848162e+00 -3.000267602505721776e-01 -2.474116056406178155e-02 3.562259843612180621e+00 4.843409763021489844e+00 1.148068151990113472e+00 4.480058201088440661e+00 -2.476559890065120229e+00 -1.608391505299437529e+00
1.000000000000000000e+00 7.215284875678575460e+00 3.391514975794204467e+00 -9.423052855255329430e-01 -9.841398837245463049e-01 3.878656134644733022e+00 5.277795991323127822e+00 -1.193062401774598325e-01 4.909929848822867982e+00 -3.139424278337936247e+00 -1.551863504654132475e+00
0.000000000000000000e+00 -9.329204475604790936e-01 6.726526220575734794e-01 3.235801252665857497e-01 -1.355576689618758213e+00 -1.628143935328329794e+00 4.096585738498208507e+00 1.892941927879777220e+00 -6.053289636382022110e-01 6.167122621535630067e-01 -1.147336833544382984e+00
1.000000000000000000e+00 4.569319646180827199e+00 4.519943776789895118e+00 -1.331833973635359936e+00 1.210435346451296468e+00 5.016183464269804659e+00 7.406794642466874024e+00 1.451265273332258410e+00 2.642259663994966701e+00 -2.747611874161974832e+00 4.440237297873681488e-01
1.000000000000000000e+00 5.070834950976862210e+00 3.933734554628109947e+00 7.486240153404288833e-01 -1.968066048508508636e+00 5.537909996148195013e+00 4.577754754678551308e+00 -3.206955297536284721e-01 3.799126028935819743e+00 -2.330765983044833956e+00 -1.302963543166441918e+00
1.000000000000000000e+00 3.626879295682350346e+00 4.862880622582986589e+00 -4.646665150217073048e-01 -5.454065618245619307e-01 5.234562756814090889e+00 4.502479106995384228e+00 1.547349991493748744e+00 2.880689826558086253e+00 -2.197385598826635977e+00 -1.453992849850130442e+00
1.000000000000000000e+00 5.858819108879703919e+00 4.768194437764941007e+00 -1.614959331730140502e+00 1.223493636401912221e-02 4.925732430330915790e+00 4.892430341707295405e+00 3.305009697542210745e+00 3.375053422403286874e+00 -3.534594722144993817e+00 -1.462459003325587314e+00
1.000000000000000000e+00 4.792607079883929977e+00 3.865134104972736573e+00 -5.472625327161454445e-01 -8.914188974370228502e-01 2.979662184632898558e+00 4.111593333998098565e+00 1.021204028238140715e+00 1.646094010342301184e+00 -2.567517472458250793e+00 -3.415384306687508698e+00
0.000000000000000000e+00 -1.290855991635323274e+00 2.110454598324017494e-01 -2.228800035035660709e-01 -3.172890857449574220e+00 -4.378607642901767960e+00 5.413243926020716579e+00 2.234978151471870067e+00 -2.054590598252949984e+00 1.863652349511514705e+00 -2.454951192287764705e+00
1.000000000000000000e+00 4.497277553879284184e+00 3.830779186151485050e+00 -1.274583652995763261e+00 -6.932440828357860907e-02 4.906978208832336819e+00 4.359916058463335631e+00 2.292382095216442650e+00 3.676837012193548304e+00 -2.309591450783643918e+00 -1.785217565499411796e+00
0.000000000000000000e+00 -1.183007176826514240e+00 6.552484865365936217e-01 6.110270180787912286e-01 -2.091258542223903838e+00 -2.289094058933266673e+00 6.237222755234556715e+00 2.250165561767702549e+00 -7.927790932142642077e-01 1.902798071881901976e+00 -2.696312077365334847e+00
1.000000000000000000e+00 5.809022871643340302e+00 3.129924240818359404e+00 -1.308329322160717290e+00 -7.451942378190834493e-01 4.293089257288459137e+00 4.795924125698982188e+00 1.322429997752847752e+00 2.295400954282353467e+00 -1.653398501950445798e+00 -3.625025625396156581e+00
0.000000000000000000e+00 -2.177165222692906799e+00 1.220522585363676971e+00 2.166826858308426473e+00 -1.183577007876060572e+00 -3.634323219770815960e+00 3.086250550411193672e+00 1.955778919981179698e+00 -2.174867970493093328e+00 1.060974872595679130e+00 -2.878677841854471176e+00
0.000000000000000000e+00 -3.268629563862139875e+00 6.780869957842117213e-01 1.697976352078165441e+00 -2.583438943254357412e+00 -4.240187294877755697e+00 2.776102538337304804e+00 2.700812666917055793e+00 -1.519993098364422757e-01 2.005356166923973227e+00 -2.512482157925430393e+00
1.000000000000000000e+00 4.884658242885083546e+00 5.431354245862908492e+00 -1.254998768627257011e+00 -9.719706702501301754e-01 5.842263761008952727e+00 4.939727337409484775e+00 1.980261957736388467e+00 2.962193292463603633e+00 -2.500101326709594396e+00 -9.291588734575251252e-03
1.000000000000000000e+00 5.456074143161973034e+00 5.266566179476172671e+00 -1.077252141695918208e+00 -5.761758055349396335e-01 4.557175529150456761e+00 3.585940407877945990e+00 2.294726663172502068e+00 4.306337729447745843e+00 -2.264748411295719688e+00 2.910606372814061871e-02
0.000000000000000000e+00 -2.152148225396785186e+00 2.013227937203828866e+00 1.107171359818629686e+00 -1.120854803677360234e+00 -2.775015019257556670e+00 2.293315474485835281e+00 3.253727585554651469e+00 -1.846677200748686465e+00 1.258756622520070367e+00 -2.916836172452948794e+00
1.000000000000000000e+00 5.592654713634304109e+00 3.903242563389515585e+00 -3.745488312834647227e-01 1.703909450409139548e-01 4.871977338199330987e+00 4.168843254513206809e+00 1.434986273938524182e+00 4.683516726686092646e+00 -2.294146308880484320e+00 -1.935845388292919189e+00
0.000000000000000000e+00 -2.065312650229794045e+00 1.894099150841701107e+00 2.134812743139391067e+00 -7.176295477971517123e-02 -3.297246346499985936e+00 3.815237632525834588e+00 2.330724705224759497e+00 -9.124735917016819631e-01 1.716345786234554360e+00 -1.763661947877525282e+00
0.000000000000000000e+00 -2.641626644460671969e+00 1.615320669649961349e+00 -4.073701365534740937e-01 -3.134182457781757858e+00 -1.824286028233036872e+00 4.737385704561254407e+00 3.033671639065658177e+00 -1.983051558936927083e+00 1.096567861375654651e+00 -2.376023356049200785e+00
0.000000000000000000e+00 -3.801670869872691760e+00 5.779545985141862907e-01 -1.208575683137248280e+00 -5.471819902207488706e-01 -4.066222476621766724e+00 4.287828901059657305e+00 1.292658656463963274e+00 -2.444705328397432265e+00 1.267128183112513629e+00 -2.975187356673055117e+00
1.000000000000000000e+00 4.143002891741173421e+00 4.364664997173328231e+00 -1.306185850936108617e+00 -5.058791643592059906e-01 5.357208682925724830e+00 5.726478803015493391e+00 2.180446599833119947e+00 3.872903660165483153e+00 -1.479788957265446347e+00 -1.089331215054295976e+00
0.000000000000000000e+00 -8.883140708315773182e-02 1.014616547750945674e+00 1.730395288199698678e+00 -2.312352138356178255e+00 -3.207758655463239350e+00 4.736583133538320389e+00 2.447435047250825502e+00 -6.146683333057560983e-01 1.042481241252109836e+00 -3.493529276767948666e+00
0.000000000000000000e+00 -1.584713927726623117e+00 3.413702512887277774e+00 2.095649916861078488e+00 -1.431464437508858767e+00 -2.783793205010036242e+00 4.455572768128506667e+00 3.278520603101718667e+00 -3.781075471577805214e+00 7.858110312640415041e-01 -3.324048851391653070e+00
1.000000000000000000e+00 4.628240807262808509e+00 4.914927096168998588e+00 -1.231891676517471668e+00 1.670296947673983068e+00 6.153045333342393342e+00 3.838512830363622896e+00 2.517826426416404750e+00 3.560384155421271846e+00 -2.483229152132777617e+00 -5.773830936492776456e-01
1.000000000000000000e+00 6.131931925045933873e+00 5.349071801947749449e+00 -6.968073650344441816e-01 8.467067199432458668e-01 5.238590558912187944e+00 4.698446496293071206e+00 1.471125372981249235e+00 2.816193390535242536e+00 -2.536174909142772105e+00 -2.869597477990018408e+00
0.000000000000000000e+00 -2.837929320679719591e-01 1.083639046889713686e+00 9.870815858415555866e-01 -8.616197098444419167e-01 -4.218284176972121102e+00 3.543634743124843833e+00 4.509103051898899039e+00 -1.915806468725231415e+00 2.088517434495026581e+00 -2.751075200748429150e+00
0.000000000000000000e+00 -1.982977515920529399e+00 2.149499074893068684e+00 1.909325854721351412e+00 -8.888362123321184027e-01 -1.513288819506996452e+00 4.629369752017038486e+00 2.515604349511012749e+00 2.125786717478233001e-01 2.245864681953322783e+00 -3.284535159537292248e+00
1.000000000000000000e+00 3.886811931949693211e+00 4.418634750916230480e+00 -1.766086435967962442e+00 1.415341802375950087e+00 4.435211182748139969e+00 3.912858211888220694e+00 9.212559768061212573e-01 5.055534277164458246e+00 -3.982258234298999167e+00 -1.085860199890490208e+00
1.000000000000000000e+00 4.366962848512574880e+00 4.176280166416708184e+00 -1.513687135194134115e+00 3.309853438409386395e-01 3.945827616068516619e+00 5.016954774222432967e+00 6.784085083988463660e-01 2.693623910583117009e+00 -1.618088528689793915e+00 -1.369717526762520787e+00
1.000000000000000000e+00 4.957032711062339558e+00 5.019908683712038133e+00 -1.780926529637002043e+00 2.334940281451130528e-01 4.528981490984496538e+00 5.008177203297218050e+00 8.113989070769211942e-02 2.967234535491082958e+00 -2.002815867253881166e+00 -6.664780294467609334e-01
0.000000000000000000e+00 -1.580090694030295451e+00 1.448151766439268462e-01 3.593842098592576750e-01 -1.720044181012960083e+00 -2.834600698022350596e+00 3.792307957061279655e+00 2.651906328995303763e+00 -2.535801572686427363e+00 1.631861630615845105e+00 -2.352727683545698056e+00
1.000000000000000000e+00 4.908730252598835442e+00 3.741409591625399766e+00 -9.666314756441063416e-01 -1.604868171006015032e-01 6.064840718739425540e+00 5.086109849221354118e+00 3.940305074712179056e+00 5.311532318321837920e+00 -1.557700239905154049e+00 -1.394129461542022552e+00
1.000000000000000000e+00 4.885480205600924108e+00 4.043980294124601471e+00 -9.596116902771143486e-01 -8.679862510343688831e-01 4.273165889295006181e+00 4.189075531178572120e+00 9.823608892858560759e-01 3.402746866046924445e+00 -2.978220224012578576e+00 -1.478729671780001809e+00
1.000000000000000000e+00 3.415147969514705562e+00 2.813179929320794415e+00 7.716276285886414232e-01 7.377620518072971478e-01 4.577017957340229870e+00 3.040402777314079152e+00 1.817675520910054798e+00 3.141916096048204210e+00 -2.765652139598025361e+00 -1.064727958949570841e+00
1.000000000000000000e+00 7.760729856487895262e+00 2.837184910487631662e+00 -1.727029087076564551e+00 1.939278008432456235e-01 4.349754986934464718e+00 3.724211532909361910e+00 2.145662543341391615e+00 2.881868303082581573e+00 -2.588760006683946013e+00 1.326173148147104630e+00
0.000000000000000000e+00 -2.735553296677946555e+00 1.648449602387542123e+00 5.284718215621355686e-01 -2.502324515248638637e+00 -2.664141951219980875e+00 5.768271455597515640e+00 3.691611662934187521e+00 -1.356079583927725762e+00 1.533331855985708758e+00 -3.120275512981961263e+00
0.000000000000000000e+00 -1.334883841146967898e+00 2.893744965989115236e+00 1.094779799137438392e+00 -9.777372309157865704e-01 -3.325771090812273734e+00 3.067467944234817168e+00 5.082119983817785069e+00 -7.731340063507785576e-01 1.847491677706003310e+00 -1.976123751384533778e+00
0.000000000000000000e+00 -1.966385806986925111e+00 2.563607651071996507e+00 2.881386758302888929e+00 -1.049363686455365263e+00 -1.816192458866898063e+00 3.997077287907882415e+00 3.154915446581890492e+00 -2.830309227844942654e+00 2.366985808598761398e+00 -3.593361046770410905e+00
1.000000000000000000e+00 4.791259064405273271e+00 5.147775499653678644e+00 -1.461008267868832755e+00 -9.725177004597501673e-01 5.176588504320340789e+00 5.714617798323924802e+00 1.086389529235847418e+00 3.360610731192708034e+00 -1.837645512900493827e+00 -9.389778954004277534e-01
0.000000000000000000e+00 -2.254070498343821338e+00 8.706643033820283817e-01 1.283785311304760812e+00 -2.191972337391318693e+00 -2.976028067243210007e+00 5.637244870808428843e+00 2.239435311883528623e+00 -8.541919849725552183e-01 2.743236734142347366e+00 -3.320483148595871015e+00
1.000000000000000000e+00 5.479055048584370091e+00 6.466483500857278521e+00 5.043224827199566107e-02 5.178783920676981456e-01 5.843353647722278055e+00 4.199710456440494788e+00 6.624527830938506945e-01 5.433993499617423950e+00 -2.125822233311490006e+00 -2.944895914687603700e+00
0.000000000000000000e+00 -2.540318295340397103e+00 -3.574549466289802524e-01 8.529792111138172483e-01 -2.518263073388831152e-01 -4.121097904676224388e+00 4.163168348144759889e+00 1.452785052199510485e+00 -2.376613553652326516e+00 3.042286477927469868e+00 -2.886508181898526981e+00
1.000000000000000000e+00 4.209173818783770393e+00 3.601425495535751420e+00 3.604183708534427488e-01 -2.300870280809048929e-01 4.904024245363528323e+00 5.808336800067132266e+00 2.414134854436324140e+00 4.295699135138705493e+00 -2.675730602489094778e+00 -1.335552126355457503e+00
1.000000000000000000e+00 4.084209486728397565e+00 4.294130550766577237e+00 -1.807523030010754095e+00 9.074801664290716996e-01 5.044202899597780565e+00 3.665297332917868189e+00 2.407684554379728947e+00 3.226840697543204239e+00 -2.119511114430153942e+00 -8.161003868523297733e-01
1.000000000000000000e+00 4.296610690609861116e+00 5.812445615600056570e+00 3.703528226149723768e-01 2.059363785644413580e-01 5.566545490041892918e+00 4.517476661593668119e+00 2.390759082740966157e+00 2.394470769364672513e+00 -2.614895554905155350e+00 1.335006759441890178e-01
1.000000000000000000e+00 6.246371709110561277e+00 4.512535694772552120e+00 -2.058334516139024295e+00 -1.333320774595700753e+00 5.310950588597684430e+00 4.731188919997297404e+00 2.783367837639945996e+00 3.285258084159435210e+00 2.375171703858320882e-01 -1.281003598533974497e+00
0.000000000000000000e+00 -3.009271615804680167e+00 -3.543158488444548837e-01 7.501068457878685702e-01 -2.093364082746311361e+00 -4.221243759825442865e+00 4.272013725075801460e+00 9.674803841606545163e-01 -2.086287549832215316e+00 7.847796990258615324e-03 -1.600529787968388629e+00
1.000000000000000000e+00 5.557031100979286542e+00 4.745681045896855466e+00 -7.937932062056118898e-01 -6.617807783620259510e-02 4.285406502231212222e+00 3.805997223877074287e+00 1.023508883079694565e+00 5.391338447940373868e+00 -1.592298144904267021e+00 -1.804865742807306717e-01
0.000000000000000000e+00 -1.190158211058337967e+00 1.798340439788128187e+00 5.560665448911562558e-01 -1.131789934901189509e+00 -3.295973686927666346e+00 5.497839123003734230e+00 2.434330906594730060e+00 -1.996321596297977674e+00 8.261566341619687170e-01 -2.881097385760370333e+00
1.000000000000000000e+00 5.173336102841119555e+00 4.825960140321614134e+00 -6.721629913540365653e-01 -2.546226529329431165e-01 4.970271013369486290e+00 4.404861459332533258e+00 2.220343144393669643e+00 5.370124730163040816e+00 -2.082140321228866497e+00 -2.326442121798478979e+00
0.000000000000000000e+00 -2.352791573137688719e+00 1.229678343666916085e+00 4.710348172449955184e-01 -2.925312349211599106e+00 -3.519092184362193176e+00 4.217844924539405405e+00 2.261933786065199126e+00 -2.279173473181480336e+00 1.606289289364494444e+00 -8.468421860914672195e-01
0.000000000000000000e+00 -1.486778068395521846e+00 3.955356965859079255e-01 1.526651065597937507e+00 -3.087280625317681437e+00 -2.107689938730270995e+00 4.618539176238031452e+00 3.938979970133598130e+00 -1.021376492943509406e+00 2.014874531023025828e+00 -2.278359790239352201e+00
1.000000000000000000e+00 5.381499514186823596e+00 4.158792870174790934e+00 -8.441135048162198284e-01 5.923489787851988764e-01 5.191965077988047739e+00 5.057030328774617445e+00 3.459219411505999098e+00 3.709220296145278262e+00 -2.149506080276867515e+00 -2.651091909691583037e+00
0.000000000000000000e+00 -2.317027144298245744e+00 3.209376180878075413e+00 1.001524519172576122e+00 -1.910902411923338651e-01 -2.590744102511571612e+00 4.043351365827929200e+00 2.703058483782188492e+00 -1.119227292611940872e+00 6.504160506008003217e-01 -2.013984770243258282e+00
1.000000000000000000e+00 5.181488025132496844e+00 3.186148254270107394e+00 -9.585844012558932814e-01 8.016348440620629789e-02 5.075081208012532485e+00 5.140168531443268130e+00 3.294587332362470367e+00 3.867236615709893410e+00 -2.614544090533867937e+00 -2.845061537699074883e+00
0.000000000000000000e+00 -2.364245982746765673e+00 1.731624345143692345e+00 1.099274548159727694e+00 -2.785913468664922732e+00 -3.414909879604881571e+00 3.512771227272695640e+00 1.523628758595920063e+00 -1.785128581828204553e+00 6.953945901146836306e-01 -2.712303207579222608e+00
1.000000000000000000e+00 6.307389304621167092e+00 3.150169591587687279e+00 2.701967422016025022e-01 -1.361547718610848778e-01 5.232780059157046360e+00 5.182502359538962544e+00 1.434467806249748900e+00 1.658087878434337137e+00 -3.141942824110241173e+00 -9.226335335710483809e-01
0.000000000000000000e+00 -1.721842298684738148e+00 1.998672163375990518e+00 1.292256006585268624e+00 -1.422641058620490506e+00 -2.615597920611001825e+00 4.091884130452939417e+00 2.438599293570797411e+00 -1.572325279529865005e+00 8.042469199369748356e-01 -1.406345074527415306e-02
1.000000000000000000e+00 4.585953060130318448e+00 4.391221820745781379e+00 -1.504373398427466313e+00 -1.545463487072709530e+00 4.277137385897404442e+00 4.783295397894810286e+00 1.241999118478539721e+00 3.702014412914659935e+00 -2.301171398401645085e+00 -1.604227393307552374e+00
0.000000000000000000e+00 -1.821211490686410084e+00 3.026948681003952535e-01 1.926335794793837319e+00 -2.412636574000929457e+00 -2.492611225999253666e+00 4.830954351914162004e+00 3.106291125365843619e+00 -5.561959449424394020e-01 2.281696263635251132e+00 -3.285547170730591215e+00
1.000000000000000000e+00 4.350327471172202642e+00 6.328907856105008278e+00 -2.149074900959554668e+00 -2.721059525585746430e-02 4.002051054949206765e+00 4.740962740115806540e+00 1.108221464441863535e+00 4.628991536091383807e+00 -1.636989428423212267e+00 -2.556304328670135018e+00
0.000000000000000000e+00 -4.464460813602983968e-01 1.450559653352611944e+00 2.139649786621680150e+00 -1.720847253082978590e+00 -5.205921354461759520e+00 1.792974543063641235e+00 2.346444140059857464e+00 -3.117080149974589265e+00 1.533555919296753167e+00 -1.545641054951015114e+00
0.000000000000000000e+00 -8.025440745635377127e-01 1.879436821664391299e+00 1.127510435823960488e+00 -5.765615171530150684e-01 -1.126552332781664223e+00 6.159307438691008052e+00 2.776401450298603635e+00 -4.503243233279921043e-01 9.723628025125521379e-01 -2.136091934659934743e+00
1.000000000000000000e+00 7.344587388953989660e+00 3.981136889516814215e+00 -7.288746227379415688e-01 -4.863430827097696696e-01 5.121562737455369607e+00 3.774084112273539571e+00 5.524540471237112671e-01 3.357423667082894525e+00 -2.451761917193070683e+00 -8.212279509235664854e-02
0.000000000000000000e+00 -2.345606973921880556e+00 3.657575153868628526e-01 3.470276122441422917e+00 -1.042455246814714132e+00 -3.264269961005673792e+00 3.480019713792001035e+00 3.220172847770879532e+00 -2.434682002895246722e+00 2.368799812637951696e+00 -7.138776598584506417e-01
0.000000000000000000e+00 -1.379175665204322110e+00 2.054867379915752856e+00 2.676709814736742743e+00 -1.947011043167763411e+00 -3.281580190239631545e+00 3.954510368449487778e+00 3.247361567298361784e+00 -3.593851394475725769e+00 3.803209799690517645e+00 -2.631714976012088592e+00
0.000000000000000000e+00 -3.436512148506968067e+00 1.438141824185427575e+00 4.839359823896899337e-01 -1.201895277184581001e+00 -2.997626299109971360e+00 3.731628712246298996e+00 1.844417340291764074e+00 -8.406762404629797292e-01 1.727917790833329859e+00 -3.358137720044700014e+00
1.000000000000000000e+00 3.388391111897993024e+00 5.810326776997897902e+00 -9.033756507450141360e-01 1.152485708725672908e-01 5.567264989158327460e+00 5.228190493133893391e+00 -8.604829249170005134e-01 3.103520432611971192e+00 -1.647890632190958993e+00 -5.621019982227194456e-01
0.000000000000000000e+00 -6.035142270709950019e-01 -2.006834990878817226e+00 8.013913816945252844e-01 -1.952689107307364447e+00 -3.239146234188670093e+00 4.495343859225177319e+00 4.246629717228503686e+00 -1.981127398064890244e+00 6.676967017351020939e-01 -2.876262012943704427e+00
1.000000000000000000e+00 5.908553688977091767e+00 3.482254185180017281e+00 -3.989794240665393010e-01 5.050096081664483538e-01 1.584005701333905503e+00 5.344487939492132966e+00 1.772083477368060045e+00 5.295862649212184969e+00 -3.406811133794156454e+00 -8.790941816156606636e-01
1.000000000000000000e+00 4.753040357022152662e+00 4.082005738386296656e+00 -5.454250832321742015e-01 -2.588376141124634766e-01 4.438848232270895977e+00 4.977421403659441523e+00 1.974261654235469621e+00 3.253940706923215131e+00 -1.745999373555021217e+00 -4.255241337957681225e+00
0.000000000000000000e+00 -2.231004411638295881e+00 -8.562563773500160291e-01 2.321552335859568217e+00 -2.101627942763921730e-01 -2.933658316005179678e+00 4.188142571646928936e+00 2.156925511560750408e+00 -2.912639191499366120e+00 7.807908030886131501e-01 -1.534984056584985712e+00
0.000000000000000000e+00 -6.629989199010082324e-01 -1.014849123465882297e+00 1.856806124516509948e+00 -3.559811097429092630e+00 -2.859268598194149913e+00 4.687965500033053345e+00 3.443311864382289311e+00 -1.748996132731416742e+00 3.692213304663097606e+00 -1.799930822119990781e+00
0.000000000000000000e+00 -2.854805920744266423e+00 7.563182036173379252e-01 1.039525013732943481e+00 -1.917515374723196775e+00 -3.587793682652796079e+00 4.229902343935137310e+00 3.813610311554580967e+00 -2.179623952996502467e+00 1.080263815818323092e-01 -7.504794500515672429e-01
0.000000000000000000e+00 -4.109559718523696503e-01 1.903348096837786940e+00 -1.921116648896997514e+00 -1.601653164819419661e+00 -3.017130414467559696e+00 4.068793394184887724e+00 2.493999308366964041e+00 -2.276899672594014490e+00 1.595676347051016020e+00 -1.251671301067960318e+00
0.000000000000000000e+00 -3.360387824050869110e+00 2.125024369603416119e+00 1.814175148645804203e+00 -2.920394715941788011e+00 -1.254342400573583927e+00 5.663888684028094644e+00 2.309967993879814330e+00 -1.705426534925708726e+00 2.742812629079519393e+00 -1.717933734628949827e+00
0.000000000000000000e+00 -1.087710802362955143e+00 2.536327631138480143e+00 5.964848046007270588e-01 -2.601168319720361222e+00 -3.507112071417247900e+00 5.203557509708689466e+00 4.536412068224313643e+00 -1.720775480502788835e+00 2.005292118238529930e+00 -3.131123590222616659e+00
1.000000000000000000e+00 6.845333503203081094e+00 5.119511610186998851e+00 -2.734519042489778951e+00 -2.111379863885355146e+00 2.817818441064211754e+00 3.783344022342976398e+00 5.656208638263737765e-01 3.929386626949651351e+00 -3.759971740828582210e+00 -2.791892559567628052e+00
1.000000000000000000e+00 6.450017798006155267e+00 3.813445820523102991e+00 9.568746252809190445e-01 -4.488425775461071243e-01 3.444600745434917677e+00 3.800586619866893390e+00 1.341924667960722406e+00 2.939703285812094613e+00 -3.026225215635763632e+00 -2.448013958891499087e+00
0.000000000000000000e+00 -3.117895140433098788e+00 1.682453712586973626e+00 -7.593493423883574955e-01 -1.639528227153565165e+00 -1.639562727747471804e+00 3.653803768631781246e+00 3.470738462093609478e+00 -1.022668706904967806e+00 1.479083683250520753e+00 -2.905662014081232591e+00
1.000000000000000000e+00 6.975546708272014840e+00 5.306204482637342679e+00 -1.416633530520250428e+00 -5.387250166246426719e-02 4.370356584030833602e+00 4.293286463207970804e+00 1.587256368015339536e+00 4.956875903456957388e+00 -2.866497167091378362e+00 -1.562003469750427476e+00
0.000000000000000000e+00 -2.309496308814939169e+00 3.379188816742444423e+00 1.272127111994952875e+00 -6.438910591440683007e-01 -3.314652385001018331e+00 3.511035889235420981e+00 2.327405877691563152e+00 -4.646944367037676216e+00 2.504425318170647508e+00 -1.085983323992417704e+00
1.000000000000000000e+00 4.018170266280086445e+00 4.951215756992218608e+00 -1.394973316683770337e+00 -1.037890703396382452e+00 6.250686500540503232e+00 5.121158088580393120e+00 3.092163031140950480e+00 5.104733433064565951e+00 -1.651780751036342032e+00 -2.286986782144723396e+00
1.000000000000000000e+00 3.799017146205352802e+00 2.884927306023535643e+00 -7.016247044457066817e-01 7.118580565363008539e-02 4.225705544659557944e+00 3.678017247279824264e+00 2.705350411249240139e+00 2.957598956016039171e+00 -1.991871908332806695e+00 -1.445760373974396940e+00
0.000000000000000000e+00 -2.761704521566710202e+00 -8.557139527802970491e-02 2.649013720768371272e+00 -8.848752217428564881e-01 -1.581907923091102841e+00 3.876215865925241477e+00 2.634823196459276762e+00 -2.315777017664207627e+00 1.359447444225543311e+00 -2.561835035318577702e+00
0.000000000000000000e+00 -2.466717512829795567e+00 9.436015739524110657e-01 2.060400818388194999e+00 -8.776729814119622608e-01 -2.997833913213518997e+00 4.559384020701846119e+00 4.449923503276568937e+00 -1.973828395329545460e+00 7.353063350525441688e-01 -1.219179249111713270e+00
0.000000000000000000e+00 -2.599614531421697183e+00 -2.295293073426663000e-02 9.439103196138224350e-01 -1.015574315306324360e+00 -2.550807663202417697e+00 3.905904459327300682e+00 8.689631911992272695e-01 -6.335286244830138358e-01 1.719283694025276032e+00 -3.261596836961434320e+00
