0.000000000000000000e+00 -9.095870349110613873e+00 7.310354908626673698e+00 -4.646438423255716543e-01 7.279855679978294525e+00 -4.004315100190969923e-01 -7.424691630406202059e+00 -2.535052911997437874e+00 3.499200304496075997e+00 5.425399555628442450e+00 5.549778571635515689e+00
0.000000000000000000e+00 -8.811415833952349175e+00 6.312042125252626867e+00 8.467865327615798909e-01 6.443702608200974957e+00 -1.311072694455015952e+00 -6.840891579152262203e+00 -3.982835812306292134e+00 4.586946814231759539e+00 5.393476461103913877e+00 5.337830362426042363e+00
1.000000000000000000e+00 2.172118327221194356e+00 5.236123876510192510e+00 7.177519539477941635e+00 6.080674223593498517e+00 1.015381231375752868e+00 -1.487230844823125286e+00 -3.444662644454849598e+00 -2.104009034821098467e+00 -4.139139417714764235e+00 1.260605981444524737e+00
1.000000000000000000e+00 2.235224515112644639e+00 4.124193319367960520e+00 6.770635286304643508e+00 5.324245706251662824e+00 2.410770257611698497e+00 -2.029123474228303525e+00 -3.982197500731722517e+00 -2.009769905848842519e+00 -2.152856378508214874e+00 4.162312946884125786e-01
0.000000000000000000e+00 -9.020805070132801973e+00 8.042496423936855265e+00 1.352857122668132295e+00 5.022248449721812946e+00 -9.728717392437037370e-01 -7.378092285321411481e+00 -3.982702673362733314e+00 4.783311017983805868e+00 5.310325689773960356e+00 7.383281838319375012e+00
0.000000000000000000e+00 -8.666850027400357703e+00 8.365409240279099379e+00 5.633461281257972075e-01 6.420345750647515892e+00 -4.552560740178068777e-03 -6.792413707927891231e+00 -4.223566975070307095e+00 4.801606774222780594e+00 5.696040431571418594e+00 9.432024091006978139e+00
1.000000000000000000e+00 8.389822967068494286e-01 4.752347740431599910e+00 8.541189631778991043e+00 7.024530310124062815e+00 2.515861028512237141e+00 -2.360595097090112393e+00 -4.909450650422714446e+00 -1.503563154264434765e+00 -2.165194207428776441e+00 2.739658859171644867e+00
1.000000000000000000e+00 8.492510023589114887e-01 6.444313545672994969e+00 7.485297269544759935e+00 4.400527543429009647e+00 3.360805137133573428e+00 -2.117003168393236656e+00 -4.134286076727398118e+00 -5.798673324673860874e-01 -2.047218938491117690e+00 1.086692617752531342e+00
0.000000000000000000e+00 -6.745901670038398024e+00 6.474831153467387246e+00 1.903769201811845502e+00 6.913484149715975136e+00 -2.340825215555017991e+00 -7.705661104523182203e+00 -4.825705015140680842e+00 4.812607526613594366e+00 6.990585058787267769e+00 7.618584476493288626e+00
0.000000000000000000e+00 -6.558104083932845718e+00 7.307436283725406767e+00 1.445097664511354907e+00 7.205987920609434383e+00 -4.844580272705083512e-01 -8.135302162575836604e+00 -3.419895436984031090e+00 4.892848205940012463e+00 4.825333480233767958e+00 6.981325934010506273e+00
1.000000000000000000e+00 5.535714514287131127e-01 4.882231567873946076e+00 7.003588569066129033e+00 6.247752132277973658e+00 2.676666624441918163e+00 -2.226606040453654067e+00 -4.493530506508691680e+00 -1.051803492285617647e+00 -3.950773958275104469e+00 -4.156793065420696376e-01
0.000000000000000000e+00 -7.333455259677965188e+00 7.974808906349723614e+00 2.922666721919811916e+00 7.803187516120823730e+00 -1.136905589109749037e-01 -8.051978595501754654e+00 -2.830779426749301386e+00 4.477548289642589552e+00 6.468208365070045929e+00 6.362688069717954420e+00
0.000000000000000000e+00 -8.989711963938223249e+00 8.549110310750705821e+00 1.476541908336209907e+00 5.846551026057421829e+00 5.288388477616623451e-01 -7.278562042877293692e+00 -3.318035256389561649e+00 4.847149906860432012e+00 7.120902191222755917e+00 6.851783563149981049e+00
0.000000000000000000e+00 -8.541033772298996851e+00 8.266561622529097875e+00 5.830474583101861175e-01 6.492658625335910649e+00 -4.053986148836409842e-01 -6.857150546060903018e+00 -3.476838916977597727e+00 4.147420667737556244e+00 5.922229749290901957e+00 7.292325211212266289e+00
1.000000000000000000e+00 1.665096975414398717e+00 5.666023042067030779e+00 8.057392777726082755e+00 5.077032124482224518e+00 2.224410982111062918e+00 -4.023728433572252072e+00 -4.636189315363605346e+00 -1.414655725557854904e+00 -2.262467490521604674e+00 9.673836668481265999e-01
1.000000000000000000e+00 4.657331331523172357e-01 5.081139919191826060e+00 6.763943970590570842e+00 6.120166941778402148e+00 3.092658546197632141e+00 -3.816782601522659135e+00 -4.193787210764594597e+00 -2.261310301256703958e+00 -1.865137003644191216e+00 1.373047871823429578e+00
1.000000000000000000e+00 1.962714540258292395e-02 4.217493046156524983e+00 8.983823243235303124e+00 7.773676577594142323e+00 6.536088025376365351e-01 -2.207896073869111131e+00 -5.998070329703881320e+00 -7.655923687796120092e-01 -1.211090607773427141e+00 7.924376663774641560e-01
0.000000000000000000e+00 -7.759056316584136859e+00 7.992279033037640090e+00 2.378030812498719726e+00 6.909315149524339894e+00 9.641563995453878988e-01 -6.632552246889007463e+00 -5.782393109352987892e+00 5.550772718004710171e+00 5.454557494933471418e+00 6.777259726822636665e+00
1.000000000000000000e+00 -9.803338939649781647e-01 4.196017567328194531e+00 8.860158546438384519e+00 5.750869562924640022e+00 2.290074686488279720e+00 -3.046282968099149890e+00 -4.068350195923847501e+00 -2.729508177760092025e+00 -2.974860385411921104e+00 7.261852046475542055e-01
0.000000000000000000e+00 -8.611392306586779455e+00 7.568794623019771350e+00 2.631063920988369276e+00 7.119286196466432237e+00 -6.835383735088771395e-01 -8.086913633091274534e+00 -4.007086075772626543e+00 4.051568202852341649e+00 5.012499168701356922e+00 7.872813992427917462e+00
1.000000000000000000e+00 5.674134689806923371e-01 4.543975941054460677e+00 7.296294551415487994e+00 6.608890753066327228e+00 2.329493331426480740e+00 -1.098150458565161580e+00 -2.649701917968928733e+00 -3.094886905806525590e+00 -9.019168674770450256e-01 7.412305776453844697e-01
1.000000000000000000e+00 1.528965795676242578e+00 3.287853720110542888e+00 7.453621439690025774e+00 7.249012998265412122e+00 3.183285702142576667e+00 -2.864706158037917394e+00 -4.538403490799437279e+00 7.626726440418547526e-01 -1.963798768941613426e+00 3.120371630374749738e-01
1.000000000000000000e+00 9.395529550546768416e-01 4.950711947296787763e+00 7.630610042471203336e+00 7.230490675268756995e+00 1.697897148166349623e+00 -2.346526956253708107e+00 -5.425547778395933385e+00 -1.821943779976006095e+00 -8.897029587801967843e-01 2.057780442152667422e-01
1.000000000000000000e+00 -6.512361401073141209e-01 4.924567907246161447e+00 7.766664505864158130e+00 6.434126982719557297e+00 1.978667330666477042e+00 -3.139872899105395465e+00 -3.642454798596653553e+00 -2.291703508062884254e+00 -1.911227901697327480e+00 -1.110018662167290282e-01
1.000000000000000000e+00 1.591975148335001533e+00 4.342299122776108078e+00 7.682009153663170054e+00 5.435631642500234229e+00 1.044460328178604680e+00 -3.081074743739423916e+00 -3.605106474503096514e+00 -1.007580465193765207e+00 -8.950647043548342063e-01 8.573964577259161057e-01
0.000000000000000000e+00 -8.517741929134936996e+00 7.896703190899508229e+00 2.351260504156973852e+00 6.979662910130049802e+00 -3.559878007611079198e+00 -7.195527750758118124e+00 -4.539343352345681204e+00 5.367873197560451892e+00 6.301317247598753113e+00 7.172761469816732571e+00
1.000000000000000000e+00 7.815537968131558433e-01 3.909371187462937769e+00 5.660922621763450735e+00 5.970376866267513627e+00 3.321127273529839830e+00 -3.521625422128731753e+00 -5.298370958756041915e+00 -1.866646594184079966e+00 -2.410483100040406779e+00 1.186516480605357859e+00
1.000000000000000000e+00 -9.918802233811847557e-01 3.648450101453011296e+00 5.882538091401489311e+00 7.550020612820123489e+00 8.426225818270838275e-01 -2.820655640239119855e+00 -4.799357339040808412e+00 -1.293264891661756621e+00 -1.075125780712932855e+00 5.589992604539609777e-01
1.000000000000000000e+00 9.270377554686727306e-01 3.602710429045012042e+00 7.598670378978114925e+00 6.132730160178451406e+00 3.712635046016141693e-01 -3.362231604809473584e+00 -4.979514625714848819e+00 -2.781525298352966580e+00 -1.720229555834974722e+00 7.907788226507141971e-01
0.000000000000000000e+00 -9.956851360523735650e+00 7.552745926923872588e+00 -1.319441178011830917e-01 5.230964496037071143e+00 -1.239400918964490783e+00 -7.431684144463747366e+00 -3.665710513727927999e+00 3.851726805614162696e+00 4.799102173072078870e+00 6.377148039696070470e+00
0.000000000000000000e+00 -9.070386353623771214e+00 7.908132822187525335e+00 1.785114797572405765e+00 5.536947618417253025e+00 -1.166831071363089167e+00 -8.033896745556736718e+00 -4.098925662566180073e+00 6.120598930139546923e+00 3.476234940765762893e+00 7.056037249159922808e+00
0.000000000000000000e+00 -7.395065602676782923e+00 7.664132503207176761e+00 2.501908168548433231e+00 6.091593183992496385e+00 -1.106120575501531977e+00 -6.518230783918752103e+00 -3.973097254943197321e+00 4.007192316636801976e+00 5.950932173498468813e+00 6.825512372997627253e+00
0.000000000000000000e+00 -7.890391423801156101e+00 7.283068109119079203e+00 2.031783734136353381e+00 5.148759949213511433e+00 -1.687251427567866280e+00 -6.584563981232761876e+00 -3.079211393655445939e+00 5.067927985555782833e+00 6.227135786813394525e+00 6.615411743488531116e+00
1.000000000000000000e+00 1.283275837105535722e+00 4.519512895866798274e+00 6.836399619754552681e+00 5.760530976412874260e+00 2.345597076692607974e+00 -1.649267535625082104e+00 -5.011795557872693152e+00 -2.585142397656243762e-01 -7.755061897172450536e-01 1.478027855966029369e+00
1.000000000000000000e+00 -6.554535896013913288e-01 5.187557484043820111e+00 7.054699749816596643e+00 7.828498762674808376e+00 3.559417901027656761e+00 -6.650844519179333059e-01 -3.677812181313600437e+00 -1.588440522657936116e+00 -8.232947634409137905e-01 1.320793908055216015e+00
0.000000000000000000e+00 -8.657792492370822046e+00 7.207208212225014954e+00 1.676921396449136070e+00 6.896248989723162026e+00 4.369146040507143613e-02 -6.416935296606819605e+00 -3.879669045864897026e+00 4.667105415154034986e+00 5.559555183222392394e+00 7.451464615304389305e+00
0.000000000000000000e+00 -1.045664202242422114e+01 6.524867010191825578e+00 2.301610757272831265e+00 6.516723048662680817e+00 -3.987489399219292241e-01 -6.658427092397303682e+00 -4.535210445844544580e+00 5.238338941297593365e+00 6.580439505395933253e+00 9.405560526252859432e+00
1.000000000000000000e+00 6.991409042600253976e-01 5.520456636696133401e+00 5.970533491086608358e+00 6.384844679494769970e+00 2.179356003762934257e+00 -2.617099121232983272e+00 -2.514115723354588994e+00 -1.430523197225031851e+00 -2.818102831219087001e-01 6.469472027765581501e-01
1.000000000000000000e+00 -9.088904747776498372e-01 3.680891528304779836e+00 6.618086154883451755e+00 6.781220842613541855e+00 1.496565027540112780e+00 -2.552861611178156576e+00 -4.557208603473124064e+00 -2.858588636598038413e+00 -1.432322739026021141e+00 9.375100683008361635e-01
0.000000000000000000e+00 -8.204641645394891825e+00 8.981053291299987862e+00 1.563846264898930860e+00 6.352732137059833306e+00 2.907390930421636099e-01 -8.246339804124904305e+00 -4.159960776883063538e+00 4.666354290483812228e+00 6.563295262667112162e+00 7.674072067407268882e+00
1.000000000000000000e+00 2.533775330884491694e+00 5.686980777347821814e+00 9.341272510281431352e+00 6.691901811238459175e+00 1.373843215767074133e+00 -2.804761087637533734e+00 -2.774457257247766151e+00 -4.475985085558567889e+00 -3.168861677244578789e-01 2.892678613083677353e-01
0.000000000000000000e+00 -1.008728636882367624e+01 7.428887424335471223e+00 7.430235175012356308e-02 5.165152414581813289e+00 -1.134723634971882333e+00 -7.617178784987083340e+00 -2.893676788606923900e+00 4.015491886466818983e+00 4.165688519085985142e+00 8.095285484877727811e+00
1.000000000000000000e+00 1.667005866216038079e+00 4.445997588705686177e+00 6.225253448211843121e+00 7.303908729257218013e+00 2.791525091684898374e+00 -1.064413678431873844e+00 -4.008897665027181922e+00 -4.771094652398529812e-01 -1.716480744954324456e+00 1.022738595579011367e+00
1.000000000000000000e+00 3.372181563948459804e-01 5.485721270987369280e+00 8.173791051963430476e+00 6.464219096130266351e+00 3.570515823158628699e+00 -2.791221281608207594e+00 -3.693362606901209322e+00 -2.804708326347011837e-01 -1.010260121217605001e+00 6.069140128559447067e-02
1.000000000000000000e+00 1.433838006910499674e+00 3.369513779265103093e+00 9.043439256919812763e+00 8.425150440684802788e+00 2.822531575400837767e+00 -1.639135664125006109e+00 -4.183003250619576896e+00 -8.681434830228268451e-01 -2.215693718110524291e+00 6.586446305173190297e-01
1.000000000000000000e+00 3.429507377277586921e-01 4.721458222797442872e+00 8.266110626645147619e+00 5.842580641517621132e+00 2.367554551586060096e+00 -1.588320615773304745e+00 -4.412865768091588592e+00 -7.219700636579636788e-01 -1.553157176257264682e+00 -4.763557827420461521e-01
0.000000000000000000e+00 -9.091971555933261229e+00 7.658359883419399772e+00 3.412557289349403611e+00 6.883607876392368041e+00 -2.798687777107931041e-01 -6.981039155018240905e+00 -3.465146178421017797e+00 5.564260726707279225e+00 5.716373994308645123e+00 7.235236193430529816e+00
1.000000000000000000e+00 2.850996899089902059e-01 4.628557625840282519e+00 7.866541751207207334e+00 7.117334989654750643e+00 2.243442419054547443e+00 -3.284558605885186555e+00 -4.400597764561950065e+00 -1.308940816161080933e+00 -1.894468589916308954e+00 -2.853236999070056790e-01
0.000000000000000000e+00 -7.942345640778470717e+00 7.504104449685713440e+00 1.664392777197243989e+00 7.301840538814975190e+00 -1.809750504522106285e+00 -6.535749535498765361e+00 -2.314025400372997865e+00 3.268338340698456967e+00 5.766960790803953074e+00 5.968457770222852510e+00
0.000000000000000000e+00 -9.380757243292341840e+00 7.863364876657167102e+00 1.376480034989997048e+00 6.510255408954435552e+00 -1.872685945014112008e+00 -7.403787044949793561e+00 -3.446729107644643797e+00 3.947122926013900912e+00 4.678542494309987809e+00 7.159684347559656992e+00
1.000000000000000000e+00 1.550559056939427860e+00 6.668873324966257954e+00 6.923782917962070016e+00 4.999468725836289096e+00 2.206620501001371970e+00 -3.736693707398147879e+00 -4.811991500558437274e+00 -9.743581022375020773e-01 -2.109926737712198630e+00 8.510519830024418919e-01
1.000000000000000000e+00 -1.346562489377385319e-01 4.637363773261971467e+00 6.161075222066038748e+00 6.159667244963725530e+00 2.021297219527171674e+00 -3.443260589345161105e+00 -4.478032417782731756e+00 -2.368108286739523560e+00 3.324171212639748241e-01 -1.736549253455815789e-01
1.000000000000000000e+00 4.808521402235255149e-02 4.845045069814140959e+00 7.969370329543429499e+00 6.008840447809255636e+00 2.764707814333807523e+00 -1.862143611363440865e+00 -3.058460338237605214e+00 -1.767667954633929117e-01 -2.036886288657714150e+00 6.261505203212209825e-01
0.000000000000000000e+00 -7.733678913035005209e+00 8.097098189531555690e+00 9.714637765688972637e-01 6.522478214150251752e+00 -6.995830074228779338e-01 -7.278964631625730597e+00 -3.032533027592016595e+00 4.227011358281755449e+00 6.456230277341239443e+00 5.543073203756796019e+00
0.000000000000000000e+00 -8.278159580821343511e+00 7.990953979144304498e+00 2.065906467548262349e+00 6.927294251380998524e+00 -1.611191868456525622e+00 -8.359171390587990302e+00 -3.740223565186572063e+00 5.805607007255913388e+00 5.030655306166286422e+00 8.891226840917395791e+00
1.000000000000000000e+00 6.811127930252753870e-01 4.435254810674109649e+00 7.356328039854156842e+00 6.494818407661537840e+00 2.860855527442243140e+00 -2.750694967065331120e+00 -4.790122265335948981e+00 -1.328243229671654202e+00 -2.402869289976994338e+00 1.158413465574417156e+00
0.000000000000000000e+00 -8.741538818292861279e+00 7.580643911175998895e+00 8.265128760957478615e-01 7.672571651815776050e+00 -6.576077697513046383e-01 -7.782092275855043262e+00 -4.859433520701542442e+00 5.802148143054855822e+00 6.028353111089714389e+00 6.897393813241571969e+00
0.000000000000000000e+00 -9.388590471603501797e+00 7.615723985066026103e+00 1.482966352734718773e+00 7.032485765352803675e+00 -1.274063025826474682e+00 -7.036956863564634013e+00 -3.434554944423172884e+00 4.683070465149040906e+00 6.722980209294051157e+00 8.353406286506867673e+00
0.000000000000000000e+00 -9.001945945815263528e+00 6.906115546786215198e+00 1.348006658809519198e+00 5.547863628964293525e+00 -1.395363372434436311e+00 -5.547181941351864154e+00 -3.328300860272909389e+00 4.740104344776404410e+00 5.486015545700386298e+00 5.564537505903431658e+00
0.000000000000000000e+00 -8.513426393770412659e+00 8.267292617823629897e+00 2.287697062703350159e+00 6.390161263923976875e+00 -2.934470123109169659e+00 -8.125819852422196732e+00 -3.222335603247687530e+00 4.986000879158821952e+00 5.588197738756335298e+00 6.150333494984750793e+00
0.000000000000000000e+00 -8.379777146988281800e+00 8.322084047364672443e+00 1.542509516369111378e+00 6.895263089936963574e+00 -3.585130042647433068e-01 -7.464413648227370857e+00 -2.858306983268457557e+00 5.572275303290339821e+00 4.870331358923010612e+00 6.818322736232174108e+00
0.000000000000000000e+00 -8.382389133031830752e+00 7.851153716457836218e+00 1.561330903922251157e-01 5.758782748380363969e+00 -5.836222624086007116e-01 -7.622936545311119083e+00 -3.800033882741976399e+00 4.691543248111061715e+00 5.849374964806671073e+00 7.385653608164581385e+00
0.000000000000000000e+00 -7.171208201963747086e+00 7.058207994265832674e+00 2.412832549341805244e+00 6.226663371387482826e+00 -3.299857952839144737e-01 -7.479274171234418844e+00 -3.153382626907927033e+00 4.695188195745302551e+00 5.052570680648401868e+00 8.407802123634946057e+00
0.000000000000000000e+00 -9.763538493793443962e+00 7.979046657532080644e+00 2.089937433409913670e+00 6.287722854938344597e+00 -1.404087232921928940e+00 -7.343129560021090185e+00 -3.298439874642748570e+00 5.138731071346994916e+00 4.869411707101663822e+00 8.114147706239014823e+00
1.000000000000000000e+00 -1.479310290825338159e+00 4.188920439984570976e+00 6.730310450111987919e+00 5.505373909553067158e+00 2.537072740099005852e+00 -1.479497550369879733e+00 -4.178619936959049319e+00 -1.682514351053564283e+00 -2.610220345421310206e-02 1.837390858462105703e-01
0.000000000000000000e+00 -9.744119774889732355e+00 6.244892107632097122e+00 2.007490067490430352e+00 6.102148663055352529e+00 -2.204077571499706956e+00 -8.547568792185909814e+00 -3.182840668766343750e+00 5.496623740684777104e+00 6.533469740860212482e+00 6.208905112586892372e+00
0.000000000000000000e+00 -9.655964974499331888e+00 7.032927218263195002e+00 7.587467142127133357e-01 7.063237170175725055e+00 2.872582178325266966e-01 -7.713960628025240851e+00 -4.442269877660896427e+00 4.872359595566106094e+00 5.657633521677310817e+00 7.694585292657674991e+00
0.000000000000000000e+00 -8.561187482370302249e+00 8.150554384213913650e+00 7.623261585485030523e-02 5.062843335241471898e+00 -1.707379400079515053e+00 -8.062748396101969917e+00 -3.926283284466153045e+00 4.643254747216669642e+00 5.479545496137702365e+00 8.031436089696541103e+00
1.000000000000000000e+00 -1.349448715439046653e+00 4.218305077173493345e+00 7.781089195567615135e+00 5.779987654314482803e+00 1.801293535181511585e+00 -2.225366487405557869e+00 -3.686138370009583110e+00 -1.336356373672654030e+00 -9.170749974820685546e-01 8.820091633585948054e-01
0.000000000000000000e+00 -8.001753390188129700e+00 7.923437329440409904e+00 2.388655998980160788e+00 6.074381796008758272e+00 -2.195190101359423718e+00 -7.346852316153505313e+00 -3.329999976835129161e+00 5.934278884696843726e+00 4.526854787686123593e+00 6.801384665268771279e+00
1.000000000000000000e+00 3.478444084678585235e-01 3.927124493530331328e+00 7.969661832265364509e+00 5.779121596877550893e+00 2.106197811918529617e+00 -2.120194889875524069e+00 -3.226959696723427751e+00 -1.728387996812617899e+00 -1.414847407195095608e+00 1.855290543714482210e+00
1.000000000000000000e+00 -1.124753381855972401e-01 4.503466706871345870e+00 6.930127488023565263e+00 5.263088351467232862e+00 2.890293357548978648e+00 -3.311116208525080040e+00 -5.711057325217129055e+00 -7.498502955599584130e-01 -2.848112448913486361e+00 4.322130677854404412e-01
0.000000000000000000e+00 -7.982038796673105452e+00 5.855724052955901371e+00 1.601485342849170435e+00 7.102285655749167148e+00 -1.728535520363780886e+00 -6.915447872153260178e+00 -2.716024100006114494e+00 4.606508242643405637e+00 5.882066941920142789e+00 8.848514601680221858e+00
1.000000000000000000e+00 -1.449939199864541006e+00 4.797216827184238142e+00 7.784816820446196495e+00 6.196690242175680652e+00 4.057805275263255851e+00 -2.091915446243790111e+00 -3.709964679197883974e+00 -9.406930000780610035e-01 -2.428783281695526153e+00 -6.776714388139593037e-01
1.000000000000000000e+00 -8.095252421390652930e-01 5.501689660250802305e+00 6.882994183836086854e+00 6.007404410102079595e+00 2.722664274299962717e+00 -2.356762156459284441e+00 -4.589809074704057856e+00 -2.075427791268602551e+00 -2.065841500615040793e+00 -2.334583370962058924e-01
1.000000000000000000e+00 1.921214436141308379e+00 4.474883773311102431e+00 7.680471839085456054e+00 7.153284043830355543e+00 2.555623844853316839e+00 -3.073566014071506203e+00 -5.180825860072687306e+00 -1.484419370429019613e+00 -1.873886306131526736e+00 1.385630613748294326e+00
0.000000000000000000e+00 -8.864587508696377682e+00 7.539210806801148301e+00 2.760792453319619089e+00 7.738167142527901277e+00 -2.940233398692150280e-01 -5.486187363635036895e+00 -2.110970114678824672e+00 5.001600394299094532e+00 5.482457709554153347e+00 7.690465075257339578e+00
0.000000000000000000e+00 -9.870183775699455708e+00 6.293258192196057976e+00 6.857688699377224584e-01 5.375280000887321386e+00 -6.465715071028051986e-01 -8.281850135262791568e+00 -5.515645109423434889e+00 5.759386340584697450e+00 6.083338271444260315e+00 7.035024487958310146e+00
1.000000000000000000e+00 2.884516300977303382e-01 5.375176445663001346e+00 7.344411751938046073e+00 6.330279504141419267e+00 1.835671553217091301e+00 -2.888943667295888140e+00 -4.278329546082400014e+00 -1.193088483065289473e+00 -2.574535608254998387e+00 6.910352812498429254e-01
0.000000000000000000e+00 -8.578263011520794734e+00 7.630756260685893189e+00 1.626868006533994437e+00 6.440379239129380373e+00 -1.301444873822197090e+00 -7.119703171463674707e+00 -4.210804783513323102e+00 6.054377139163094057e+00 5.447284043639464279e+00 8.635147997109678286e+00
1.000000000000000000e+00 -8.360663427102335010e-01 4.960195490542412600e+00 7.096559524518879059e+00 5.469127209325378658e+00 2.549653050057981485e+00 -2.986800218800325979e+00 -3.703263752543968224e+00 -1.009584627218414798e+00 -1.279308010667288054e+00 8.882140140080694302e-01
1.000000000000000000e+00 -2.939048897932545756e-01 2.682258174347686541e+00 7.393867683837493487e+00 5.571701997322174194e+00 1.267540132026683031e+00 -2.466008246036266449e+00 -4.931835138991062628e+00 -2.677649677230103276e+00 -2.719837288707447787e+00 1.463555489090016204e+00
0.000000000000000000e+00 -8.666497791696107456e+00 8.026804132832229044e+00 6.599355595191673807e-01 7.801043361412372867e+00 -7.098281971842559379e-01 -7.065791410065252798e+00 -3.729282320453263910e+00 4.951116494997431339e+00 6.771163632282063638e+00 8.444330526231587086e+00
1.000000000000000000e+00 1.320147495626362133e+00 3.664054377754570435e+00 8.182178490078914734e+00 7.456795155186761725e+00 2.828316347296274902e+00 -3.275164117660027685e+00 -3.080173854764568286e+00 -2.231679849789515835e+00 -5.806299224487787569e-02 9.723633690363089332e-01
1.000000000000000000e+00 2.032028982924064808e-01 5.923173191708136720e+00 7.079807467414930500e+00 6.809656519863955815e+00 2.312424545394578423e+00 -1.846883616593810729e+00 -4.930246827300607038e+00 -2.584882715567609068e-01 -6.880182016769232911e-01 -3.365375148602995914e-01
1.000000000000000000e+00 -6.253158883928058298e-01 5.838391407202068173e+00 6.638310626552181404e+00 7.022914335038171529e+00 2.217474049020342619e+00 -2.235036673819392306e+00 -4.242262301980655792e+00 -9.543281948795641068e-01 -1.538701748571386752e+00 3.143836742103275905e-01
1.000000000000000000e+00 -5.903181002351240991e-01 4.812172741466533843e+00 6.132904515613666341e+00 6.050666314002912216e+00 3.133436485308167541e+00 -3.513772591616846519e+00 -3.921267242139281350e+00 -4.841738609122542281e-01 -3.245169816858410883e-01 2.266269117549807977e+00
1.000000000000000000e+00 -1.730172626190275009e-01 4.214628524955827515e+00 7.234885616687494192e+00 7.350110329285181265e+00 4.344932961831046825e+00 -2.458645829566741270e+00 -4.782456101424053863e+00 -1.943563029923244256e+00 -1.423507570509993547e+00 1.294631996127624696e+00
0.000000000000000000e+00 -1.008213200985933078e+01 8.439837595463114184e+00 1.363626623097059731e+00 7.675875328112118368e+00 -2.929901954284098942e+00 -9.490989892641074732e+00 -2.507233394484889022e+00 4.599484939664853833e+00 5.923803360506189719e+00 7.860822954613163382e+00
1.000000000000000000e+00 8.010404761384343209e-02 3.776912837621043018e+00 6.807272779309920807e+00 7.118883645002068938e+00 2.717956827797905817e+00 -2.587014398586897634e+00 -4.094008154325719850e+00 -1.268679145046316847e+00 -1.605365915118502906e+00 -4.794574311581647486e-01
0.000000000000000000e+00 -9.265084890843482412e+00 6.980144900989986745e+00 1.835552969521578204e+00 5.669654432819665857e+00 2.518011372475168486e-01 -7.831689346397235241e+00 -3.631794936871912238e+00 5.734880303756469289e+00 6.162702449556197948e+00 5.724990809451785623e+00
1.000000000000000000e+00 1.120674346223756057e+00 5.407963426734434975e+00 7.416420219476420606e+00 6.475016297437758084e+00 3.523994195710530519e+00 -1.176683673040639810e+00 -4.573917853192103422e+00 -1.128972764418848085e+00 -1.494402347440238366e+00 5.408240221496827260e-01
1.000000000000000000e+00 1.420496963037501670e-01 4.583818261063457022e+00 6.126275964717596167e+00 6.275307394338576650e+00 2.649430620419502169e+00 -1.108898365201654634e+00 -4.432074673187205605e+00 -2.170010902769411221e+00 2.672318879603585717e-01 8.870524451100899599e-01
0.000000000000000000e+00 -8.716757387517505506e+00 7.924766741153536742e+00 2.088164710881506014e+00 7.466831610748056569e+00 -7.064965129342705152e-01 -6.550276069896662889e+00 -2.956817456392047738e+00 4.303405308711098165e+00 4.331556240808032143e+00 6.392850877999456394e+00
0.000000000000000000e+00 -9.285863038892326671e+00 6.977678165297450441e+00 2.574443016653536365e+00 5.284769347600737355e+00 -1.537681318031058897e+00 -7.935933195611780455e+00 -3.817380198823047799e+00 4.711708091329009918e+00 4.923843155675132977e+00 6.338359942674589576e+00
0.000000000000000000e+00 -8.045814511945623693e+00 6.216548555892130956e+00 3.027143216437807371e+00 8.031782500726126983e+00 -2.463769293329521215e+00 -7.754377330790201306e+00 -3.346083742879235601e+00 4.644830966559964303e+00 6.674041018325822527e+00 6.141187551386435572e+00
0.000000000000000000e+00 -8.160776446659914640e+00 7.460846241305010729e+00 1.376971204784896763e+00 6.675694055023597251e+00 8.781600136359790643e-02 -8.868882061432378450e+00 -4.963766107657754389e+00 4.232169240809346533e+00 5.276982110045911334e+00 6.105545057218719762e+00
0.000000000000000000e+00 -8.317446246392515619e+00 7.875539139372983222e+00 9.727684837499905868e-01 6.913306922712850522e+00 -1.171514291802977725e+00 -8.262056041264381534e+00 -3.419784413945524015e+00 5.268032566995478838e+00 5.961271650923355203e+00 7.394978646929160959e+00
1.000000000000000000e+00 -1.344057062183812379e+00 2.965937733694313572e+00 8.139902236634272370e+00 7.119257798232669465e+00 2.175935464681930220e+00 -2.195153400582448455e+00 -3.616374761433972296e+00 -2.072782765602652510e+00 -5.680938780250942566e-01 1.433770680204852210e+00
0.000000000000000000e+00 -9.394854409020123143e+00 6.883347974903559319e+00 1.155358601273333452e+00 5.867673872950978975e+00 -2.264827866562873826e+00 -8.644297775031722253e+00 -2.079439770702074419e+00 4.181192429660894661e+00 7.155851291425397775e+00 7.204396757755549885e+00
