1.000000000000000000e+00 1.775778291092506844e+00 3.004898335250711483e+00 -4.569213916797151498e+00 2.208716034422039787e+00 2.403039340446698535e+00 2.894007436831893099e+00 2.572797996903902096e+00 2.528060501544807437e+00 1.761464383511195386e+00 -8.926030236146107466e-01
1.000000000000000000e+00 5.536137205581381782e-01 1.281213408975471202e+00 -3.289978453980246798e+00 1.726108974027507070e+00 5.417801844214891638e+00 1.880924038524847353e+00 2.530616536564092023e+00 1.710238216480886697e+00 4.226630874818878780e+00 -1.409033412635795735e+00
1.000000000000000000e+00 4.938891670927487709e-01 2.507509736474663242e+00 -3.959510248427638324e+00 3.557069573329923795e+00 3.151360976172830064e+00 2.686170422931632551e+00 8.725526517456683173e-02 2.464942332290446902e+00 2.293851865462301909e+00 2.436575230041482243e-05
1.000000000000000000e+00 3.076539776631404877e+00 1.755722169253853604e+00 -2.333877215467439648e+00 2.600728554461577691e+00 3.860265675455439638e+00 3.076976761079937450e+00 2.078408749702214120e-01 9.086438107525456331e-01 2.179157633476711098e+00 -5.818758873205877036e-01
1.000000000000000000e+00 1.813022872104172789e+00 3.265194812841482719e+00 -2.417229773861539144e+00 3.616881524703587480e+00 4.786480697638465287e+00 1.781042746359949192e+00 2.606176911898326232e+00 2.432844151698847046e+00 2.884202671881864077e+00 -2.414670816246148877e-01
0.000000000000000000e+00 -1.749385715249534012e+00 1.198472633222799733e+00 -2.090143997998220371e+00 -1.567230773155514179e+00 4.214221730669807098e-01 3.268713349220658149e+00 -4.552637196261464680e+00 2.260277892474992001e+00 3.411120259812505218e+00 2.278288176199521509e+00
1.000000000000000000e+00 2.355428157775466769e+00 1.810562926423533892e+00 -3.222868468410531761e+00 2.350502645431448379e+00 6.196210311728299835e+00 3.535927960335458753e+00 1.077420510774876217e+00 2.469682659996800034e+00 5.650871333685452136e-01 -5.529112442425458962e-01
1.000000000000000000e+00 7.818113307520317967e-01 3.486747396822853950e+00 -4.193583578127999090e+00 3.322918884777226634e+00 4.915059372050318842e+00 4.159032706782654465e+00 2.906467034445471498e+00 2.885700623499301898e+00 2.029559964423933494e+00 -1.069189600013727537e+00
0.000000000000000000e+00 -1.343167042988048676e+00 2.375546500680341677e-01 -4.022408714577410116e-01 -3.867695710375079976e+00 -9.913633599113761408e-01 3.428721138859510020e+00 -4.833368869762258768e+00 6.533334306026588045e-01 3.731316516628953472e+00 1.920888959798223272e+00
0.000000000000000000e+00 -1.561894856479884464e+00 -6.865881371062994010e-01 -2.404868279067955417e+00 -3.437362557713794509e+00 -2.722633414227296544e+00 4.826957281983192960e-01 -4.273314420656633139e+00 2.163267588160909582e+00 2.923605426136512087e+00 1.565654342727397896e+00
1.000000000000000000e+00 1.707264339772796902e+00 4.166729020445454346e+00 -5.007003356636105629e+00 2.914038053430571651e+00 5.700994370853432969e+00 4.659345665677441239e+00 2.668779255814452966e+00 1.365056941808015623e+00 3.014952149876281240e+00 2.376335320395347450e-01
0.000000000000000000e+00 -1.631447724226116947e+00 6.781128126707123283e-01 -2.163187104770784686e+00 -3.315803314993210904e+00 2.888032403540620185e-01 5.402451414381650441e-01 -2.429370010122796408e+00 4.395121804542578836e-02 3.847590582287182759e+00 6.167332479867226880e-01
0.000000000000000000e+00 2.202548576972633843e-01 1.894517021304264359e+00 -2.822246782419579603e+00 -4.420070470369131144e+00 2.040774904358946262e+00 1.754372069161153291e+00 -3.851855842053841794e+00 1.021752591968358104e+00 1.715895115320300812e+00 1.446065290704147133e+00
1.000000000000000000e+00 5.327303939461003335e-01 1.448921474023789457e+00 -4.153372497735273505e+00 1.516995774692806664e+00 5.338366565678226650e+00 3.751414485135318166e+00 2.133902015147969067e+00 3.680948296244859641e+00 2.522994317305188972e+00 1.545045583865413130e+00
1.000000000000000000e+00 1.717705805108323824e+00 4.465208142899654398e+00 -3.436828284054346039e+00 3.502259301966537564e+00 5.530844186210728708e+00 3.430968599651939677e+00 8.984598133507128992e-01 1.560753754419708539e+00 3.795453008641055170e+00 2.647138202853067668e-01
1.000000000000000000e+00 1.051535941824123022e+00 2.421306048685993417e+00 -1.699499927606100469e+00 1.749197213274605200e+00 4.815529684849352066e+00 3.296714449911653411e+00 1.116692502736643444e+00 2.749152318006767626e+00 4.567237945067478933e+00 -2.252554882164781169e-02
1.000000000000000000e+00 1.110200055084959558e+00 1.740079759366508938e+00 -4.088246156957141331e+00 1.923843842336556698e+00 5.883465730631511015e+00 4.940252955755378039e+00 -2.373235682142087466e-01 3.928110998009801236e+00 2.653832459334608984e+00 -1.142501820500006371e+00
1.000000000000000000e+00 7.885403212890667035e-01 2.985009234399201183e+00 -3.446453501150967824e+00 9.022112911699773363e-01 4.763547130229296656e+00 4.025869043855074381e+00 -2.874771255570385264e-02 2.230739476336283111e+00 1.281228736836453219e+00 -1.739189213191828731e+00
1.000000000000000000e+00 3.321192462944666968e+00 2.641733360736811864e+00 -9.128131251972400051e-01 1.063941480775388637e+00 3.667210725192832754e+00 3.793498660372497611e+00 8.430382086784733442e-01 1.986939134913217053e+00 3.102948309458209764e+00 -4.085771582288765247e-01
0.000000000000000000e+00 -1.832271280487044240e+00 -2.907169901302717463e-01 -3.008734415255802652e+00 -3.406186300166821557e+00 1.369218708259454020e+00 1.748552847255281151e+00 -5.506793514013359925e+00 3.404424670709776279e+00 3.541125666357171742e+00 2.669253676420483057e+00
1.000000000000000000e+00 1.268598284782441299e+00 3.532555643000063750e+00 -1.916321664216046328e+00 3.202442153451615869e+00 5.405428711160742417e+00 2.720768256284398667e+00 1.666867986884252417e+00 1.981672706066125889e+00 2.951422948351652309e+00 2.440808632205904161e-02
1.000000000000000000e+00 1.273298572250118221e+00 1.537927080654810208e+00 -2.917022567862095350e+00 1.145470001939393745e+00 6.116951444640066349e+00 4.935253880598211573e+00 8.974610829211027152e-01 1.985915836637591303e+00 2.051224720827888426e+00 -2.078674512844596478e+00
0.000000000000000000e+00 -3.349242350349812991e+00 4.887487090138217249e-01 -1.005514141087214597e+00 -4.233221041232577697e+00 1.539029596279581913e-01 2.250624766863725146e+00 -4.430593125538143440e+00 1.174280945864025316e+00 3.588317217423509398e+00 2.544495502697456502e+00
0.000000000000000000e+00 -3.017740816612692889e+00 2.184573456877818010e-01 -2.244038545238650428e+00 -4.577238476710649095e+00 5.705105237896822556e-01 2.142812948168459908e+00 -3.797485015475114523e+00 2.427345854174429718e+00 2.787571334094763653e+00 1.624084801702018854e+00
1.000000000000000000e+00 2.395311947113234474e+00 3.042099839237513592e+00 -4.591726789750662618e+00 3.485632366122615622e+00 5.272272687988259321e+00 4.228546438494935167e+00 2.907880578636888202e+00 2.741058182623468120e+00 2.283636692214239705e+00 -1.639592940123320242e+00
0.000000000000000000e+00 -1.898317692385148137e+00 2.387769525792882708e-01 -1.323215648967272173e+00 -3.023526891488238277e+00 -2.149736135376766888e-01 1.079376882646756908e+00 -3.935252087162724344e+00 3.551098989445304888e+00 3.389618899209240421e+00 2.504929149393051890e+00
0.000000000000000000e+00 -1.076353515299860231e+00 1.194819414041352057e-01 -2.506175840891170292e+00 -4.905904465784187707e+00 -6.956434981852589738e-02 1.443499543949081865e+00 -3.469713348147152487e+00 1.883935509037736544e+00 4.888217335395946606e+00 2.381698179913893210e+00
1.000000000000000000e+00 1.829109643217651016e+00 3.355749402597692388e+00 -4.151891388850580178e+00 1.874836920977089427e+00 4.621479658534169310e+00 2.854269694838372118e+00 1.333051842388992769e+00 3.750162227093287726e+00 1.725048291549485802e+00 -9.751165411813190742e-01
1.000000000000000000e+00 1.842066659907889203e+00 2.664485203098017063e+00 -3.869690035462079791e+00 1.021051424696608478e+00 4.616171793169971949e+00 2.540096084467899029e+00 2.766096236855000168e-01 3.246720648236763651e+00 3.139884503289348316e+00 -1.411959745260106702e+00
0.000000000000000000e+00 2.978669262745579083e-01 -1.234868224329252362e+00 -2.799234842844571247e+00 -1.965249941419354940e+00 -2.369052239125283010e-01 2.288914914367101705e+00 -3.609248244380292903e+00 1.315841144064534785e+00 4.392013295292120922e+00 2.197178206520828070e+00
0.000000000000000000e+00 -4.472991630655515749e+00 3.895826077423877321e-01 -8.477987384559240169e-01 -5.407929578827992856e+00 -1.115060892768457101e+00 1.087078003173112872e+00 -6.766659562942094475e+00 2.103293589841570999e+00 3.905239969123178501e+00 3.693540742750901273e+00
1.000000000000000000e+00 2.456205542554548593e+00 3.719845874322624812e+00 -3.633433626428058005e+00 2.355921704365359304e+00 3.249965195259407302e+00 3.762772977778104266e+00 1.231751799534113179e-01 2.676234624288521324e+00 2.644115096037995549e+00 -9.336897115120601498e-01
1.000000000000000000e+00 2.698201495630836888e+00 2.392110580424442468e+00 -3.108814704505067805e+00 2.086792133074031330e+00 3.149923380514362936e+00 3.838089487334500394e+00 2.536546106647466381e+00 3.769200783562786761e+00 2.973503505503825028e+00 6.675046403199831335e-01
1.000000000000000000e+00 8.495024948753027161e-02 2.163446394893344227e+00 -4.352387136123303968e+00 2.006985449820844813e+00 5.129369967185769319e+00 3.081089141492411088e+00 -9.558210330618894801e-01 2.774366694900788577e+00 1.883658338446891012e+00 8.023639928647627872e-01
0.000000000000000000e+00 -2.208152254636539968e+00 2.215561872390661158e+00 -1.943178666269821830e+00 -2.821507676935253173e+00 1.004410601484581500e+00 1.014465595401632392e+00 -3.548288007323488813e+00 1.245527900062171289e+00 2.273486287391058625e+00 1.797801364762740217e+00
0.000000000000000000e+00 -2.726354309877567772e+00 7.053478085152792287e-01 -2.468698138257690911e+00 -3.641870723652444575e+00 -1.420309585973903221e+00 3.246964159289273955e-01 -4.824190429023224702e+00 1.943651165682144688e+00 2.106979378539799441e+00 2.272809135523873980e+00
1.000000000000000000e+00 1.071302405844213546e+00 2.945639148193841539e+00 -2.872666154879865541e+00 5.060252310858771807e+00 5.045978273428020522e+00 3.552291042159327006e+00 1.643144980512346587e+00 8.917420961431130610e-01 2.391993053864829299e+00 1.054560862717184966e+00
0.000000000000000000e+00 -2.054934828043998962e+00 1.055122225438843486e+00 -1.601039186911003220e+00 -3.404879128142987099e+00 -4.683000393028500796e-01 1.112004619691088436e+00 -5.188842986923139833e+00 1.486968153951416571e+00 4.493644247237798872e+00 2.609581583965274287e+00
1.000000000000000000e+00 3.063281935601471329e+00 4.589061570611185026e+00 -3.829320399419060550e+00 1.918757427385412218e+00 3.343095634833902707e+00 3.880925810938805842e+00 7.356231898432822325e-01 2.203158427064010993e+00 2.731172691801804220e+00 -1.256537719040110357e+00
1.000000000000000000e+00 2.447906853508220681e+00 4.602982238614527155e+00 -4.620379625115187849e+00 2.760868227332102798e+00 5.173921077453840667e+00 2.078383165985265624e+00 1.360936425570754338e+00 1.076769864558110745e+00 2.009739859127228634e+00 -1.351884879134610751e+00
0.000000000000000000e+00 -7.488523335727759189e-02 3.176697153690855036e-01 -2.137959824760446992e+00 -5.412735531140818068e+00 2.969398488538697034e-01 -1.185838768320639058e+00 -5.640236514349762587e+00 2.890329644542589449e+00 4.578623777564391872e+00 7.132523120027864927e-01
0.000000000000000000e+00 -1.629848161852343047e-01 -1.548463254990651849e-01 -2.069265091819072921e+00 -5.216069153990204654e+00 -7.520866943322615517e-02 1.763004068705929184e+00 -4.109480119842674029e+00 1.251220621055558757e+00 4.469687180726820586e+00 1.749430393429618480e+00
1.000000000000000000e+00 1.145492225657367413e+00 2.452681365807492853e+00 -6.058309912391051100e+00 4.852954725300074657e+00 5.257090983754057589e+00 2.642998647965518089e+00 3.895971605812066363e-01 3.023499984655837913e+00 4.798986391298385001e+00 -1.738934786754362749e+00
0.000000000000000000e+00 -9.256925883510165320e-01 9.070499886786698163e-01 -2.360036413960225232e+00 -3.532714942791107759e+00 -1.416850430964725183e+00 -2.103950209429905627e-01 -3.940873683887527346e+00 2.952095274941882508e+00 4.067982804544898023e+00 2.039540641138874122e+00
1.000000000000000000e+00 -1.457111080226078936e-01 2.534654065367828668e+00 -3.863801144637730722e+00 3.792940435820654432e+00 3.947159189518842926e+00 3.507297827174806759e+00 4.518541546643449758e-01 1.910134931180435203e+00 3.792429703390712614e+00 -8.838310511853191276e-01
1.000000000000000000e+00 2.221625738385253790e+00 2.640578666100529492e+00 -4.549022362238727801e+00 2.414588006521167785e+00 3.549847089942931078e+00 4.546243873523475365e+00 1.814861688285292596e+00 1.461979254443021237e+00 2.487558600550569210e+00 -1.625212754793393222e+00
1.000000000000000000e+00 5.339883487976198051e-01 2.700949465173495767e+00 -4.014250395073679201e+00 2.002771870497758400e+00 4.533571481084416988e+00 3.135881261160568201e+00 1.358135482150986562e+00 3.321974371473333409e+00 3.052335624713920392e+00 -2.256926879378140516e+00
0.000000000000000000e+00 -1.880402561070643186e+00 -3.432763962401671476e-01 -2.897711367993840881e+00 -4.050855132827025251e+00 8.017207950089465518e-01 3.232893932080282973e-02 -4.141491134410802744e+00 2.550962179239941729e-01 4.139428705034648992e+00 3.649956247057342118e+00
0.000000000000000000e+00 1.145454939887324830e-01 1.645272482058128372e+00 -1.934872761576262423e+00 -4.746744457528908612e+00 3.184317821949760874e-01 1.693585562199090955e+00 -3.293774790175067135e+00 2.576884964011358470e+00 3.757605915000997943e+00 1.715884084310140612e+00
1.000000000000000000e+00 2.614048497386090020e+00 3.342776629800636723e+00 -3.219384237311531116e+00 2.168501340341416395e+00 4.823879665213929080e+00 3.813132127779712999e+00 1.060215144324710090e+00 1.972563194890007088e+00 2.554042160649868443e+00 -1.651904340313246289e+00
1.000000000000000000e+00 1.326850923883791777e+00 2.016057445243184532e+00 -5.839658881005131086e+00 2.542236010916854916e+00 2.977155596471196652e+00 2.321603471466415769e+00 -7.252770969608550722e-01 1.359345473705696472e+00 3.953053416283498933e+00 -7.446086960929950704e-01
1.000000000000000000e+00 2.542810267402950686e+00 3.803135339697190531e+00 -3.961533032704324775e+00 2.651327650722739904e+00 5.032117752077794215e+00 2.778187833271037910e+00 1.565544237400041006e+00 2.494095569169550330e+00 3.502273090937811251e+00 -1.743618474385933093e+00
0.000000000000000000e+00 -1.691861129186804868e+00 1.871442039318471640e-01 -1.307936704272629980e+00 -1.890348318017994744e+00 1.092351475372848046e-01 2.077605539767175991e+00 -2.233697511971100447e+00 2.259404782438719117e+00 2.399014742626139451e+00 1.226123862995521119e+00
0.000000000000000000e+00 -1.404055316639197581e+00 1.625095402543174083e-01 -2.128400257865125322e+00 -4.211654063179128826e+00 -4.349295754168151507e-01 8.713846640073220629e-01 -2.738778822333120644e+00 5.426967014971146863e-01 3.893272605180373880e+00 2.492251566553903341e+00
1.000000000000000000e+00 1.997600691328156763e+00 1.724370192527749479e+00 -4.014703009124117372e+00 2.311436577246727353e+00 4.549747958753005861e+00 3.900756607368446982e+00 1.663080468148055324e+00 3.800177965675358038e+00 3.614192883382872257e+00 3.523837471737922833e-02
0.000000000000000000e+00 -2.594336661312216741e+00 -4.731556304286177461e-02 -1.212032080221473240e+00 -3.061316055571945860e+00 -3.168024574402134586e-01 1.164426866312701758e+00 -4.166165474118596279e+00 2.608071804308030206e+00 4.342634559561775909e+00 2.015887450258714075e+00
1.000000000000000000e+00 2.882985148130156716e+00 4.467124034437807367e+00 -3.458473726486005262e+00 3.251109276946384519e+00 3.128512996584570161e+00 4.158700942170449721e+00 1.715050727634935601e+00 1.205353611071159792e+00 3.769098462052184573e+00 5.460517588647331166e-01
0.000000000000000000e+00 -1.170718235575618049e+00 1.861686483821568316e+00 -9.365847783971675833e-01 -2.954268242442847026e+00 -8.852052824117419005e-01 2.327452290260008105e+00 -4.263082299927780205e+00 2.668997641927549846e+00 2.556264940690553100e+00 1.823144480637431730e+00
1.000000000000000000e+00 2.728860561632965531e+00 5.496285137820754230e+00 -1.547024292528050848e+00 2.773461042863058612e+00 4.759340240900097108e+00 3.450490254209571894e+00 2.338616770544237333e+00 3.575452187874579302e-01 5.451386106214505034e+00 2.588631783804469233e-01
0.000000000000000000e+00 -3.754757249713536194e-01 6.325180705940902648e-01 -1.433395682783031200e+00 -3.059900723364650688e+00 1.194579358972384930e-01 1.395306892981495128e+00 -3.599040172111443781e+00 1.558484827533449302e+00 3.753497531115481234e+00 3.039712942879556401e+00
0.000000000000000000e+00 -1.228354670498634116e+00 5.942403467884954660e-01 -1.470743793681164480e+00 -4.004157860074914588e+00 -1.049775292084657474e+00 2.104702151934311427e+00 -4.199813981649438865e+00 3.169443311531135343e+00 3.617465446406349372e+00 1.972708720622118106e+00
0.000000000000000000e+00 1.014211778576080469e+00 -1.013354267873581849e-01 -2.276887756758486869e+00 -2.079332777122142595e+00 -7.660059397121782299e-02 6.473972187277827750e-01 -3.558552981434224716e+00 2.598144885371982404e-01 3.841793234837253657e+00 7.921434497702877220e-01
1.000000000000000000e+00 1.509329265834899791e+00 3.891328727266807341e+00 -3.591941170661048233e+00 3.462132325870727723e+00 4.919077687912027486e+00 4.515678131132645490e+00 2.279795464209484201e+00 9.414475308415524157e-01 3.137611651998367446e+00 -3.780409537823277155e-01
1.000000000000000000e+00 2.129706472563634101e+00 1.576572206885425542e+00 -3.983911960119857376e+00 3.708190035833116127e+00 4.425636253613259186e+00 5.766718877037504853e+00 1.203993762537717060e+00 2.808122945237574442e+00 1.656553495597196779e+00 -9.999913107279359004e-01
0.000000000000000000e+00 -1.141703255298480713e+00 6.395848188393556955e-01 -2.801234887441794275e+00 -3.392106222559311490e+00 1.065803613282920448e-01 -1.186543774777737426e-02 -3.867602699042190562e+00 2.255878623128977800e+00 2.634417604389802214e+00 2.406662887810603113e+00
1.000000000000000000e+00 -3.180772607175645916e-01 3.386340065387481779e+00 -4.208034175279760980e+00 2.860522826232910099e+00 6.830889059751267034e+00 2.973963247144988387e+00 4.095705226409044331e-01 3.826799207483233545e+00 3.823277602121739172e+00 1.290291368431588648e-01
0.000000000000000000e+00 -1.952088190532470069e+00 1.261566137038090396e+00 -1.668732515913363912e+00 -4.073547781174203131e+00 -2.797944941805341035e+00 1.315556742171625659e+00 -3.261136155460532926e+00 -6.104306030488664270e-01 4.220477455874333650e+00 2.140466158015475795e+00
0.000000000000000000e+00 -1.856924472326789477e+00 -1.019894501489347238e+00 -2.533406617492904189e+00 -3.580384942095278689e+00 5.397273564089897224e-01 2.455827921543562109e+00 -5.706069962142393592e+00 1.711781852612939803e+00 2.071992416758320577e+00 4.144818066744823781e+00
0.000000000000000000e+00 -1.983115886819269758e+00 -4.234720985977447061e-01 -2.783441288722777074e+00 -3.310582268717831678e+00 5.889879408040749054e-01 1.089267173391772481e-01 -3.398612894299465559e+00 1.299233299620497384e+00 2.642241526410283203e+00 2.204629485181144766e+00
0.000000000000000000e+00 -2.024421406218169572e+00 2.769894581965417046e+00 -3.609025580069835648e-01 -3.012603249460976684e+00 -1.923471619524101284e+00 6.192606978340261525e-01 -4.561687409174731478e+00 9.092398226265328010e-01 6.105003324965896816e+00 1.761893434199551800e+00
0.000000000000000000e+00 -1.397530137629277025e-01 1.707862021310387224e+00 -1.441925924039912932e+00 -3.903460717429599658e+00 -1.721411571335030199e+00 1.847125259370065997e+00 -3.651929715231515328e+00 2.528883473396039250e+00 2.644162334787741653e+00 2.528655953431706127e+00
1.000000000000000000e+00 1.799565026621960717e+00 8.993668563917698311e-01 -3.550883834449631404e+00 2.135297326322130207e+00 4.527211029403339637e+00 3.908395471499876983e+00 7.844368073337687486e-01 2.499499513308836907e+00 3.812361803939536387e+00 5.536935768649153822e-01
0.000000000000000000e+00 -9.756039723529028596e-01 1.263701286280541680e+00 -5.841068437832601656e-01 -3.110225994929793902e+00 -6.484565965093511686e-01 3.058562240597241022e+00 -5.156766488497905421e+00 1.683151090587560184e+00 3.516894318162961497e+00 2.869099652642643328e+00
0.000000000000000000e+00 -9.226881001590745424e-01 1.439982113586269818e+00 -8.897501482801866146e-01 -4.074474575466643600e+00 -4.833794179663258861e-01 2.716517753254357181e+00 -5.248825957539654752e+00 1.706677660329368518e+00 3.246018639119467863e+00 4.424572633802631216e+00
1.000000000000000000e+00 1.910945495160899732e+00 2.529286438620341748e+00 -4.849692861616782480e+00 1.438659932910674177e+00 6.096949045291598424e+00 5.076006786772184753e+00 6.664369916304679897e-02 1.437706946367514060e+00 3.025881231092188539e+00 1.521907770102838287e-01
1.000000000000000000e+00 2.849047775684617534e+00 3.924373933247668589e+00 -2.902712363431554810e+00 3.056149091227508663e+00 5.325213819298152629e+00 4.925870438122228023e+00 1.318640957597509544e+00 9.838778462196993146e-01 3.129087092397021763e+00 -2.577271974817311184e-01
0.000000000000000000e+00 -7.873195029338848627e-01 1.186791885427379345e+00 -1.518679766329372516e+00 -3.680657279078136668e+00 -1.346203649752320430e+00 1.163999944359543015e+00 -4.583260704568946409e+00 4.629452818117165691e-01 5.310836698363859298e+00 1.686435715687502279e+00
0.000000000000000000e+00 -5.090095161172709659e-01 -1.407581839226092146e+00 -1.274616345324079081e+00 -2.773114914652550667e+00 -3.556142603722349249e-01 1.155274002333087413e+00 -3.235008465623972818e+00 2.014566595031634932e+00 3.418333416857620932e+00 3.563291454164831507e+00
1.000000000000000000e+00 2.512671292077872653e+00 2.182861815657282545e+00 -3.522898890110233605e+00 2.494743691692744125e+00 3.524854163175018318e+00 2.784126889549734862e+00 1.604578163774605493e+00 2.614943231907457921e+00 7.346759500664350462e-01 1.061050089494028681e+00
1.000000000000000000e+00 1.075670018681247342e+00 1.800366587693735365e+00 -1.722329905949009365e+00 1.378272629101581215e+00 5.797183497879643710e+00 3.157356373935278349e+00 -5.979254081557210387e-01 2.830400422176634123e+00 3.014908474415203266e+00 -3.804678611532631427e-01
0.000000000000000000e+00 -2.884455670085178447e+00 -4.341878532954956960e-01 -2.569647108417816295e+00 -3.204570060662088160e+00 5.559898826650541137e-01 6.736251767731511464e-01 -5.459354297982267568e+00 1.376459294817960366e+00 3.681619613947153091e+00 2.590825544082843823e+00
0.000000000000000000e+00 -1.636027026448958477e+00 -2.624289793135408999e+00 -1.990193160117771587e+00 -3.959061184576642134e+00 1.337545896299888071e+00 1.216848841132840864e+00 -3.437457429255261321e+00 2.018144812980150249e+00 5.726248348239307617e+00 2.416908661675901904e+00
1.000000000000000000e+00 1.860450017427716318e+00 2.581054065072444725e+00 -3.294005636819123062e+00 1.077979831028119229e+00 4.488472769487435343e+00 4.498056963721587920e+00 2.493254557927272241e+00 1.008272364120921694e+00 1.938023636168882957e+00 -7.326211612955070285e-01
0.000000000000000000e+00 -9.441907518999310689e-01 -4.680159654691695703e-01 -2.676015722371995587e+00 -3.991486651561694021e+00 2.381386841133728560e-01 2.702214906117383464e+00 -5.489091715533294114e+00 2.207446794618145081e+00 4.274749935679903246e+00 5.160545225612620523e-01
0.000000000000000000e+00 -1.249129290184898489e+00 -4.122467618322575023e-01 -1.046748025534355531e+00 -3.627178975386657456e+00 -3.673498770441973593e-01 2.714828043639283983e+00 -4.173189501252980271e+00 1.383387088768845308e+00 4.292194080769393238e+00 3.742956484419952545e+00
0.000000000000000000e+00 -1.647811930096996447e+00 1.291508047089436673e+00 -3.954219520759287843e-01 -4.956807744884055289e+00 -4.288691533309688109e-01 2.717050308647638523e+00 -3.387246477368876629e+00 1.076680323819581009e+00 4.281329155037971290e+00 1.867371142075330281e+00
0.000000000000000000e+00 -1.553553218922471002e+00 1.477179400968089418e+00 6.856179963821760204e-01 -4.291816342070625900e+00 1.035563753446378854e+00 4.816529855450062403e-01 -3.737085064013426550e+00 1.654023599926925936e+00 2.522755701687682262e+00 2.126035531926066646e+00
0.000000000000000000e+00 -2.793660334014296254e+00 1.125017542954454886e+00 -1.594799206741198461e+00 -3.314714222576329750e+00 -8.432009267081215509e-02 2.011058975198167786e+00 -3.174700652911895737e+00 1.988201173341392014e+00 2.322459726226810961e+00 1.412647639952374190e+00
1.000000000000000000e+00 1.918521673593908128e+00 2.646805287577263410e+00 -4.066292786560476102e+00 4.275524535134119120e+00 4.026890878769730620e+00 2.695012687851996880e+00 1.079817865343975392e+00 4.300187669329133655e+00 3.283834214698082121e+00 -6.808136436419709447e-01
0.000000000000000000e+00 4.019734506760697101e-01 1.146196047156802234e+00 -1.847461959254456776e+00 -2.412767635610600259e+00 -8.636417755465700674e-01 2.939799828901284329e+00 -3.269259514359429186e+00 5.025184315072448449e-01 3.959959606793730380e+00 1.873744819681542273e+00
1.000000000000000000e+00 2.078622730372954752e+00 2.088845084898168558e+00 -4.138595486736617701e+00 2.839103314818663293e+00 4.935410441167853435e+00 4.521139928850929302e+00 -5.474044171856236041e-01 2.058274431908263313e+00 3.393272364122036588e+00 -1.319715976508573974e+00
1.000000000000000000e+00 2.343879941174376036e+00 3.019679280434441893e+00 -4.670953091626760312e+00 1.122810031629409844e+00 3.992667155948389723e+00 3.128987298209906509e+00 2.790965478108125897e+00 2.257739792531236134e+00 3.285864017652611491e+00 -6.234703338455724886e-01
0.000000000000000000e+00 -1.970038435373353547e+00 7.727307144375328285e-01 -1.081161913765666061e+00 -4.786320750190251161e+00 -1.573810469322401151e-01 1.598487592014179004e+00 -5.322449518881727570e+00 5.557401411257845147e-01 3.230245143152854936e+00 3.588888225175372870e+00
0.000000000000000000e+00 -2.930702335657642266e-02 -1.509616728392959573e-01 -1.103114167048063310e+00 -3.161928408324636397e+00 1.955219637536850796e-01 2.764400859298351776e+00 -4.718677101839550581e+00 2.312754314698413527e+00 5.064917879927808286e+00 1.032550612110642918e+00
1.000000000000000000e+00 1.707063889487107300e+00 2.380805195352706960e+00 -3.221383799831151862e+00 3.710695477352002225e+00 4.902863762146024484e+00 3.768540604217888834e+00 4.639105733498198880e-01 9.389713076321855034e-01 2.495165581717521341e+00 8.280825829095239676e-01
0.000000000000000000e+00 -7.764493339783824499e-01 -2.119447322728620797e+00 -2.902242656235067386e+00 -3.949304601216812927e+00 3.780162492221422754e-01 1.478777799912709856e+00 -5.253631263746031621e+00 1.651082403439475765e+00 2.908627531272681033e+00 2.776673107519948225e+00
0.000000000000000000e+00 -3.182295575725257564e+00 1.096859402905365766e+00 -2.255006456352283806e+00 -3.022473485745739818e+00 -7.911814782711353855e-01 1.894987826368895956e+00 -4.277469644570718543e+00 1.563820204869680541e+00 1.831800540570334812e+00 2.260483153178548310e+00
1.000000000000000000e+00 3.619079969778984385e+00 3.110738477381878919e+00 -5.098776694027751688e+00 1.368879172836942049e+00 3.862719447159571384e+00 5.074415711550807728e+00 1.477797853477249124e+00 2.821113252939373428e+00 4.219211307193276639e+00 -1.854661770252088893e+00
1.000000000000000000e+00 8.040620227005429443e-01 2.234426314367721211e-01 -5.289810747925190348e+00 3.178785113516445104e+00 6.004239999739980682e+00 4.362609285412861304e+00 -6.889141760268175929e-01 4.119724918573670180e+00 9.548175706151784681e-01 8.723881799590273989e-01
0.000000000000000000e+00 -7.567324130582407937e-01 1.710515230792791108e+00 -9.106148680999507361e-01 -4.643103081708462199e+00 2.300141857336401863e+00 5.719589906605628826e-01 -4.436606968682831109e+00 1.748161852740484301e+00 4.315791192826478273e+00 2.909007419339288081e+00
