1.000000000000000000e+00 -5.006035631602429703e+00 -7.509522672979662694e-02 5.537266316275468725e-02 -3.983907063842609730e+00 -1.314584585073180545e+00 4.625040625739815781e-01 3.827054251161536857e+00 3.043929900929504218e+00 3.480908823598588775e+00 -3.789316102787673390e+00
0.000000000000000000e+00 -4.588672638254844394e+00 -4.021209139338418836e+00 1.204496010157280139e+00 -4.146850801093465710e-01 2.514413144895724983e+00 -2.751137301748869390e-01 2.654435294128092426e+00 -4.781349102063636725e-01 -2.994781460432462517e+00 -6.549190428679201315e-01
0.000000000000000000e+00 -5.017985625890927892e+00 -3.042193298589366268e+00 -5.023937584417748070e-02 7.070413265739539099e-02 3.087403826279011998e+00 -2.540896217164654303e+00 4.112838583662351333e+00 -2.084653958515460204e+00 -1.764659303003323076e+00 1.026156965622458950e+00
1.000000000000000000e+00 -4.053678395728308459e+00 -2.123405428284371066e+00 -1.911800410033416719e+00 -1.778169776272106040e+00 -2.844878897542998608e+00 -1.920638811018139158e+00 5.391241492066154883e+00 2.590429184433086007e+00 4.313087107059377701e+00 -3.044723615549741247e+00
1.000000000000000000e+00 -3.220339889417696444e+00 -1.357959778881316693e+00 -1.728461542051232591e+00 -1.518144392579704682e+00 -2.869900620935009972e+00 1.200744736049213390e+00 5.000408278111378557e+00 3.881771142204073932e+00 2.191638489137015977e+00 -3.262402712375649827e+00
0.000000000000000000e+00 -4.346210251163531879e+00 -3.098517503897305403e+00 1.279093895212259024e+00 -2.901471864430834602e-01 3.198467828241218225e+00 -3.937224485002708718e+00 4.080326428394577931e+00 -4.194822319263197263e-01 -6.670616358409566793e-01 2.226027117022731261e+00
1.000000000000000000e+00 -3.949068153196503950e+00 -2.717303177136652259e+00 -2.564058820792942228e+00 -2.322368793899529216e+00 -1.399710388698218733e+00 -1.919043073991165138e-01 4.989786364809031483e+00 3.136995069825034843e+00 2.323659392907616805e+00 -3.684486066101228197e+00
0.000000000000000000e+00 -5.743167128804917532e+00 -2.275182345610758716e+00 1.936422141877254255e+00 1.287243856365460903e-02 3.221821255698171793e+00 -3.086270077974998749e+00 3.997328108043397776e+00 -1.841341754916790419e-01 -1.272162712360980663e+00 4.508893277406630373e-01
1.000000000000000000e+00 -3.003157566570404224e+00 -1.710852206288265620e+00 -2.005643536543956440e+00 1.188458654196176134e-01 -2.842588112385380672e+00 -1.335064754830709299e-01 4.056627226780062934e+00 2.973411678870615305e+00 2.222080424608891658e+00 -3.940954716995157536e+00
0.000000000000000000e+00 -5.174800836013773164e+00 -4.585169569230922448e+00 2.932285098297690240e+00 1.157189400079979613e+00 3.596525209783188792e+00 -2.624358933636073310e+00 3.614150549278949853e+00 1.063424182713700539e+00 -1.083607484260761478e+00 2.233599573103451252e+00
0.000000000000000000e+00 -3.989649852868514923e+00 -2.927914514629212483e+00 2.461269612136434137e+00 6.629595018276748242e-01 3.806212129262615651e+00 -1.490012046254798328e+00 3.688704650308724631e+00 1.079459631866575009e-02 -1.627160794913726116e+00 2.081383719108935715e+00
0.000000000000000000e+00 -2.768483459132212943e+00 -1.032720545287369340e+00 1.456091775404162236e+00 1.402417692686084738e+00 3.851661118930148842e+00 -3.279623702634014037e+00 3.122188433082102588e+00 -6.704286560142284079e-01 -1.707055168954478619e+00 6.297235428974983229e-01
0.000000000000000000e+00 -2.700088176974744680e+00 -2.918324777347240051e+00 1.670867511267853489e+00 -9.814074450545573480e-01 3.203086586719107842e+00 -1.153287939200363432e+00 3.242810262984301417e+00 -1.256698821782949338e+00 3.360300857508846661e-02 5.359961006197784261e-01
1.000000000000000000e+00 -2.042156509073832726e+00 -1.717240616629446492e+00 -2.473267231418927459e+00 -8.121840340568968752e-01 -2.916081037892126915e+00 -4.263383575035729067e-01 4.731104742435184640e+00 2.077570657946931298e+00 2.693749113007676499e+00 -4.347692917806178947e+00
1.000000000000000000e+00 -3.301156500408397587e+00 -3.358955984424079055e+00 -2.772126581418460134e+00 -1.735214434870198108e+00 -1.454307712663059693e+00 1.163420579929336229e+00 4.760407188191945416e+00 4.689861311270170141e+00 2.652407284449958880e+00 -1.823538858277975017e+00
1.000000000000000000e+00 -2.919219215478383145e+00 -1.913613110200528267e+00 -1.077620649841056322e+00 -2.570912255213219311e+00 -2.194294564056870289e+00 1.026304745143690189e+00 4.267896249864961078e+00 2.624638823762679873e+00 4.136023418625034864e+00 -2.222364063017826297e+00
0.000000000000000000e+00 -5.755594379743120825e+00 -2.298841862336864938e+00 2.672590496726797937e+00 5.971771387102403628e-01 3.119060236266338659e+00 -1.099391258502268265e+00 3.346243063947775376e+00 -2.457760888461031357e+00 -6.064899018080449622e-01 1.325528421743768392e+00
1.000000000000000000e+00 -3.880094088905330807e+00 -1.749393438104250853e+00 -1.040208040380219856e+00 -3.149664718068825309e-01 -1.695426045435703521e+00 -1.203514751656771242e+00 5.255394439889137459e+00 3.801229363244743809e+00 2.871341047212252917e+00 -1.721647030669024581e+00
0.000000000000000000e+00 -4.971388659042000668e+00 -1.215864931601417176e+00 3.090581480419571481e+00 1.236177041825245571e+00 1.428419000068265277e+00 -3.582642305634742286e+00 3.469233223980580316e+00 8.619878795649382752e-02 -1.512447250247265229e+00 -1.001884726778165646e+00
0.000000000000000000e+00 -3.653496626995541341e+00 -1.008185628861286709e+00 1.102809888627533930e+00 3.186192118489936664e-01 1.490699644167289062e+00 -2.707594775199668735e-01 2.599362647504940060e+00 -2.123590930609756899e+00 -5.400201290198649584e-01 1.874882477021340144e+00
0.000000000000000000e+00 -6.424315824298721722e+00 -1.674987321318754496e+00 1.416820130515179743e+00 -1.841463588539059781e+00 5.499830472739612119e+00 -2.390753734632142358e+00 3.459820059566785844e+00 6.058052524878987377e-01 -2.031589055790199438e+00 5.422642471618146498e-01
1.000000000000000000e+00 -3.048968264009218387e+00 -2.502153096096953355e+00 -7.095405256686989626e-01 -6.949633982093208484e-01 -2.631502931850902893e+00 -4.388857728071292597e-01 5.070175037341821067e+00 2.800275760619496790e+00 3.541763799095200671e+00 -3.733290026444832765e+00
1.000000000000000000e+00 -2.800304233199990112e+00 -1.367158954797062176e+00 -2.495407863882185273e-01 -3.987699801486070950e+00 -2.860966463208378219e+00 1.081984966620868516e+00 5.031977552010838295e+00 1.941077512605214439e+00 3.373759451329643611e+00 -4.853009263326143241e+00
1.000000000000000000e+00 -2.953643404310997145e+00 -3.072310494208256859e-01 -3.595661308042161775e-01 -1.870840989015127631e+00 -2.859436254319795978e+00 -3.513279671324232578e-01 3.876431556644295284e+00 1.405230540949883089e+00 3.031390640971628692e+00 -3.138894741217585160e+00
1.000000000000000000e+00 -3.664259807150032522e+00 -2.246867688512624195e+00 -2.138894913612928939e+00 -2.345753291071737578e+00 -2.243189096926130777e+00 -2.195401575849446729e+00 4.344282053231769858e+00 2.024772413937208082e+00 2.464966788913847129e+00 -5.295532734455020041e+00
0.000000000000000000e+00 -3.459303834592802662e+00 -1.602975976508217437e+00 3.893760354638572174e+00 1.161259444656847606e+00 3.636040117006257066e+00 -2.247333074210497550e+00 4.311979307976967490e+00 -2.826614740269618453e-01 -1.625315230269769762e+00 1.658525269032765426e+00
1.000000000000000000e+00 -3.463384231750611164e+00 -1.683115196164341798e+00 -4.269026362429793053e-01 -2.411767906131183636e+00 -3.389074100341079365e+00 -9.183349383112622277e-01 5.753388743046695453e+00 2.192108769189001549e+00 4.899820238557577312e+00 -3.336771827853578731e+00
0.000000000000000000e+00 -5.972372517702353001e+00 -1.098343209661536202e+00 2.009582760971513338e+00 1.320582483429418197e+00 2.732722935457701396e+00 6.853866722758272800e-02 3.975147891073552486e+00 2.473122156750998668e-01 -1.525938441772022536e+00 1.916521730378427435e+00
0.000000000000000000e+00 -3.538988627903286943e+00 -2.655019357436278149e+00 3.952779368858670317e+00 2.324801025316178382e+00 3.307007764526471050e+00 -2.424031986206996780e+00 3.104406729080101623e+00 -2.381782126234073260e+00 -3.238884731838936659e+00 1.980079488587711989e+00
0.000000000000000000e+00 -5.411028825369070816e+00 -2.140362748053854069e+00 2.542795214608177812e+00 -8.683161073422420717e-01 4.744109411401174370e+00 -1.671977368038938039e+00 2.857998644250967502e+00 -3.725650896184930505e-01 -5.664312658099051045e-01 1.547889138866840764e+00
0.000000000000000000e+00 -4.348361539183348334e+00 -2.315961577016590667e+00 2.142670849891168405e+00 2.584964971628045394e-02 3.020525856765331252e+00 -2.402367459574203945e+00 1.543870295727576281e+00 -2.639238926114577222e+00 -1.907678524822033150e+00 2.502106696695911126e+00
1.000000000000000000e+00 -3.263842805642418465e+00 -3.145294912255297781e+00 1.281241938287131177e+00 -2.524766119099415729e+00 -3.266653937379619066e+00 -1.681906962102337255e+00 5.107512289565200092e+00 3.404539073348094469e+00 1.042246365338646452e+00 -5.336918014240707109e+00
0.000000000000000000e+00 -2.893940748787918515e+00 -2.758460475798661271e+00 3.074768751805207589e+00 1.158975718193369531e+00 3.755707442063153767e+00 -2.778674892461696189e+00 2.585259661978641876e+00 -1.929294445554454285e+00 -1.666993004418992896e+00 2.616069296204859729e+00
0.000000000000000000e+00 -5.792954334678193540e+00 -2.332583090185954333e+00 2.203731294033530297e+00 2.149675833221138532e+00 2.505484824763585472e+00 -2.901727439759915761e+00 3.068140588495487986e+00 3.768986657500867921e-01 -1.831393282258782396e+00 3.488363560539451402e-01
0.000000000000000000e+00 -4.643070156290487915e+00 -1.241176016398862103e+00 2.702507777394822508e+00 -1.779570354809605348e-01 3.711137205561903851e+00 -1.812785815515354226e-01 3.233846976460402534e+00 6.888450535933943186e-02 -5.443905209764132724e-01 3.657622999606472414e-01
1.000000000000000000e+00 -3.008783841452292940e+00 -1.784113330758207550e+00 -9.144028240231434346e-01 -1.234369797006117153e+00 -1.964739802422143189e+00 1.591267326030494367e-01 4.423622366422228502e+00 1.875189319479856787e+00 4.024284583300654639e+00 -4.223223546172762077e+00
0.000000000000000000e+00 -4.906895272127108854e+00 -6.694448903054579514e-01 1.265176379695604592e+00 2.586030703002933362e-01 4.681632705271017159e+00 -2.903138822195958646e+00 2.507250747376549960e+00 -2.004290572889007027e+00 -1.799784051208529689e+00 1.229735445066137967e+00
1.000000000000000000e+00 -3.918723476180400844e+00 -1.437302235049863430e+00 7.077336800974505238e-01 -2.349289721386217611e+00 -2.120819899404634779e+00 -1.287380875446755502e+00 6.226486151051076057e+00 2.790061076167995591e+00 2.402903686300494890e-01 -2.942521454830317573e+00
1.000000000000000000e+00 -2.766249144945434058e+00 -1.733562186399831173e+00 -7.065343452252486056e-01 -2.307130300208525497e+00 -2.813216930389144110e+00 -1.272317605414167829e+00 4.484025250827397890e+00 3.222723344035893334e+00 3.008971204816025757e+00 -3.074673675439188347e+00
1.000000000000000000e+00 -4.059571744553143624e+00 -7.779326422794861084e-01 -7.313626792306329172e-01 -1.504590263977313658e+00 -2.311248251536931253e+00 -1.915059803394548954e+00 2.993812711180114938e+00 1.753568774086008641e+00 3.709220699692469037e+00 -4.149249784723347823e+00
1.000000000000000000e+00 -2.818459189161770073e+00 -3.338834155215686383e+00 -5.910226270686274042e-01 -1.967268748220029062e+00 -3.050332124128407596e-01 -6.115655391631337201e-01 2.928715351929864763e+00 3.234951494266456340e+00 3.416151360205837317e+00 -1.986121258480250784e+00
1.000000000000000000e+00 -2.415325240354421865e+00 -2.503164254996510518e+00 7.340674325060336791e-02 -2.107722271122188573e+00 -2.561670634907149857e+00 -2.293505618823396264e-01 4.274423526416540220e+00 3.797419184431283234e+00 5.035368474115222703e+00 -4.369573507558270897e+00
0.000000000000000000e+00 -4.906660314173029391e+00 -2.428853502892984295e+00 2.328485512324220075e+00 1.672485866645055497e+00 4.655044228647046367e+00 -2.543192398922530906e+00 4.434240549545078736e+00 -1.713563202257778029e+00 -1.580039195600462909e+00 1.228351248249586192e+00
1.000000000000000000e+00 -3.297946234447947322e+00 -2.094478836745562234e+00 -9.961263265634501263e-01 -2.385367204585647105e+00 -9.110680872221383897e-01 1.634214594199227211e+00 3.604183760212357868e+00 3.568924374856102588e+00 4.733911895072961507e+00 -3.211963771194486394e+00
0.000000000000000000e+00 -5.413895319843461174e+00 -3.433256597817261557e+00 1.939460802907893244e+00 9.365653875937544059e-01 4.409489031487471067e+00 -3.951882146712786703e+00 3.491272475168149647e+00 -1.662030155512575602e+00 -1.376974944100423981e+00 1.217196635853717623e+00
0.000000000000000000e+00 -3.699839796323804109e+00 -2.336941335355251059e+00 1.934426258181340952e+00 1.021737969584455730e+00 3.270883760751758906e+00 -1.104595789561528818e+00 2.445816738386294098e+00 -1.347504829820564520e+00 -8.444464843843313417e-01 -2.164531485485248208e-01
0.000000000000000000e+00 -4.571506473038252416e+00 -3.743226357142659388e+00 1.919734609746567955e+00 3.190759039028694954e-01 3.596425023925637010e+00 -2.350347039106496894e+00 3.116430562605996712e+00 4.074169961619278357e-02 -2.977101095648509776e+00 -3.626947791741574889e-01
1.000000000000000000e+00 -2.350162030813925718e+00 -3.134012336532793874e+00 -1.091963083739966756e+00 -2.753613514484988478e+00 -3.128035898340874255e+00 5.594431856987440721e-01 3.917318325265554790e+00 3.030706003184025388e+00 3.293169571234156656e+00 -3.795249342967325301e+00
1.000000000000000000e+00 -2.566866522881127821e+00 -6.598792400041813000e-01 -5.066421757435148887e-01 -2.629446170801654326e+00 -3.139984796480715268e+00 -1.972385791971660307e+00 2.378748498019664925e+00 2.009309626002743876e+00 4.243868700538476979e+00 -3.769790815874749956e+00
0.000000000000000000e+00 -5.593196165378603979e+00 -2.102515509552166151e+00 1.790339411353908394e+00 7.033949859424898365e-01 3.629054889570177966e+00 -6.767336551601101924e-01 2.839374851187087323e+00 -1.373608927219737819e+00 -7.485199952689950420e-01 -4.856614350422567838e-01
0.000000000000000000e+00 -4.972965489318696086e+00 -2.118352426325907700e+00 1.952251585970845138e+00 1.714371795471542059e+00 3.680880229561222627e+00 -6.286951410558394571e-02 3.379698970365418553e+00 -1.904610030983324043e+00 -1.146971012651095911e+00 8.917938230045844294e-01
0.000000000000000000e+00 -4.078944479495618225e+00 -1.525930431324935110e+00 2.630770065204940167e+00 1.670581664204583427e+00 2.907431267133452124e+00 -2.533553073476910722e+00 4.438430472339858213e+00 -8.316039048862209349e-01 -6.916214243774132520e-01 -3.838730517381998553e-01
1.000000000000000000e+00 -3.440902705251718707e+00 -1.427261089408489836e+00 -4.123828501077961839e-01 -2.256223143863082647e+00 -2.024581309640868021e+00 6.397394155303801622e-01 3.617913577084194365e+00 2.514443227442003881e+00 5.496665178957709230e+00 -3.699315956836346064e+00
1.000000000000000000e+00 -2.896010878132148747e+00 -1.041055724522573778e+00 -2.433356079285577067e+00 2.987829202064968825e-01 -2.738791817974304266e+00 -2.590059535018397696e+00 5.732624850461892407e+00 4.002395576283570122e+00 3.679034048916055788e+00 -2.920041459317925359e+00
1.000000000000000000e+00 -3.125404726106934650e+00 -1.012362222235966946e+00 -1.607444012487436513e+00 -3.421802463098090996e+00 -2.402846093569724673e+00 -1.576301088864075495e-01 1.637018392503017505e+00 2.921345203295738546e+00 4.476803672307907433e+00 -4.319131398330637417e+00
0.000000000000000000e+00 -3.580527307584973951e+00 -2.125486734633466934e+00 3.757502969051438324e+00 4.352752502469028895e-01 1.609218362336877428e+00 -3.682634667186480026e+00 5.139139657744474121e+00 -3.398135994852065633e-01 -2.231625338036668182e+00 -5.937860121928428825e-04
0.000000000000000000e+00 -4.200206555478028569e+00 -1.577142695131597883e+00 1.701836557100329994e+00 6.147137242611774299e-01 3.558451854118754198e+00 -2.261832738065516324e+00 2.512761794509810631e+00 -1.161305205892710357e-01 -1.792680302312593899e+00 1.807227458388997121e+00
1.000000000000000000e+00 -2.943977078170261219e+00 -2.444771225433322481e+00 -1.904484017500437165e+00 -1.670337774781486262e+00 -1.327831663175640164e+00 -9.728387574897184864e-01 5.139952430602625633e+00 3.696881275114807686e+00 3.755001461363670412e+00 -4.394846407575027314e+00
0.000000000000000000e+00 -4.738320605733639113e+00 -2.685209893068866371e+00 3.700523562186004867e+00 1.771883281481483552e+00 2.710677089470429291e+00 -2.825568315452860357e+00 2.665946749573079533e+00 1.411502734769198852e-02 -1.036595484000220058e+00 1.650657105144029746e+00
1.000000000000000000e+00 -4.031542859311603166e+00 -1.124941294507627365e+00 -1.584959069978438606e+00 -1.172237334547287846e+00 -1.620051492190826004e+00 -1.448873049040359628e+00 4.617206983873119341e+00 1.516424183700723294e+00 5.037263646804229111e+00 -3.332486430176708314e+00
1.000000000000000000e+00 -3.274605010773359748e+00 -3.500968079943992173e+00 -1.506880394192447348e+00 -3.489160156940834590e+00 -1.451897718135255255e+00 -9.171746395586459766e-01 4.220340613204175639e+00 4.507943704734115542e+00 2.249894932288554195e+00 -3.232828892237826324e+00
0.000000000000000000e+00 -4.632497639280863666e+00 -3.161035493422175158e+00 3.680799988854780658e+00 3.002068391921125290e+00 2.985305298371765836e+00 -3.132513174955840363e+00 3.995946526480743888e+00 -8.688313380372748584e-01 -1.070105756009346987e+00 3.598988267354147341e-01
1.000000000000000000e+00 -1.506400364925914559e+00 -2.711753232570511152e+00 -1.342851207458888307e-01 -3.387473421071857338e+00 -2.663807494239150309e+00 7.159171380857771716e-01 3.635032662469023901e+00 3.373609800190614294e+00 3.108694053897564036e+00 -4.030254618130491018e+00
1.000000000000000000e+00 -2.839832818469254949e+00 -2.989015149679491667e+00 -7.700847716057035441e-01 -2.570768333613743462e+00 -3.207139451294255927e+00 -4.834395165104781178e-01 3.045377866313350168e+00 1.367302378728663559e+00 4.006604886815559929e+00 -3.535104645907181098e+00
1.000000000000000000e+00 -2.831305526215704749e+00 -2.115762532870309798e+00 -4.868179640210779091e-01 -1.607492289991619305e+00 -3.516538320368180592e+00 -6.356587777096442959e-01 4.438050655086977159e+00 5.077418668614212649e+00 5.150628122440421564e+00 -3.146592083592171019e+00
1.000000000000000000e+00 -3.164150304273390280e+00 -1.387036051758728572e+00 -2.389978039297173229e+00 -2.246170505357007130e+00 -3.142748024476906821e+00 -8.090219534748643859e-03 5.779076673565887390e+00 3.031872345636750232e+00 3.709211975303608799e+00 -4.787297565723511283e+00
0.000000000000000000e+00 -4.161495189066520162e+00 -2.359405035674453366e+00 3.176109900694153776e+00 -1.719737375157779358e+00 3.699771885340105815e+00 -1.558603011971282370e+00 1.623855303624743396e+00 -2.441062413143207266e+00 -1.541298278749883899e+00 6.137858573605872170e-01
1.000000000000000000e+00 -3.030885010673879165e+00 -1.802146751011759251e+00 2.221844938598183106e-01 -1.263339667613545991e+00 -8.257894797143663368e-01 -6.453933787928740617e-01 4.746808237666577668e+00 3.557398535245159366e+00 1.019210426895697630e+00 -3.108509127025012031e+00
0.000000000000000000e+00 -3.785304373108469900e+00 -1.309447170515953385e+00 2.363066108351759897e+00 -1.054750497507754625e+00 5.726251535173425111e+00 -5.995147135377227876e-01 1.083796252468846033e+00 6.439359071695474057e-01 -1.780431361535084633e+00 3.866768523242003486e-01
0.000000000000000000e+00 -4.939983595254360260e+00 -1.965498534074656245e+00 2.201196796709998793e+00 -1.042454353273868373e-01 2.854491639828956817e+00 -2.340175556065143603e+00 3.866027381399557150e+00 -4.951848623899033908e-01 -9.268464512105027975e-01 2.990192672989909761e-01
1.000000000000000000e+00 -2.209929012979584773e+00 -5.076708733383576977e-01 -7.233237592765141555e-01 -2.359908856381716546e+00 -1.736928367590471645e+00 -1.208970673233684678e+00 3.737928887541214884e+00 3.169516770842450981e+00 3.638286179760443773e+00 -3.535423896916619402e+00
1.000000000000000000e+00 -3.706281186026253227e+00 -8.772248825744448641e-01 -1.014198784575059742e+00 -2.104144733122224498e+00 -2.287257171559406554e+00 -8.636582496695228706e-01 3.743673378946370089e+00 4.599394946431418774e+00 1.522994344433162395e+00 -4.151349019766935378e+00
1.000000000000000000e+00 -2.928081498808565275e+00 -6.863700977806014292e-01 -8.492274348051354060e-02 -2.202852505812150863e+00 -1.856826528215425709e+00 -1.822430317651375864e+00 4.485884107898663764e+00 2.125268259234446511e+00 2.258009206999175511e+00 -3.419436457602236690e+00
0.000000000000000000e+00 -5.469411200631244085e+00 -4.089544168696555460e+00 2.491710885763572580e+00 -2.712030976565353857e-01 4.605863740489889224e+00 -7.680868760928245553e-01 3.550737830454864685e+00 1.188793417869102642e+00 -1.621016240744061587e+00 2.967539711374659328e-01
1.000000000000000000e+00 -3.722763081030276755e+00 -2.568273640301875105e+00 -2.875067578513030409e+00 3.699658451930147862e-01 -2.964219005274596697e+00 2.027070393039583918e-01 5.033443952354554440e+00 2.595589851567027484e+00 4.722431377465194480e+00 -3.005823339190174970e+00
1.000000000000000000e+00 -3.288632612442881076e+00 -1.472480929778382519e+00 -1.406252973060283740e+00 -4.489345272384814400e+00 -2.552090809871478960e+00 1.321857663263789062e-01 6.556369592585426176e+00 3.587225747876351623e+00 3.742987193685602954e+00 -3.763873579046694395e+00
1.000000000000000000e+00 -2.745517823218691866e+00 -1.653108637469536735e+00 -6.198040375655800016e-01 -1.540007554324053451e+00 -2.810053777853145807e+00 -3.059821700832153102e+00 3.696166140349403051e+00 1.954692102559273392e+00 3.887208251204607556e+00 -3.984036550873403026e+00
0.000000000000000000e+00 -4.353427525065101555e+00 -4.424200294322096383e+00 2.985453082176700690e+00 1.792373651489727049e+00 4.391079381668883563e+00 -1.171058117778191354e+00 2.059338382515339294e+00 -4.343682368811307981e-02 -2.155961869847403012e+00 1.437043592266393777e+00
0.000000000000000000e+00 -3.894080668521756827e+00 -1.520857431508691793e+00 2.941583233937694164e+00 7.722729279915334644e-01 3.558473871010934708e+00 -1.725157043315818983e+00 2.465736646402186150e+00 -5.559061853769480255e-01 -6.303221464984556377e-01 -4.416521632350951521e-01
0.000000000000000000e+00 -3.671072722402529021e+00 -1.848089000687360484e+00 2.060033844508506462e+00 4.104662127932108828e-01 4.487664390503623757e+00 -1.676047171876805075e+00 3.025667435973691699e+00 8.015623764584649535e-01 -2.156410603990982722e+00 1.570210215398928799e+00
1.000000000000000000e+00 -3.379765492460564680e+00 -1.028881811915435929e+00 -3.524205862470649597e-01 -2.735135754217604909e+00 -2.514830005621800257e+00 -2.363095031602104046e-01 3.892757619240110323e+00 1.718724505682024839e+00 3.090348965749393439e+00 -2.691432590396089175e+00
0.000000000000000000e+00 -5.872213506771312375e+00 -1.190668591925472919e+00 3.292882300216281699e+00 1.937281857049670153e+00 3.468432248540926466e+00 -1.167614185620835743e+00 3.436442362682184726e+00 1.468531523030958130e-01 -9.271170792984513298e-01 1.469361182747357608e+00
0.000000000000000000e+00 -6.342578346419445623e+00 4.786615658639270521e-02 1.774544161757131366e+00 -4.050442030063630128e-01 3.139760354889561622e+00 -2.641217030787462505e+00 3.230875220208426324e+00 -1.923442140949470636e+00 -2.631911331499302786e+00 1.007302994175462318e+00
1.000000000000000000e+00 -2.701197221523566228e+00 -1.693975748640815349e+00 -1.609543024311562931e+00 -1.296441390511207992e+00 -4.182455250154459847e+00 2.926762375487501622e-02 5.228072186326780724e+00 2.669324946992848169e+00 2.737765773830186156e+00 -5.588749999635655108e+00
0.000000000000000000e+00 -3.460411158160821010e+00 -1.961640305036409071e+00 3.902116273300062943e+00 8.663836103379768394e-01 2.930361189427276969e+00 -1.257270538739773569e+00 3.062592913468583422e+00 -1.159238737996238555e+00 -5.736629192617721529e-01 1.113497188069533461e+00
0.000000000000000000e+00 -6.178614827462201475e+00 -2.546823199132913107e+00 2.918140002558762269e+00 -6.700850436839025370e-01 5.153503582078771572e+00 -1.678846743065079972e+00 2.825877183199645426e+00 7.267369658667810484e-01 -4.689656972833793347e-01 1.201569324301523967e+00
0.000000000000000000e+00 -4.577026674823234664e+00 -2.444926798376239940e+00 2.801438627431978023e+00 4.577516087021548108e-01 3.901809816045274104e+00 -9.800598883921891602e-01 3.555698394179779953e+00 2.172869731329108989e-01 -2.839884034620562936e+00 1.633712175390130028e+00
1.000000000000000000e+00 -3.420474714082780032e+00 -3.598697665013880886e+00 -1.294011797780217021e+00 -4.023273152096753513e-01 -3.494540506638042388e+00 -1.318419409996143932e+00 3.514541083758586204e+00 1.795666607758092503e+00 5.011962975979818324e+00 -4.322137118208282835e+00
1.000000000000000000e+00 -3.327159004633956751e+00 -2.411823245999245025e-01 -5.582937542757158145e-01 -1.498662811221472602e+00 -2.515750366645818303e+00 -6.183473993837942384e-01 5.355364554061882387e+00 2.893506206720901197e+00 4.470105476253187327e+00 -4.277643045216494855e+00
0.000000000000000000e+00 -4.810030444246300441e+00 -3.615264805740654452e+00 3.148374639377895079e+00 2.882611123064587888e-02 3.120454779716983040e+00 -1.531499987350761094e+00 2.488876444266478138e+00 -1.104540989720230515e+00 -1.441511361978890404e+00 1.947434876401660020e+00
0.000000000000000000e+00 -4.735065090756351402e+00 -1.691382401353108911e+00 3.042751923209593201e+00 7.488240598723537866e-01 3.891327365128725013e+00 -1.790826798945383658e+00 2.580561103582809324e+00 -1.048380031035925697e+00 -2.086512311975126543e+00 1.306040657404778038e+00
1.000000000000000000e+00 -3.512265303062107158e+00 -1.741315195376107905e+00 -2.607545909375792892e+00 -1.166442347290007175e+00 -3.153623931565026961e+00 -4.139384185609552014e-01 2.195973274391616492e+00 3.059911790757227301e+00 5.369081776463143107e+00 -2.793072480610240937e+00
1.000000000000000000e+00 -1.242416900770386912e+00 -2.829726888459648038e+00 -3.899689551895775264e-01 -2.183919873046445304e+00 -4.372366743929405608e-01 -1.340592290821306154e+00 3.334758805788169411e+00 2.176894980517951161e+00 4.661868360647736687e+00 -2.751338245903625079e+00
1.000000000000000000e+00 -3.620768417717103560e+00 -1.017306453759969642e-02 -1.890222715678565146e+00 -2.176996266198879315e+00 -1.515299094014393333e+00 -9.557638249649780260e-01 3.404886495848713501e+00 2.599840690061957726e+00 4.035148003323913102e+00 -3.713615561066434090e+00
0.000000000000000000e+00 -5.636313106538605844e+00 -2.387714631616976835e+00 3.625097011025175675e+00 -1.069319715452784703e+00 3.392663053116605987e+00 -6.288621478411524635e-01 2.653543158846925820e+00 -1.060383377853239439e+00 -8.340617060421116058e-01 1.156029065091187080e+00
1.000000000000000000e+00 -3.232837646425562372e+00 -2.373871457358339487e+00 -1.660287531110223425e+00 -1.118967550386477328e+00 -3.650807172003297740e+00 -1.221068429515490106e+00 3.923652274753526292e+00 2.723789963498321587e+00 2.339491352354484910e+00 -5.295221009862896011e+00
0.000000000000000000e+00 -5.298610830775984049e+00 -2.404076867567781495e+00 1.541196897615927153e+00 1.436803239152287137e+00 2.662768683610881926e+00 -4.661959974306058019e-01 2.316880534303799699e+00 7.682142594460714680e-01 -2.188308478871723750e+00 1.072236992189153248e+00
0.000000000000000000e+00 -2.249816967593396111e+00 -2.541940235095284439e+00 1.097265331652350850e+00 8.147162637581295552e-01 3.764713949968809814e+00 -2.247858699593254350e+00 2.492446792257490440e+00 -1.483342748933967226e+00 -2.750629600867206648e+00 2.035899605038907767e-01
0.000000000000000000e+00 -2.642508715751155091e+00 -4.046130239349237101e+00 2.934360588309837148e+00 3.385623897053676723e-01 4.140220952432403401e+00 -2.625100165663822871e+00 3.353395522773925830e+00 -1.362340301432353407e+00 -1.998021028795338161e+00 2.316567694755494955e+00
1.000000000000000000e+00 -3.652415952096364826e+00 -3.911474601298362330e+00 -2.485943347365252798e+00 -2.339202977923843019e+00 -4.623736364417551314e+00 -1.385846778190768624e+00 4.870716413360472785e+00 4.049917027159880334e+00 3.050985346908825946e+00 -2.598022290260175282e+00
