0.000000000000000000e+00 3.313242909447901674e+00 1.505482225814741781e+00 5.100595599528777946e+00 4.697123011791473068e+00 -5.509773099967451238e+00 -2.270677419502026950e+00 3.932151525544964166e+00 -1.382826581307856406e+00 -1.460923358804330663e+00 -5.336509870631120922e-01
0.000000000000000000e+00 4.241968175771752669e+00 2.320323808767290608e+00 5.179768959496984237e+00 4.017287840187272252e+00 -1.912871421963229013e+00 -2.175079026661293380e+00 3.470008110734408735e+00 -1.191706672680518109e-01 -1.112341459241322994e+00 1.428764017326708213e+00
1.000000000000000000e+00 2.765055289839054353e+00 3.734884804473829423e+00 3.865635632597116622e+00 5.608973738174622525e+00 -2.565033534157310946e+00 4.540134191013512677e+00 4.744970595406156733e+00 2.484334888424551302e+00 3.987562787018981592e+00 -4.525500471691735527e+00
1.000000000000000000e+00 2.006286217911099179e+00 4.323581111651078501e+00 2.212569427868616323e+00 4.908791910991798346e+00 -2.209694991644738149e+00 6.699471899623452131e+00 6.212554856625519761e+00 3.635292098606448086e+00 5.879159133096640844e+00 -4.642178856611941740e+00
1.000000000000000000e+00 1.640617646471793201e+00 3.143314255376806088e+00 4.106596915679491921e+00 4.385695153091473841e+00 -1.920502837019950171e+00 4.370934419384776781e+00 6.700168597539402526e+00 5.225757582319565664e+00 3.099679293389601131e+00 -6.657615299176971035e+00
0.000000000000000000e+00 3.465427329766609610e+00 2.143013840190454822e+00 4.344099270394549350e+00 4.925083946650982369e+00 -2.179363826198293275e+00 -3.081895294416662434e+00 3.671800310784192334e+00 -4.146731836213334077e+00 -5.159210649487433464e-02 1.879887730751373942e+00
0.000000000000000000e+00 2.294532858854758661e+00 2.274117487128510362e+00 4.754965479593661115e+00 3.136794559562863682e+00 -3.907062705170962325e+00 -3.026544078134523197e+00 2.997122458869158734e+00 -8.804128340279270271e-01 -2.612434481747245130e+00 4.101673088728191030e-01
0.000000000000000000e+00 3.741847560377506987e+00 2.567017092618457674e-01 4.709868251817897367e+00 5.027795272463023935e+00 -2.923607177402874235e+00 -2.444389645644716946e+00 4.782352550692289483e+00 7.889561289797830668e-02 -1.734674783516547469e+00 4.691129942988072621e-01
1.000000000000000000e+00 2.094296595452828313e+00 6.144653608431063674e+00 4.445135491710614062e+00 6.605541033152459107e+00 -1.549016349829754002e+00 4.834305577941468535e+00 3.307538784959752398e+00 3.494591406300203484e+00 4.239351631317950009e+00 -3.919573748103804878e+00
0.000000000000000000e+00 4.782948899454262381e+00 1.353207467405677544e+00 5.513204499575569351e+00 3.563594215664232845e+00 -2.917323622990415810e+00 -3.534001888604036523e+00 2.387502995833077790e+00 -1.323977457418515691e+00 -8.527283654633566190e-01 7.863591871028967617e-01
1.000000000000000000e+00 5.270988040847283784e+00 5.812007543429340117e+00 3.660682028294375279e+00 4.162964449678238310e+00 -1.414370203097157219e+00 4.159707391406081811e+00 4.165068014951889275e+00 1.886955897618469047e+00 4.417277747029808133e+00 -4.930230479641992680e+00
1.000000000000000000e+00 3.008625517915695990e+00 5.458082059970387867e+00 3.240615400704313309e+00 4.509765823685433439e+00 -3.093762501159317058e+00 5.972144082058774117e+00 4.960914187447907686e+00 4.074131962442210764e+00 4.208920215596327452e+00 -5.320314724070856371e+00
0.000000000000000000e+00 3.866488108697202719e+00 1.657025258868982664e+00 3.760999239896352542e+00 5.861892307137737568e+00 -5.161982433341741228e+00 -2.293311989881039903e+00 3.019532206562317800e+00 -4.504554178365002270e-01 -2.390691719531671477e+00 5.110549208151954348e-01
0.000000000000000000e+00 2.097632112900966739e+00 2.220805268274642419e+00 7.143122941095979783e+00 3.766798474723942913e+00 -5.337579575843850677e+00 -3.255914108666117635e+00 3.026698913866229468e+00 -1.295769966835667253e+00 -1.111498775396316141e+00 -1.056352993582999611e+00
0.000000000000000000e+00 4.220042963590147522e+00 5.475883212171079872e-01 4.631108305597870789e+00 3.146088874433251803e+00 -2.050790134651649055e+00 -3.687339736202931206e+00 4.940595893702897534e+00 -1.555420006970230862e+00 -2.737168958376368089e-01 1.004711832729724863e+00
1.000000000000000000e+00 3.554957707899980335e+00 3.457045194260721654e+00 4.030288791274685423e+00 4.755250753854972423e+00 -1.399908446963612274e+00 5.606370834673097825e+00 2.761558355110926843e+00 1.610594047887719649e+00 4.416835998393151108e+00 -6.134120925915715006e+00
0.000000000000000000e+00 3.864373893969880402e+00 1.018504733270220397e+00 4.937326955553396068e+00 4.250698081447992216e+00 -2.805021515488046013e+00 -3.278704476159331360e+00 3.265182693343324782e+00 -8.522321821156639832e-01 -2.232821420032700122e+00 -1.032591510045205441e-01
1.000000000000000000e+00 3.374750466346634337e+00 4.031804316739130201e+00 3.803719357455112249e+00 3.860084523121288136e+00 -2.461014990756813070e+00 6.467761901999306673e+00 5.033860205098562801e+00 1.935011134797804067e+00 3.247285460714729233e+00 -4.472663130521913999e+00
1.000000000000000000e+00 4.474423080106666006e+00 4.388039047807588133e+00 3.660302555249180134e+00 4.372470756007085235e+00 -3.301954856711181385e+00 5.129790049649630035e+00 5.416882628964803992e+00 2.576867344286357664e+00 4.376078823134766260e+00 -4.662088654930868437e+00
1.000000000000000000e+00 2.442068398406225249e+00 5.432116682842933919e+00 4.947828696117849034e+00 4.992170773046000321e+00 -2.610959663652876905e+00 5.706583165123472412e+00 3.775274682965835460e+00 1.816452581017049761e+00 5.081325361957461872e+00 -3.669634108677754192e+00
0.000000000000000000e+00 2.752042856023196649e+00 3.156072574502661876e+00 4.718910413273575521e+00 3.917772344277282048e+00 -4.077297134343831786e+00 -1.503775859580203100e+00 3.599418482348769821e+00 3.178977018712161318e-01 -1.164416285250021277e+00 1.621946287155045852e+00
1.000000000000000000e+00 2.274341456339553424e+00 4.324071323134013767e+00 3.610780144952707271e+00 5.233753285250585918e+00 -1.735186710306673596e+00 3.467743741449947237e+00 5.105926825323698459e+00 4.147297165430526178e+00 5.570251356306943791e+00 -3.840845419965559948e+00
1.000000000000000000e+00 2.833477679697833818e+00 5.894359728463891557e+00 5.503269431901371078e+00 5.359987009775338151e+00 -7.833936617599952523e-01 4.066111373611865254e+00 5.502394909462524630e+00 1.655434865161447222e+00 3.972313185274910730e+00 -4.309190669215611003e+00
1.000000000000000000e+00 4.067095251228510122e+00 2.371500386882055444e+00 3.821760179402633906e+00 6.402366934760384432e+00 -3.331277691030515076e+00 5.300444759955643015e+00 5.153292405910388396e+00 3.942542957180270147e+00 5.267845215002711967e+00 -5.591845174193313284e+00
0.000000000000000000e+00 3.808400041161808858e+00 1.576142406700856480e+00 4.531955674957233171e+00 3.640968417320158856e+00 -4.109772029487724687e+00 -2.114629948079500998e+00 3.019750298674545252e+00 -1.113266977471385033e+00 -3.246137197855107459e+00 -2.645570505598291433e-01
1.000000000000000000e+00 3.547939345898839303e+00 4.296899139783707966e+00 4.296248017447321210e+00 4.177226829490498616e+00 -3.678244942566933240e+00 3.479283702163635361e+00 3.957359248150064346e+00 1.666359536905643646e+00 3.030666451255430882e+00 -2.718535767080689780e+00
0.000000000000000000e+00 3.114963954036608307e+00 2.665680022896289358e+00 4.807772302550618271e+00 3.623553011057913054e+00 -2.824783788095906800e+00 -3.638360592631350698e+00 1.827677014599377481e+00 -2.373715204081079833e+00 -1.185256556902844149e+00 -1.215613708954872418e-01
0.000000000000000000e+00 3.980274909641815295e+00 3.328204255532742906e+00 5.509611828006669043e+00 3.033256976233099422e+00 -5.690735471403680634e+00 -1.687358914625298967e+00 2.105558721696051627e+00 -2.497018318143232607e-01 -4.006960674696480318e-01 2.596168883900418223e-01
0.000000000000000000e+00 3.798574233199334849e+00 2.597750983269317970e+00 5.526386761419502136e+00 4.253971411687385462e+00 -3.802538586202635518e+00 -3.245479580376389173e+00 3.750620312246001564e+00 -1.381471819200693618e+00 -1.477336296406193350e+00 3.641006306080743493e-01
1.000000000000000000e+00 3.143499571100116796e+00 3.710661941018899235e+00 2.986195421834751063e+00 4.969422416182377233e+00 -1.677124673041268554e+00 4.026828169022911297e+00 4.398866762816587617e+00 2.879531547697534055e+00 3.515140412402566028e+00 -4.586779633938053102e+00
0.000000000000000000e+00 3.332773799579205054e+00 1.083720012361259588e+00 4.802089887703557380e+00 2.821158426668123109e+00 -2.165379045729316054e+00 -1.918558299216939433e+00 3.068523141217022854e+00 -1.805620887279476339e+00 -1.233781063336030437e+00 6.774008530065889211e-01
1.000000000000000000e+00 3.806163108996440059e+00 4.225798510722015067e+00 4.286374394128326770e+00 3.163558121115837451e+00 -2.940925826475900173e+00 5.096105155908722040e+00 4.915203058108304823e+00 1.693530228909916335e+00 4.090511122255922949e+00 -1.825461938702495068e+00
1.000000000000000000e+00 3.377596421664377235e+00 5.317188837930792111e+00 5.053925297080700929e+00 6.057449572068937194e+00 -4.568762104687649206e-01 4.893816605365391759e+00 6.298906058643725103e+00 2.557654772959267575e+00 3.540125480419899162e+00 -4.946277915036830564e+00
0.000000000000000000e+00 2.231139664134560441e+00 1.848565171163292664e+00 4.983386419305250392e+00 3.706940077999128391e+00 -2.267347650090849598e+00 -1.724251608587148432e+00 3.243722713087898946e+00 -2.665771476279887420e+00 -1.675818118818666713e+00 1.212223875371425841e+00
0.000000000000000000e+00 4.276094444616776791e+00 1.632774678965551063e+00 4.102535612537293375e+00 3.475007042912642952e+00 -3.119285033381034467e+00 -2.016882600389418023e+00 5.040430837214403326e+00 -3.246043337202142887e+00 -9.892988190213376498e-01 1.177831249550129744e+00
1.000000000000000000e+00 3.853901137549326172e+00 3.826427815719890102e+00 3.591190405190261004e+00 4.237735961957518782e+00 -2.439021328001151456e+00 5.389500182280273499e+00 4.848181378357407034e+00 2.802764590392475608e+00 4.633019994353408499e+00 -3.760259897818769126e+00
1.000000000000000000e+00 2.132781074033029078e+00 5.496921123022228350e+00 3.891129614898189537e+00 4.135039155802808786e+00 -1.991185778602940548e+00 5.962355711225015398e+00 4.540194036063121885e+00 3.857859772285261890e+00 3.621862542583984101e+00 -2.916732860537468941e+00
1.000000000000000000e+00 1.542400611554025192e+00 4.321548554277963916e+00 3.746063800154380896e+00 2.841387266362517927e+00 -2.916385374214052639e+00 5.568084793219738593e+00 5.952396817636971704e+00 1.675266856462963361e+00 2.316512010762827867e+00 -5.059116176815809496e+00
0.000000000000000000e+00 4.019053338902551786e+00 1.284146829127504219e+00 4.698824209118445339e+00 5.211172902231365534e+00 -4.714876777530177421e+00 -1.795944816941226652e+00 2.464388610657633372e+00 -1.153824151331933612e+00 -2.254442211162500875e+00 2.172022501799949268e+00
0.000000000000000000e+00 2.471256366739654986e+00 1.941014850688318472e+00 4.881550432479383694e+00 3.288545037400041338e+00 -5.145921992743324402e+00 -1.791440502774069632e+00 3.520079761435867649e+00 -1.412478949563451547e-01 -1.530746966203928805e+00 5.653700327993071983e-02
1.000000000000000000e+00 4.506280958165920225e+00 2.330583759184696735e+00 3.657454102180966782e+00 3.498915777373571068e+00 -1.559582270795154546e+00 3.039504843063056683e+00 4.222147379827373648e+00 3.341935001374833458e+00 3.274291579456940493e+00 -4.271470339943836514e+00
0.000000000000000000e+00 1.509649397250175440e+00 1.365379106771280160e+00 4.215250528367272764e+00 4.082612251786393642e+00 -3.222026892856847624e+00 -2.764903948688410829e+00 4.071117528530755258e+00 -1.619154759032704893e+00 -2.442799776004092926e+00 -5.828020543532121955e-01
1.000000000000000000e+00 3.412224678173914061e+00 6.112498063780506641e+00 4.430679046256119413e+00 5.100612808401130849e+00 -1.585837099451008481e+00 5.477659856578668496e+00 5.459759829791900998e+00 3.865821823656390599e+00 4.346400918125380208e+00 -4.016691575943832859e+00
0.000000000000000000e+00 4.031070855465028302e+00 2.265328034975576443e+00 5.613479049956623612e+00 2.035951086013714662e+00 -4.651419069615074342e+00 -1.836940749772474124e+00 3.490279672311511483e+00 -2.057149588731702394e+00 -2.884962930279683757e+00 3.247573918237118384e+00
1.000000000000000000e+00 3.091048868333421851e+00 3.940344378841437400e+00 4.647640464001836946e+00 5.086457986900681405e+00 -2.038266467385625891e+00 6.247759195916685826e+00 5.546625832138969869e+00 4.065453790249156540e+00 3.938302003996378087e+00 -4.147200953984868654e+00
1.000000000000000000e+00 4.138654441761529412e+00 4.471375366850787181e+00 5.294083675901704034e+00 4.346670068014452326e+00 -1.331527871408308306e+00 4.531959572086813104e+00 4.285365350736683787e+00 3.956407838694063983e+00 6.084749861533830462e+00 -4.396407777803284844e+00
0.000000000000000000e+00 3.091906999999546546e+00 1.979649944806245010e+00 5.118980749853597523e+00 3.858785907065018339e+00 -3.267105520681587993e+00 -4.578895513417952756e+00 3.758246893085689599e+00 -5.910634144912851884e-01 -2.482122955262492159e+00 1.035530282258985135e+00
0.000000000000000000e+00 3.594186956280097434e+00 1.977821687110841609e+00 6.797384014344321379e+00 5.536018032370964015e+00 -3.596371368062108775e+00 -2.499489757129438772e+00 2.832445346810050779e+00 -6.122647622127654898e-01 -3.270462999337267362e+00 1.291883190390775926e+00
1.000000000000000000e+00 3.573994593091357252e+00 5.361783013073935678e+00 4.399059240557370742e+00 5.525251175347100308e+00 -1.650195189583314015e+00 4.314213532675568175e+00 6.177490950382001245e+00 2.524716097459791087e+00 5.061428202969639578e+00 -4.340687683158909849e+00
1.000000000000000000e+00 2.863820934966552656e+00 5.357974300045170502e+00 3.326727074952749774e+00 3.493626563181511990e+00 -3.852227077984625936e+00 3.262040360957735530e+00 4.814280990350750855e+00 3.486956353185385549e+00 4.262900203590283432e+00 -4.713728687230358538e+00
0.000000000000000000e+00 3.230338781811373572e+00 1.658175390339785338e+00 5.182960700064088044e+00 3.573108730845679482e+00 -2.821360989665888219e+00 -1.772724015583246882e+00 2.313992814700298162e+00 1.837055262955951118e-01 -7.316235229966557840e-01 -4.363966633279170448e-02
0.000000000000000000e+00 2.974713256314938992e+00 1.923545606994072843e+00 3.354542869005873840e+00 4.796814603695878532e+00 -4.972896561304109397e+00 -2.455341220061343144e+00 3.224067557210571255e+00 -1.750915219843044657e+00 7.003915945736460813e-02 -4.301906752462218986e-01
1.000000000000000000e+00 2.722449479542487616e+00 3.282229685159482990e+00 1.942768446274938832e+00 4.677671649635268381e+00 -1.842532309928137657e+00 5.543598045970320243e+00 6.632065521073180037e+00 3.272958091437290662e+00 3.998550977403632967e+00 -5.845900414233776488e+00
0.000000000000000000e+00 3.014001894094647138e+00 4.533174437598337381e-01 5.640417556106590347e+00 4.987429847837279162e+00 -1.953485781601737248e+00 -1.061703549200728736e+00 3.510169191857996918e+00 -7.418620650211423806e-01 -2.304424245556063067e+00 1.280067142375480138e+00
0.000000000000000000e+00 4.982682566635703303e+00 2.463600974301153990e+00 4.284754447199575544e+00 3.846194294761642318e+00 -1.970763515511527730e+00 -3.548303547540097025e-01 2.978154209599262359e+00 -1.246739526773420037e+00 -1.827773919618979948e+00 9.411748838910947157e-01
1.000000000000000000e+00 2.033787262580768918e+00 5.460697508945965950e+00 2.933212861771666624e+00 5.821791915363412784e+00 -1.798091609845823724e+00 4.427030161782018247e+00 6.163857082946742061e+00 3.970342710706840528e+00 3.053151331336846575e+00 -4.613886433051277436e+00
0.000000000000000000e+00 2.855587873037722879e+00 2.111423000898565050e+00 2.974331849167602293e+00 3.425335706058712848e+00 -3.426821429285318299e+00 -2.105420156986176128e+00 3.124475618731958448e+00 1.015866873277237126e+00 -2.217802298929346883e+00 8.885480824970364289e-01
1.000000000000000000e+00 2.362975863800111487e+00 4.831899683020744796e+00 4.078828865731453313e+00 3.903950798349570483e+00 -3.299434063435429110e+00 3.178231455308401010e+00 5.793732340571741801e+00 3.565399973868549566e+00 3.276937986081775556e+00 -4.084657433862481035e+00
0.000000000000000000e+00 4.409632085936548762e+00 1.667322515606937339e+00 6.031814890715073929e+00 4.134843542404285976e+00 -3.960963783679664285e+00 -2.637367385612163329e+00 5.006341678296291064e+00 -9.944064773053938877e-01 -1.041168224717241575e-01 5.644823963587173310e-01
1.000000000000000000e+00 4.081511757197658241e+00 5.256998319035720790e+00 1.738948125849869797e+00 5.150875655237440398e+00 -2.864647133144130109e+00 3.740376814151242790e+00 4.829783442796914628e+00 4.068702818334660520e+00 4.524239586654613454e+00 -3.929250873565938385e+00
0.000000000000000000e+00 4.546913057400558955e+00 1.353201924078325291e+00 5.316235996993987634e+00 4.536426725127379989e+00 -1.894304348531290927e+00 -9.857292819558780561e-01 3.283939590863795388e+00 -1.923891508459816491e+00 -2.251669849849324390e+00 -5.583226430384000682e-01
0.000000000000000000e+00 4.749371209744277067e+00 5.595854418571128974e-01 4.250129805210410616e+00 1.964924485785571218e+00 -2.856692213419338877e+00 -2.310796558296746461e+00 2.203826507101103616e+00 -1.459408453051865617e+00 -2.602034796955150497e+00 2.964518517122181618e-01
1.000000000000000000e+00 2.862690273976550959e+00 4.114635636869638624e+00 2.451519694592270149e+00 5.483833469366230062e+00 -1.036744007613434215e+00 4.860833091363591763e+00 7.175684609307005246e+00 2.625209793873950481e+00 4.324212449018371984e+00 -5.213037269985652422e+00
1.000000000000000000e+00 3.043064046629190056e+00 3.035617117477225513e+00 4.091606846392978447e+00 6.366342991549025498e+00 -1.501280456468617519e+00 6.037056509910472712e+00 5.396925253690383784e+00 3.059547090376981693e+00 4.022965725838064444e+00 -4.744345396871734621e+00
1.000000000000000000e+00 3.855589029066440965e+00 4.096363703791506161e+00 3.567713646442347564e+00 4.408534251586784691e+00 -1.803314063564729564e+00 4.341609635811885859e+00 5.518850431327930295e+00 4.061395797220866299e+00 4.838335519841653110e+00 -4.676976290327539587e+00
1.000000000000000000e+00 5.241485289200545239e+00 4.807449110110499468e+00 3.335907470993817459e+00 5.417164792288084563e+00 -3.030379661556068527e+00 3.534487998506554263e+00 6.199181025180492632e+00 2.296867220979097901e+00 3.815303551824992034e+00 -2.763982208570074484e+00
0.000000000000000000e+00 4.074116322556294634e+00 1.679805795662367096e+00 5.847256377652935377e+00 3.871913723584525346e+00 -4.434196810895494778e+00 -1.990405136991075796e+00 4.936472675486154316e+00 -3.490365833489471603e-01 -7.196549288150492218e-01 1.940967947499592450e+00
0.000000000000000000e+00 5.057151771907971494e+00 2.695602251619297451e+00 4.906539817101337242e+00 2.963420971682328542e+00 -3.799016906358794188e+00 -1.301124120869377787e+00 4.096807210692366752e+00 -9.261145816510774065e-01 -9.545558255382288193e-01 8.738328199688525366e-01
1.000000000000000000e+00 4.125843900502337291e+00 3.815769630947767332e+00 3.258538173626280177e+00 4.265320849927039859e+00 -2.608832796276523425e+00 5.057553365541569868e+00 4.464506215243947196e+00 5.894884696741007346e+00 4.740488996620869422e+00 -3.682738146448963690e+00
0.000000000000000000e+00 3.104169176867955571e+00 2.589453715073633866e+00 5.028806179412097954e+00 2.135662642355796059e+00 -4.129959178001073816e+00 -3.902313059222519698e-01 4.656076172378245559e+00 -7.560790237582870610e-02 -6.063255859078964249e-05 -4.734011533032240759e-01
0.000000000000000000e+00 4.288940843856117624e+00 1.818153527710633766e+00 4.210471121290485286e+00 2.835071731444589460e+00 -3.472321059194747761e+00 -1.258866978953147253e+00 9.506774468940553113e-01 -1.044775186062959493e+00 -2.644692586988141692e+00 1.874943618760647635e+00
1.000000000000000000e+00 3.039824347615887934e+00 4.892034860659597584e+00 4.099050192592470054e+00 6.209216468811549205e+00 -2.650271948531752741e+00 5.205295692461601398e+00 5.881993894313929161e+00 3.558510742967406770e+00 4.107609164544753000e+00 -3.585094948541624582e+00
1.000000000000000000e+00 2.379820251155988498e+00 4.395839475454608625e+00 3.491947908799511335e+00 6.309825493973268529e+00 -2.663213744849621811e+00 4.475758265974660866e+00 5.076625361010530746e+00 3.020267108506905718e+00 4.547208005386563556e+00 -4.933737475685949114e+00
1.000000000000000000e+00 1.637002896711546862e+00 2.025174393657001470e+00 2.744945975832107088e+00 3.628765721995624638e+00 -3.362412224640242364e+00 4.860589756211242118e+00 5.541375856162151337e+00 3.600942011507872742e+00 4.592598336518124214e+00 -3.701855513759434668e+00
0.000000000000000000e+00 2.503989573084701270e+00 2.050052740575547983e+00 5.453070314952281450e+00 3.578218916613601142e+00 -3.722858204101528568e+00 -1.282839886874202140e+00 3.543045638772537309e+00 -7.562131318961534676e-01 -6.013027564885131682e-02 -2.850264099455360745e-01
0.000000000000000000e+00 2.619795507473315688e+00 2.465206983897449966e+00 3.778564850507944328e+00 3.711243969148574351e+00 -2.467219112258879576e+00 -2.285200067218532194e+00 2.595491169810822729e+00 -8.241877351434956367e-02 -9.568983502720299628e-01 -8.054595048848938177e-01
0.000000000000000000e+00 3.443099319134129921e+00 1.280580485929752044e+00 4.916354950026889270e+00 4.781109743432651271e+00 -3.720298222129311494e+00 -1.020763484195951198e+00 2.360836465311768606e+00 -1.388991336218124539e+00 -2.576149633613095347e+00 8.956818813620480713e-01
1.000000000000000000e+00 4.068590214073876332e+00 5.128763843965428393e+00 3.296299543064101556e+00 4.807705235042155856e+00 -4.065756497480089493e+00 3.973867276093808076e+00 3.498966149661385305e+00 2.824260379145867361e+00 4.262854676554716171e+00 -5.006154606691521458e+00
1.000000000000000000e+00 3.248078845644165380e+00 5.877819714270181350e+00 4.213785846499118470e+00 3.949393809796678312e+00 -1.101828696704191035e+00 4.093028679706129935e+00 3.525995426630974094e+00 3.235213308977721081e+00 3.843940069682060923e+00 -7.474685409160842120e+00
0.000000000000000000e+00 2.617069320120165798e+00 2.124935454187923511e+00 4.526083841227372950e+00 3.788168510434204883e+00 -3.768795445873347028e+00 -1.229953185139438077e+00 2.218758436660391631e+00 -1.503963935251258377e+00 -1.056096005869648913e+00 6.096214585513094475e-01
1.000000000000000000e+00 3.013565302835587989e+00 2.522325717547824198e+00 3.804589551593810626e+00 4.274794927639527842e+00 -2.295604844354438789e+00 5.698449617250638255e+00 4.380170744150267303e+00 3.572659052745866148e+00 5.374782741488397519e+00 -4.503880159802648997e+00
0.000000000000000000e+00 5.232400040221131476e+00 7.934816433687303938e-01 3.288285812267384145e+00 3.182639424067655209e+00 -4.128537943743358696e+00 -1.140631008059683094e+00 1.729130624364673130e+00 -2.147055084575117068e+00 -1.409982452019391985e+00 -7.058941004718242151e-01
1.000000000000000000e+00 4.826997217926829009e+00 4.740422492947088173e+00 3.264378605327540317e+00 4.310120234042961407e+00 -2.673396270799347274e+00 5.412356409826485582e+00 5.233204004659939734e+00 3.640394432521917523e+00 3.806214532865228151e+00 -3.762489181639927072e+00
1.000000000000000000e+00 1.344520226871857460e+00 3.304415407085469880e+00 3.907415006392759071e+00 6.296396531330689328e+00 -2.072243314279777149e+00 4.849656918118006033e+00 5.604989011514954100e+00 2.799331082256692138e+00 4.748389538522630460e+00 -2.221591361073270043e+00
1.000000000000000000e+00 3.192939020048100929e+00 4.460381532811664940e+00 3.725121680287355019e+00 3.292771496168054313e+00 -2.559112066723187695e+00 3.787982627735335672e+00 4.968728624601379096e+00 2.419662139348594643e+00 4.707039947927787793e+00 -5.493911661711588401e+00
0.000000000000000000e+00 3.033319279127156154e+00 1.828802869700197231e+00 6.174177083020277124e+00 3.350505928788492405e+00 -2.448753395978494396e+00 -1.374584941144834538e+00 3.409379833258398662e+00 -1.360733854173728830e+00 -3.426727436915593117e-01 4.130455731839202116e-01
0.000000000000000000e+00 4.353018399087345003e+00 1.685926453355340859e+00 4.974651667490175733e+00 3.607164884848127251e+00 -2.992906895911777720e+00 -2.521947883801849866e+00 4.095042494438683178e+00 -1.956823715535960240e+00 -1.355929582941366451e+00 -8.302618996936761420e-02
1.000000000000000000e+00 2.540712724509995635e+00 4.542521584831597181e+00 3.952749809928991276e+00 4.374484874341438179e+00 -2.543890536490252430e+00 4.680176000251042190e+00 6.324925929474688679e+00 4.584450928473149389e+00 4.875045937260630069e+00 -5.684790796408762503e+00
1.000000000000000000e+00 2.855325538972428134e+00 4.609470154842190581e+00 3.467225956878564830e+00 5.374652252252909435e+00 -2.859943455023656433e+00 3.792531835573830001e+00 4.611351615956451155e+00 1.235715688845822946e+00 4.164213950055033031e+00 -5.415298003815133931e+00
1.000000000000000000e+00 2.688200017979831102e+00 2.708251281847379843e+00 3.285009500086287115e+00 3.245751290197638639e+00 -2.235027344746329803e+00 4.822758850785758611e+00 4.653210522924321246e+00 2.911734816755195965e+00 3.318572990936970779e+00 -3.112756196418505983e+00
0.000000000000000000e+00 4.009038316442794958e+00 8.241345837148683628e-02 4.905695825386155562e+00 2.989936158084342210e+00 -4.507968152236335513e+00 -3.375365733358856257e+00 5.135202307202595406e+00 -3.665419708845691904e-01 -2.172217434356947585e+00 2.283049423851168380e-01
0.000000000000000000e+00 1.387974919268743612e+00 8.270440975165057607e-01 6.230530155970744666e+00 4.252720463012185981e+00 -1.751924359616717553e+00 -3.272435143101436239e+00 3.457968419648001390e+00 -1.424840619408984654e+00 -2.836412311996423075e+00 2.121772420030373585e+00
0.000000000000000000e+00 2.766796052652888083e+00 1.624107800039993998e+00 4.768206502126383306e+00 3.697080435382070096e+00 -3.577282911659266151e+00 -1.492135833783061249e+00 3.010571646008002755e+00 -1.935354916673985404e+00 -1.804234526249429704e+00 8.244358697211320308e-01
1.000000000000000000e+00 1.813243373157436666e+00 5.201890330286140340e+00 2.895145574227150131e+00 5.051180752418910735e+00 -2.147913374582870905e+00 3.923170777741298743e+00 4.422655090121290655e+00 3.207718344738421656e+00 4.060710966370407071e+00 -3.454414411509912686e+00
1.000000000000000000e+00 2.274651002286072199e+00 4.685062830699670222e+00 3.772781644633528497e+00 4.334852439922674883e+00 -1.972506344711358883e+00 3.026393453921327303e+00 4.788601404060046640e+00 1.904468060080134251e+00 6.583518779150019817e+00 -3.808195084751937909e+00
0.000000000000000000e+00 1.727890529277365195e+00 2.036770688070216995e+00 5.409896364907148758e+00 3.107436886782081853e+00 -4.710064707310198884e+00 -3.590282700577559272e+00 2.951062751476106083e+00 -1.781257918898361048e+00 -2.030629207859509400e+00 1.343858613422340920e+00
0.000000000000000000e+00 3.517031296097176352e+00 1.656604833059848847e+00 5.472067791872301967e+00 3.369843404238597628e+00 -3.630440736535145430e+00 -1.178426047177286051e+00 3.783140633867677849e+00 -1.117095204257526619e+00 -5.621560765505755342e-01 1.173170320030627156e+00
0.000000000000000000e+00 3.784366208439261747e+00 2.761367460173423272e+00 4.646984553045484745e+00 3.528176309101370478e+00 -3.239278046654877397e+00 -1.776750277132926659e+00 3.365075301849511646e+00 -1.617961774928059482e-01 -1.246540558659725129e+00 2.225404875917455172e+00
0.000000000000000000e+00 2.892567386903799775e+00 4.605678881384442924e-01 5.649758311380376874e+00 3.757295274955922970e+00 -2.786469784583325282e+00 -9.827840715688704876e-01 4.286725847802756562e+00 -2.066212898437850942e+00 -1.151378411132940816e+00 -4.811672888000706472e-01
1.000000000000000000e+00 4.376961007013084881e+00 4.354483775211358321e+00 3.036657902311821644e+00 4.374621208838063602e+00 -2.081834977389729779e+00 3.636771602179230456e+00 5.086110682212424017e+00 2.888166206527939650e+00 5.980197185441592289e+00 -6.218719327112609996e+00
