0.000000000000000000e+00 -3.113152148424719101e+00 -4.491493853337957809e+00 -3.622772270219332569e+00 9.060817329301885437e+00 4.906896280094572127e+00 -1.767776634658315471e+00 6.776379034451363914e+00 -3.438344002735473914e+00 -3.460325460846128909e+00 -2.219442135483186140e-01
0.000000000000000000e+00 -3.287652450749373401e+00 -2.149033282403812084e+00 -4.736482249798944721e+00 9.461888209327439014e+00 5.694431104601785698e+00 -2.391769979267382329e+00 6.846924251097025405e+00 -3.046910256125052285e+00 -5.010710336282363286e+00 -9.221082703360077293e-01
0.000000000000000000e+00 -2.721011763651187465e+00 -5.357614353463048928e+00 -4.604469990131105916e+00 9.666854999364726808e+00 5.210421358002926162e+00 -1.094150800792302869e+00 7.147900345362570462e+00 -4.008941129625785749e+00 -4.298147816310718738e+00 -7.134474346404933165e-01
0.000000000000000000e+00 -3.608867974479440299e+00 -4.166872183752412973e+00 -3.717901838962686778e+00 9.048109490647178177e+00 5.401590304225931227e+00 -1.163107124042732643e+00 8.234080971776329250e+00 -4.533891710304791545e+00 -5.262939675492144254e+00 -1.358724175750811947e+00
0.000000000000000000e+00 -4.019277820436467863e+00 -3.751257446009693908e+00 -2.868398376639745617e+00 9.846413761685560928e+00 3.468822386454178286e+00 -2.136312821133127038e+00 6.409156586260547073e+00 -3.672280019951754237e+00 -4.143696274598510421e+00 -1.621216852606657266e+00
1.000000000000000000e+00 9.976952206856246619e+00 -5.135790359828015461e+00 2.789881859312981049e+00 4.425711297760434704e+00 -4.707247524471736000e+00 -4.735439689787026118e+00 -5.232222515950452291e+00 -1.666295101003236467e-01 -2.636881659692694058e+00 -1.631002397738283149e-01
0.000000000000000000e+00 -2.868090050223668808e+00 -4.151728421123833890e+00 -3.419942078301091648e+00 1.042643745661960608e+01 4.349004321250331984e+00 -2.564571508023449908e+00 6.439973640201682947e+00 -3.623577105561339717e+00 -3.665417950843030681e+00 -9.684615862308914025e-01
0.000000000000000000e+00 -4.391173534031126202e+00 -3.559286129631524798e+00 -4.936199246162817467e+00 9.289934350564779564e+00 3.896702471512442756e+00 -1.618829148378733596e+00 7.252090247522851918e+00 -3.994354640091255959e+00 -2.864550342008429951e+00 -9.658579912100507814e-01
1.000000000000000000e+00 1.156715255081612881e+01 -5.725822099116792963e+00 2.186391641886716641e+00 3.690378239834395391e+00 -3.700184059178362794e+00 -2.417568868494996970e+00 -5.459364685568014686e+00 -8.367789130500180583e-01 -6.028487168513048111e-01 4.218140575831836325e-01
1.000000000000000000e+00 8.464606214529768025e+00 -5.028133383551210756e+00 2.490337058428369943e+00 5.672147170574504571e+00 -5.538478723362916689e+00 -3.866457599020468816e+00 -5.055127696638371582e+00 -1.313876176795443218e+00 -1.336388991832010431e+00 -1.044868560739109054e+00
1.000000000000000000e+00 1.010407798949411884e+01 -3.094150021036534692e+00 3.230877210333162886e+00 4.635773818460641849e+00 -5.620083624544186307e+00 -6.019533158696527053e+00 -4.111842303885107519e+00 -8.214805614185671789e-01 -2.639384273638615053e+00 -9.007248278361081884e-01
0.000000000000000000e+00 -2.268885827607423078e+00 -5.000981272436159308e+00 -2.607145200796032292e+00 9.990104437030135287e+00 3.116014079435759587e+00 -7.860312330496768141e-01 6.242490828684470472e+00 -4.465449984030531283e+00 -3.535813582711450298e+00 -1.487474605354200730e+00
0.000000000000000000e+00 -2.645425285563502094e+00 -5.138529097222439113e+00 -5.022673242923714199e+00 9.524379847134293087e+00 4.133591569636959839e+00 -1.345219988478075113e+00 6.319481832511734787e+00 -4.503590488427201777e+00 -3.607830779790439202e+00 -7.102341162150441756e-01
1.000000000000000000e+00 1.053982387864521719e+01 -5.077868302553080859e+00 4.120575115452818515e+00 3.519476266585437330e+00 -4.327624942554124665e+00 -4.905849648664469598e+00 -2.621665276563846181e+00 -3.755252532210954231e-01 -1.658603689338846277e+00 1.682833262432560595e+00
1.000000000000000000e+00 1.033168516311257257e+01 -4.447183372854659034e+00 4.761834530760761908e+00 4.120824872287345286e+00 -3.623087206708230923e+00 -3.425224023351384872e+00 -4.983479164642269588e+00 8.094443807680409275e-01 -3.607911617240612046e+00 9.992301719316565300e-01
1.000000000000000000e+00 9.270944789354404136e+00 -4.497223969400304888e+00 4.491851465383625452e+00 3.563871403344293309e+00 -6.678902353955288085e+00 -6.240286144773960153e+00 -5.246650740261979529e+00 -5.491510760659882306e-01 -5.863871891691880833e-01 -6.009138145385396479e-01
1.000000000000000000e+00 9.425860564585594403e+00 -4.689274248543875423e+00 3.568835459776371621e+00 3.368841054551137137e+00 -4.668052531619987455e+00 -3.594236499344972025e+00 -5.945269712469665180e+00 -2.776390515498713962e-01 -1.209607472208054091e+00 -3.407690700483830826e-01
0.000000000000000000e+00 -8.322524712755559051e-01 -3.514807283790574832e+00 -4.211962829147360310e+00 1.014378722875490446e+01 3.734052611953239342e+00 -9.021718931442619382e-01 7.746065281204996822e+00 -4.391489950872235148e+00 -4.410997630790217450e+00 -3.738882776390102691e+00
1.000000000000000000e+00 1.005752837587766813e+01 -5.222450499489912801e+00 4.194348012123559677e+00 4.715725078881627397e+00 -5.243533444018575018e+00 -4.548463295467167100e+00 -5.220388606204219961e+00 -1.459830932099266398e+00 -1.263086045558166060e-01 2.944606863119297313e-01
1.000000000000000000e+00 1.022525182033330360e+01 -5.478036454492468899e+00 2.349705514372706361e+00 5.682815566958736575e+00 -5.348905280954109109e+00 -3.046922678693590569e+00 -6.180320899676409852e+00 -2.042631261681586707e+00 -3.376427928818759305e+00 5.725731910969652505e-01
1.000000000000000000e+00 1.016782093866059000e+01 -5.198530615044988146e+00 3.417646548938920503e+00 5.567356868647760137e+00 -5.137897190113675627e+00 -4.620350234961734692e+00 -5.459644494818578053e+00 1.260487323399767656e-01 -2.115224559820761741e+00 7.886904905619216422e-01
0.000000000000000000e+00 -2.280106655708238339e+00 -3.653995402888484012e+00 -4.228603967559238619e+00 9.105538675165179896e+00 3.705322188113594262e+00 -1.762218007712531342e+00 6.751609518108403485e+00 -3.150790938092004723e+00 -3.880889978697882547e+00 3.033539421035964523e-01
1.000000000000000000e+00 9.787628678850856190e+00 -5.670268062965366340e+00 2.283649969827573400e+00 3.514741925103515463e+00 -5.630274362199349625e+00 -5.029282572987700206e+00 -5.652446258011607938e+00 -6.331522110407017401e-01 -1.581644199509608661e+00 7.108005398939359898e-01
0.000000000000000000e+00 -3.487588190048064973e+00 -3.497477658909540210e+00 -3.044545359275548257e+00 8.690258262098129904e+00 4.413770071225741276e+00 -1.831097843621583010e+00 6.319985388356000655e+00 -4.386328558416606960e+00 -4.624545054644866759e+00 -3.452048819216974263e+00
0.000000000000000000e+00 -6.392663445381027820e+00 -3.957066132247253343e+00 -5.994543706492176049e+00 1.068433072364993386e+01 4.779464024590367011e+00 -1.239659633616011947e+00 6.484866086729802248e+00 -3.854395549673790722e+00 -3.490069249858443357e+00 -1.481295762685175266e+00
1.000000000000000000e+00 9.847069877354265088e+00 -4.410354565932071758e+00 1.707933165835176847e+00 4.006788757768850573e+00 -5.391496229514820548e+00 -3.836654333813774631e+00 -5.111920752329732309e+00 -1.933342762438862994e-01 -3.023132795958571872e+00 8.215823902285908364e-02
0.000000000000000000e+00 -3.202439533907792235e+00 -5.320746799046075282e+00 -3.509320354324598767e+00 1.004810188476470145e+01 4.297321130946978762e+00 -6.559250885511140883e-01 5.638637020080080831e+00 -3.417499755356443458e+00 -4.335706906252007720e+00 -1.580728413358555295e+00
0.000000000000000000e+00 -4.768137626993464551e+00 -5.017849261244864856e+00 -2.711676145313108854e+00 1.030475721507364106e+01 3.327764854315375498e+00 -2.518257873776879041e+00 6.254583543621832220e+00 -4.703683136251122221e+00 -3.977815344507399153e+00 -1.263405739915195003e+00
1.000000000000000000e+00 9.224444953212502796e+00 -6.763411700703306551e+00 1.071094810872077474e+00 2.896364285712086151e+00 -6.402558806624619514e+00 -4.404749030316073011e+00 -5.252457330596376650e+00 -1.270631850705229660e+00 -1.842658328077268814e+00 -3.007537227881552089e-01
1.000000000000000000e+00 8.811588017853893007e+00 -6.716872428473625867e+00 2.531523098405163985e+00 4.177228457860466371e+00 -3.917171399093930972e+00 -3.851558745205391432e+00 -7.155797741491945807e+00 1.055072477741279657e+00 1.822197609008728847e-01 8.519571228586333422e-01
0.000000000000000000e+00 -3.222845225110916978e+00 -4.386895212087575047e+00 -3.974230490963916118e+00 9.258897680245965489e+00 3.194328232391360434e+00 -1.535206099757905562e+00 6.470985654258107900e+00 -3.289017275751446867e+00 -4.062084004274305826e+00 -2.092746179350168045e+00
0.000000000000000000e+00 -2.840119183020801241e+00 -5.549756946145183889e+00 -5.931057054846094800e+00 1.019715799176312743e+01 5.445418007334632549e+00 -1.073063986941763304e+00 7.281710532486977527e+00 -4.524944351983261726e+00 -5.297618864936072924e+00 -9.367089549011561322e-01
1.000000000000000000e+00 1.144608105557315980e+01 -6.559947978691897497e+00 2.429282900979290005e+00 3.913120558258088799e+00 -5.367346306387638322e+00 -3.356593638406427882e+00 -4.753033842617994331e+00 9.662212916945043251e-01 -1.363459302186861066e+00 1.756869948174983431e+00
0.000000000000000000e+00 -3.623694753160726201e+00 -4.912361699697772366e+00 -6.188532558807348316e+00 1.084677751724569106e+01 4.827442104302820169e+00 -3.453353641917728645e+00 6.872277455372123534e+00 -4.021869283784779370e+00 -5.188242946664028743e+00 -7.110213151186846048e-01
0.000000000000000000e+00 -3.277306175167054469e+00 -4.530450772193641562e+00 -3.353207039735822459e+00 9.293837556666556310e+00 4.538907974095658382e+00 -1.971103511719459078e+00 6.376833069847998914e+00 -4.000803329947644649e+00 -3.853392911246715347e+00 -1.320981491927534002e+00
1.000000000000000000e+00 1.033568799460750220e+01 -4.388970859660441093e+00 4.420509189480981149e+00 3.401275567988508275e+00 -5.181340366727100744e+00 -3.465774894081477431e+00 -4.602182353361744305e+00 -9.320373518244812194e-02 -8.877838956504058299e-01 1.012077584576596134e+00
1.000000000000000000e+00 9.043485035021829432e+00 -4.669437625172638384e+00 1.978304288720785564e+00 3.144510815906889967e+00 -3.525847524241045861e+00 -3.067064203677937861e+00 -5.965248798273002251e+00 2.025517222884254398e-02 -2.459571630590367430e+00 -2.110650760654468605e-01
1.000000000000000000e+00 1.097195366706487896e+01 -5.165990285099444357e+00 9.837156878438002572e-01 4.029762730223172440e+00 -4.302897088131838466e+00 -4.339149443014286511e+00 -5.117319737099641941e+00 -2.121183333690471184e-01 -6.574226005967069852e-01 3.809446931536160652e-01
0.000000000000000000e+00 -4.681011546902055898e+00 -3.950618010224851151e+00 -5.960391965558024197e+00 9.025401506240557481e+00 3.457159792993014680e+00 -3.068378361414239919e+00 8.310153482328235697e+00 -4.337997685476573828e+00 -4.368768809223015026e+00 -1.011190775875078440e+00
0.000000000000000000e+00 -3.684834690090741827e+00 -6.379443368823787708e+00 -4.739780791973643659e+00 9.100874723367656571e+00 4.442460093468468152e+00 -2.801311261933703278e+00 5.551921361493478813e+00 -3.986463542795094739e+00 -4.113984244033327187e+00 -1.955328115450280180e+00
1.000000000000000000e+00 9.118546901663091120e+00 -5.367758925461233233e+00 4.493924169642740551e+00 5.455871135835312913e+00 -4.529718837122818087e+00 -4.466206398292156265e+00 -5.937958777686663581e+00 2.341485752054094371e-01 -1.039800484520771562e+00 -3.188043252223622948e-01
0.000000000000000000e+00 -4.109239772559888593e+00 -4.834896871042090538e+00 -3.019412312038272983e+00 1.062184864980503107e+01 4.373899158864872128e+00 -2.232160786593419655e+00 6.879863505004105484e+00 -3.484838107594454559e+00 -3.607720943440415606e+00 -6.751413278605771229e-01
0.000000000000000000e+00 -3.955789494891810865e+00 -5.425737735137194484e+00 -4.311624026456832404e+00 9.795774532730339601e+00 4.473705680956145514e+00 -9.228419763560493649e-01 7.255823010107430804e+00 -4.499382031268946314e+00 -5.682080464019348298e+00 -2.769943446285196842e+00
1.000000000000000000e+00 9.096705532760470447e+00 -5.154789817594402912e+00 1.387827983780405949e+00 4.578516944364061203e+00 -4.009403206556988231e+00 -5.186171850792412386e+00 -4.950997484627060352e+00 -4.437465397753755370e-01 -2.784193904062953973e+00 -1.486727238249540284e-01
0.000000000000000000e+00 -3.500728156354262044e+00 -5.288516583329185394e+00 -3.524476083781695301e+00 1.023011384452673411e+01 4.626023184658682119e+00 -2.702372943760769086e+00 5.894437166545874796e+00 -4.070343027284674342e+00 -3.674592968877791410e+00 -1.725635348187354090e+00
1.000000000000000000e+00 9.914144793209789697e+00 -4.773294124466738175e+00 2.708596389560798734e+00 4.467576876067578695e+00 -4.389816577549630061e+00 -3.980097461042035878e+00 -5.476544840887545895e+00 -5.927499237858833148e-01 -6.561344452939017469e-01 -2.035734330842690898e-01
1.000000000000000000e+00 1.073727856101560896e+01 -4.751545023944388824e+00 3.370844413333266232e+00 4.326840880843919379e+00 -4.843162220334458645e+00 -4.501080027463911115e+00 -5.258153912327101054e+00 -6.408253095912535002e-01 -1.159819299783420465e+00 -1.444264511546222707e+00
0.000000000000000000e+00 -3.272812811228677177e+00 -4.466893780796421964e+00 -3.548251852590220246e+00 9.354801682023666132e+00 3.313071448430796817e+00 -2.009679319482531756e+00 6.117871302182114945e+00 -2.489568281187317211e+00 -4.064054597918151046e+00 -1.748633225493664289e+00
1.000000000000000000e+00 9.204359043383121275e+00 -3.816907745186575607e+00 1.535570595177167652e+00 4.034036253289974283e+00 -3.860035282089595565e+00 -2.845747055080125598e+00 -4.271429663380624575e+00 -4.518580101445930364e-01 -7.322396907118597920e-01 -7.165339920518136729e-01
0.000000000000000000e+00 -2.950408615742588836e+00 -3.393725224138973040e+00 -3.906644724863551410e+00 7.907469363222402237e+00 4.341329759650552234e+00 -1.231405635410368626e+00 7.005715006649932519e+00 -4.490336852912491850e+00 -4.521851784828081477e+00 -2.193028793312169711e+00
1.000000000000000000e+00 9.809358249277870812e+00 -5.860281960798029210e+00 4.501954096360407220e+00 3.473719956430479261e+00 -4.584077213198274769e+00 -4.226015164882746866e+00 -4.569898387403206641e+00 7.833909143939932207e-02 -1.526125559765797890e+00 -2.796633264602440327e+00
0.000000000000000000e+00 -2.396592019137304241e+00 -4.138990322387622101e+00 -5.103393719403229056e+00 8.988436993751346193e+00 4.429797012689197899e+00 -1.417020667950865009e+00 6.052360119543252814e+00 -3.346719676512779795e+00 -2.964113663143153055e+00 -1.473194145644126429e+00
0.000000000000000000e+00 -3.494121371845889001e+00 -5.138335817182221099e+00 -3.240708794518577296e+00 1.096860547484042137e+01 3.866496414209511734e+00 -2.756814627858865219e+00 8.604459095095059240e+00 -1.978915561240006227e+00 -3.564702825223980298e+00 -1.655773033875213240e+00
1.000000000000000000e+00 9.956682498972597273e+00 -4.115183430441400780e+00 3.066618876015235529e+00 4.142042583814723677e+00 -3.544555130926157815e+00 -5.349583434093395873e+00 -5.378721445539152768e+00 -5.667262934599024415e-01 -2.814258409663608518e+00 3.698408021920278621e-01
0.000000000000000000e+00 -4.466591800751765540e+00 -4.921959504138446739e+00 -3.733500741600285888e+00 1.022088261094477168e+01 4.014223594211364876e+00 -6.920343129439896490e-01 6.530049551524808926e+00 -3.412599913945881358e+00 -5.163389389511375605e+00 2.646424789109422804e-01
0.000000000000000000e+00 -4.094043247982712685e+00 -4.389632979217051201e+00 -5.087406113524479245e+00 8.677122288561152530e+00 3.270738445877565237e+00 -2.078749934899240870e+00 6.278453910066108534e+00 -2.952398534426318832e+00 -3.851118808755826795e+00 -1.662402101140751043e+00
0.000000000000000000e+00 -3.891866223252558932e+00 -6.576549478556165340e+00 -4.251156934951850985e+00 7.987989791652699623e+00 4.191977346070017596e+00 -1.050102530966199321e+00 7.054596327822780566e+00 -3.615093097507625419e+00 -5.652568777814078516e+00 -6.249205600673737315e-01
0.000000000000000000e+00 -3.734244652655685837e+00 -3.460860812723741908e+00 -3.034668135872521155e+00 9.768932018485271485e+00 3.422018023712429802e+00 -2.892969721531043259e+00 7.432210600517963783e+00 -4.436257576308893391e+00 -4.875786137708124635e+00 5.153320366796589891e-01
0.000000000000000000e+00 -4.525740980973236738e+00 -4.078067969337103804e+00 -5.327645589648160040e+00 1.028820274365416410e+01 2.414002024360100584e+00 -1.778891457657032271e+00 7.308291752909550354e+00 -3.589353726937337452e+00 -3.904649480756368085e+00 -9.244162990491184839e-01
0.000000000000000000e+00 -3.415857660163364784e+00 -5.376523703320491343e+00 -4.169492082009189637e+00 1.095254852546121782e+01 4.284440699624721738e+00 -2.516752928536034162e+00 6.719823912254254239e+00 -2.853963230179544119e+00 -5.559231256342759941e+00 -1.644632390440234904e+00
1.000000000000000000e+00 8.452880146114914339e+00 -5.612378167866332923e+00 2.522941629423187226e+00 4.496833859894140417e+00 -4.874440623110948501e+00 -4.796765959856970518e+00 -3.956571943667697600e+00 -1.466837636916511478e+00 -3.271701629885291229e+00 -1.105229191149738499e+00
1.000000000000000000e+00 8.885163102486830056e+00 -6.664216591330855977e+00 7.759955261970543638e-01 3.873891002539679551e+00 -5.382148634185885072e+00 -4.469275661823164825e+00 -5.152498407750339737e+00 -1.183925416371180983e+00 -2.968699964849931483e+00 8.542383255338739656e-02
0.000000000000000000e+00 -3.410270916587086809e+00 -3.743818900098743185e+00 -4.050657788785617441e+00 9.093716980091219426e+00 4.740580222566023849e+00 -2.732245485539979146e+00 7.636592403356098124e+00 -3.784541589049142285e+00 -5.059994225827761483e+00 -3.757852940742603121e-01
1.000000000000000000e+00 1.125334820706268424e+01 -3.636983428789524186e+00 3.245516513143467563e+00 5.192787363354112173e+00 -5.270665692772385391e+00 -4.425252130941090378e+00 -5.455326503910956859e+00 -9.268761286383442322e-02 -1.559020366093375465e+00 -6.313319258464756834e-01
0.000000000000000000e+00 -3.446718081399552158e+00 -4.847665327856435447e+00 -4.506786354859541710e+00 8.744898937071843292e+00 3.631406093707759464e+00 -1.883526274466075234e+00 7.158864349955047501e+00 -2.952864206599748353e+00 -5.087712239326648067e+00 -1.729789949984574138e+00
1.000000000000000000e+00 9.451988730421549079e+00 -5.834638056151463914e+00 4.141141424194461962e+00 3.580488575572312371e+00 -3.148273975111356648e+00 -4.114348939461598853e+00 -5.009771056560794023e+00 -1.229364557328669616e-01 -2.632470174072225610e+00 -5.829388986007433271e-01
1.000000000000000000e+00 1.111740676881068701e+01 -5.513569210819750488e+00 2.365036693526445521e+00 4.404494912061275969e+00 -5.396562882677965689e+00 -4.591160055136952245e+00 -4.996629861801992867e+00 7.992334558368803243e-01 -1.125202912228632446e+00 1.554608154133047537e-01
0.000000000000000000e+00 -4.295032494423987046e+00 -3.405535695733677315e+00 -4.789915765524268565e+00 1.026588903155765564e+01 3.888135272963679334e+00 -8.536160381746045189e-01 6.477722761325183320e+00 -3.792555576611597701e+00 -6.370735100742278334e+00 -3.023110450280251937e-01
0.000000000000000000e+00 -3.693278781262042454e+00 -4.299115468853936584e+00 -5.681501768363107274e+00 9.159789090493445585e+00 6.408490511602690454e+00 -1.160435885154222246e+00 7.959758574365745076e+00 -5.330096141720368053e+00 -5.579965433961428189e+00 -1.262827221169105618e+00
1.000000000000000000e+00 9.043702861743289745e+00 -4.325598430290760632e+00 2.571815849418127797e+00 4.201183058363383793e+00 -4.561411242532634525e+00 -4.744973656715242960e+00 -5.357649329052512677e+00 8.763497456674329555e-01 -3.732831045846292106e+00 -2.365312345519925419e-01
0.000000000000000000e+00 -2.801930296303414281e+00 -4.207080354273479372e+00 -4.884943583169617298e+00 9.570202993744311826e+00 4.221524267119067808e+00 -3.122626129043791998e+00 7.888772958498873500e+00 -3.479571838040819820e+00 -2.766938784880588198e+00 -8.383392274740428807e-01
1.000000000000000000e+00 1.023222338315044233e+01 -5.008413682048479032e+00 2.062159196767169078e+00 5.503646861898544351e+00 -4.128502308611706972e+00 -3.502349424670528677e+00 -5.136837779379481717e+00 -4.823984363797782504e-01 -6.750254281692220637e-01 3.734145248652676607e-01
0.000000000000000000e+00 -5.377904357451906314e+00 -3.035495662557710084e+00 -5.207876452625172625e+00 9.545935137414762295e+00 6.140483914066980020e+00 -2.045910902628623962e+00 5.933080227018549202e+00 -3.284131337974438125e+00 -3.576623407545126643e+00 -9.317694105212698252e-01
1.000000000000000000e+00 1.070727050683475667e+01 -5.124050661569800269e+00 3.009710958990383656e+00 3.424161086938957155e+00 -4.250725887814631676e+00 -3.854474951210444367e+00 -5.165953387133040309e+00 -1.746203174561808291e+00 -2.592224047243121721e+00 -1.165318734759483554e+00
1.000000000000000000e+00 9.704955314021953328e+00 -4.666869765991814134e+00 2.999044129557866700e+00 4.706659958053310611e+00 -4.597133769929214964e+00 -4.512660871506121829e+00 -5.836214347136887248e+00 -8.066093080317866537e-01 -1.322778514618428325e+00 -6.382499644153623031e-01
1.000000000000000000e+00 1.075214180178533319e+01 -6.000071176168378706e+00 1.300398769114415876e+00 4.714591002150061883e+00 -3.349478482234876431e+00 -4.504879498981104291e+00 -5.109385747118646570e+00 -1.632402647748795843e+00 -2.393356240158252213e+00 7.950937248885011632e-01
1.000000000000000000e+00 9.749783986133868652e+00 -4.782550806276359978e+00 3.416807062153316643e+00 3.177272200872325314e+00 -3.166319051771517845e+00 -5.221189956629449291e+00 -5.378304270854829205e+00 -9.251420746330671907e-01 -5.873992814972377463e-01 1.148822898320807973e+00
1.000000000000000000e+00 8.773667603356075873e+00 -3.703162782454082258e+00 3.457135877342946806e+00 4.187510285556599321e+00 -6.221837216008274218e+00 -3.962272940304979230e+00 -4.858581669341226927e+00 -1.483956542007602852e+00 -1.447375263768469811e+00 3.129992638509529468e-02
0.000000000000000000e+00 -4.485115695951323644e+00 -3.188724695462709313e+00 -5.647188494372125334e+00 1.005775188730279623e+01 2.463507294154223093e+00 -1.827190076542616781e+00 8.076122853466035423e+00 -3.227611307839213239e+00 -5.553620409101893252e+00 -1.713296325782263985e+00
1.000000000000000000e+00 9.683227744781937929e+00 -5.142438638391833905e+00 2.482247059678757140e+00 3.771974817907047139e+00 -5.384686710541067178e+00 -2.943489693872634483e+00 -6.799302366881397219e+00 -3.107389672957239779e-01 -1.511497895344647846e+00 -1.617674417154195909e+00
0.000000000000000000e+00 -4.307663934099941194e+00 -3.838024770064278002e+00 -5.391197566818026310e+00 9.633326980879942880e+00 5.552868371047457785e+00 -1.171693624078657070e+00 6.156019324044766705e+00 -5.255122005163249455e+00 -4.289642179115760179e+00 -2.357390287530165551e+00
1.000000000000000000e+00 8.655697635971712600e+00 -6.289636605399429925e+00 3.614963475939910076e+00 4.143319651335332310e+00 -6.922779908154216955e+00 -4.314486508530841036e+00 -6.907516038776723377e+00 -9.039072693691785343e-01 -1.168929670581004165e+00 -1.742077320210853597e-01
0.000000000000000000e+00 -3.576485277559291465e+00 -3.714067871589636916e+00 -3.790921237835292779e+00 1.105836070186695430e+01 3.212367218865644691e+00 -1.083147618443513149e+00 5.471215044013512774e+00 -4.797866351496727688e+00 -4.386197304856752410e+00 1.860073152415546716e-01
1.000000000000000000e+00 1.007142067312075362e+01 -6.047295416243663624e+00 3.922424971243752445e+00 3.689626279993444946e+00 -3.671509451615317055e+00 -5.503997027448679802e+00 -5.216336764082725175e+00 -1.239579783820039971e+00 -2.693118749370725595e+00 -3.456978293749054035e-04
0.000000000000000000e+00 -4.913411877240857706e+00 -4.828519959465484845e+00 -4.363755497080171963e+00 9.210760355513212261e+00 3.563995541222082952e+00 -3.427318807177874405e+00 6.779981072283368881e+00 -2.866615017507765373e+00 -5.369834750075058061e+00 -1.402980506305575581e+00
0.000000000000000000e+00 -4.433115684694067582e+00 -5.314063781509785755e+00 -4.250743545602682083e+00 1.009741763667531878e+01 4.969389101495284677e+00 -2.742742856508545213e+00 6.568075068171840947e+00 -3.575103748156525985e+00 -3.553630496053026722e+00 -1.032070739425053896e+00
1.000000000000000000e+00 9.309041689058281221e+00 -4.702883385072267330e+00 2.822424633257572424e+00 4.589581790025293095e+00 -3.766030080842287742e+00 -4.173737411402590247e+00 -2.542066686266191144e+00 -4.648703417652632619e-01 -1.354435895186648420e+00 -2.184622491272571465e-01
0.000000000000000000e+00 -3.642492943927147842e+00 -3.366321520484134133e+00 -5.655290515994454204e+00 8.492801379947177765e+00 4.395190028483438205e+00 -3.113873783891700775e+00 6.518287054757085919e+00 -3.941576198619847204e+00 -2.812779342882882894e+00 -1.539860622295857073e+00
0.000000000000000000e+00 -4.265364665314426595e+00 -3.716867478858406848e+00 -5.416407984127555864e+00 7.985698797304883634e+00 3.712662307498149517e+00 -1.879371821089091732e+00 5.620913664526719700e+00 -4.163629978891617789e+00 -5.876647117533541298e+00 -1.612444156649115223e+00
1.000000000000000000e+00 9.488099216288826909e+00 -5.903627375505902108e+00 2.306901434220320013e+00 4.241293270218875477e+00 -3.364158984358564197e+00 -5.469781771145739491e+00 -5.958951321843024118e+00 -1.334678818054147453e-01 -1.653930008761893999e+00 -1.764423767771909013e+00
0.000000000000000000e+00 -3.021408485247273568e+00 -4.487694771982859265e+00 -2.785835064385813187e+00 9.084496904626915281e+00 3.972820642068640051e+00 -1.478221046512346648e+00 7.604037771749698749e+00 -3.913702736776013325e+00 -2.907696000900717337e+00 -1.882146012061428841e+00
1.000000000000000000e+00 8.564710984856478859e+00 -5.314678156712116852e+00 2.248783020063337190e+00 3.599358998684274891e+00 -3.641545206576052962e+00 -2.130284674342743045e+00 -5.846715783382816944e+00 -2.106689308354496304e-01 -1.777030838546223013e-01 -1.592117864976345887e+00
1.000000000000000000e+00 1.034250998412849043e+01 -5.167428830766096048e+00 3.436852717657905565e+00 3.712213465067967899e+00 -4.938997387902397840e+00 -5.673275663445922490e+00 -6.328589183574482746e+00 2.740258751379108793e-01 -2.434472202369201366e+00 2.132539804891690594e+00
0.000000000000000000e+00 -3.921128816781624948e+00 -6.650089884973193755e+00 -3.158379479999499750e+00 9.843073916171610094e+00 4.202340229661481352e+00 -1.603185896700018098e+00 7.536196906138851404e+00 -4.762774665967265619e+00 -4.827498078565383821e+00 -1.971868202708356055e+00
1.000000000000000000e+00 9.684273529229969313e+00 -4.929047876152746532e+00 2.463224664843433054e+00 5.152611176772517787e+00 -3.792501946448950889e+00 -5.535204542900677538e+00 -5.100447993230197596e+00 -1.488274316347800441e-01 -2.288180621924532421e+00 -1.796545418784106229e-01
1.000000000000000000e+00 1.006380750674335722e+01 -5.828390028356353447e+00 1.301047882452604831e+00 5.651163981786108792e+00 -5.200015140351342602e+00 -5.376408674501378826e+00 -4.144856126007451458e+00 5.970737049333511015e-01 -2.283663411445689295e+00 7.507911055816178791e-01
1.000000000000000000e+00 9.640066932472500127e+00 -5.426773022998286677e+00 3.320069460005234951e+00 4.527532327375800136e+00 -5.038414596839532855e+00 -3.431200677657292086e+00 -4.799012793351602468e+00 -1.636431432140250442e+00 -1.016791824401138467e+00 -1.903014284695596081e-01
1.000000000000000000e+00 9.064202750127590136e+00 -5.418819203543695728e+00 2.823528691023948323e+00 4.601842409778242882e+00 -6.624033875519223180e+00 -6.419699244173409980e+00 -4.205261063395619558e+00 -7.118585676684280328e-02 2.186114344865441872e-02 3.431441737561074512e-01
1.000000000000000000e+00 8.636555482907738224e+00 -4.068063254993706579e+00 2.220024996939007345e+00 3.853468426830802152e+00 -5.837761851672838453e+00 -5.877369199177753245e+00 -5.524031699867339995e+00 -1.276717005080377332e+00 -2.379662101472835634e+00 -1.511724344232824535e+00
0.000000000000000000e+00 -1.508533070735753601e+00 -4.719080530924422590e+00 -2.720561647907563163e+00 1.095296433040327067e+01 4.270239207363616174e+00 -1.300107287101414322e+00 7.227550440705903689e+00 -2.382943466308382607e+00 -3.463654286908818491e+00 -1.037900746624657033e+00
