0.000000000000000000e+00 -7.059275660596381563e+00 -5.641391292527544898e+00 3.622562017176945925e+00 -5.382224731828060271e+00 1.013507342260534116e+01 -1.747658807878502474e+00 -5.878064803939576421e+00 3.565580723217549597e+00 5.713848542070802949e-01 -4.762231819517799281e+00
1.000000000000000000e+00 -4.424303351666201145e+00 -8.419824689142242136e+00 8.818850426522503838e+00 -1.619025351416167435e+00 6.680867538848341169e+00 5.313273821083027038e+00 -1.833402965177308719e+00 7.637794722823818994e+00 8.464746037613661400e+00 -6.300709275871640536e+00
0.000000000000000000e+00 -7.351620585574787370e+00 -3.036513533641468143e+00 4.407160156457526234e+00 -1.676026684636673147e+00 8.258208815315631668e+00 5.985961098142645459e-02 -5.858811953658549676e+00 4.232797858123620749e+00 1.281647033853047457e+00 -3.639911381392659795e+00
0.000000000000000000e+00 -8.726419636230502874e+00 -4.402937388619584169e+00 4.071115384123761061e+00 -3.944288575479794279e+00 1.055037550218333564e+01 -3.270849745794424113e-01 -3.851083202411754058e+00 2.363230568529834486e+00 3.267054596386320675e-02 -3.294009923904379633e+00
0.000000000000000000e+00 -7.597496503225405817e+00 -5.522310796869650318e+00 3.909891141193673647e+00 -4.420428399700772282e+00 9.796595460856108772e+00 7.325959050418545671e-02 -4.491056894656330734e+00 2.918754188734586474e+00 1.020875768927647531e+00 -3.095418673563063550e+00
1.000000000000000000e+00 -4.546147130509026191e+00 -8.346385927105140823e+00 8.623730821314877559e+00 -2.993537016959951558e+00 7.539633368639107047e+00 3.504327554337750339e+00 -2.527876510013002509e+00 5.285853437018444900e+00 7.186029247005096821e+00 -6.075596464968278987e+00
1.000000000000000000e+00 -2.402577030347353038e+00 -9.210847134807163883e+00 9.690129068918412969e+00 -3.072944557692789402e+00 5.869056249166791694e+00 2.779981025185134236e+00 -3.561987590821748206e+00 5.754467581596260928e+00 9.153350868056879364e+00 -6.060221043054522916e+00
1.000000000000000000e+00 -2.868458974880984336e+00 -8.122628168023600992e+00 1.011397006245447550e+01 -2.816261641684005390e+00 7.053470968063416002e+00 5.261988346869773459e+00 -2.112710477878813720e+00 6.520104100963133753e+00 8.852553509797910891e+00 -7.210559038112113406e+00
1.000000000000000000e+00 -3.290797365331402435e+00 -9.113253517377742696e+00 1.036409559553501758e+01 -1.979804587431120533e+00 5.568570599905231511e+00 3.149049291118064087e+00 -2.260173369689635781e+00 4.021727077444600340e+00 8.854134545255677224e+00 -5.577833922073567763e+00
0.000000000000000000e+00 -7.480533061365519210e+00 -6.002752387571313797e+00 3.318122627106644185e+00 -3.060044981545016807e+00 8.059671180295408632e+00 -5.842806260072891389e-01 -5.727473329962338155e+00 2.274700482452466588e+00 1.484008345190273470e+00 -4.119261693577037420e+00
1.000000000000000000e+00 -3.971640730795360508e+00 -9.464279124033641466e+00 9.804272944708623427e+00 -1.998336771396576506e+00 6.146274454009805766e+00 2.762694150198450771e+00 -2.595825265487340161e+00 5.455403097487027786e+00 8.658451435322634282e+00 -6.379239281718358967e+00
0.000000000000000000e+00 -5.940593240480650294e+00 -4.877419076344354565e+00 5.322445414528492513e+00 -4.477882896533410317e+00 8.328278421995239711e+00 -4.038439746701442123e-01 -3.119431473519812315e+00 3.761540317770141417e+00 5.571914898696714857e-01 -3.275274846834235642e+00
1.000000000000000000e+00 -4.858980405402725467e+00 -9.951864414695666738e+00 9.594766788382607103e+00 -3.551887497792425297e+00 4.139448382083189770e+00 3.250454834156589978e+00 -2.869949732761581274e+00 6.518377798668961276e+00 7.440702674420335505e+00 -5.930223776139920133e+00
0.000000000000000000e+00 -8.381681035451494566e+00 -4.893030396042218122e+00 4.697247977881300329e+00 -3.561622111884148012e+00 9.133906829664201865e+00 2.470484713004262645e+00 -6.073548270653025938e+00 3.655753203294847875e+00 -4.229329043434300051e-01 -3.288448153972280519e+00
1.000000000000000000e+00 -2.352529396911149817e+00 -8.730484128044187386e+00 8.094385061851227192e+00 -1.754096628819883597e+00 5.746035241164086926e+00 4.033513881515640165e+00 -3.060307729325467907e+00 5.839565905919303468e+00 8.007856934497937118e+00 -5.215133595300599723e+00
1.000000000000000000e+00 -4.982203143922620647e+00 -7.995441043696249750e+00 9.029250543473166246e+00 -1.890172233524090473e+00 5.358919754613646447e+00 4.739086332920364519e+00 -3.046157744284519797e+00 4.323192203537678857e+00 8.983554400146712027e+00 -6.893653807502428954e+00
0.000000000000000000e+00 -6.347607888721053193e+00 -6.455276373731874351e+00 3.960258499385534758e+00 -2.819601578410287246e+00 7.644701264062061519e+00 -1.381166982407138200e-01 -5.471560582042632959e+00 3.138573695152627518e+00 1.466904596029587893e-01 -3.170482313598047774e+00
0.000000000000000000e+00 -7.782085392145651426e+00 -4.658552233126304287e+00 3.327662943377890148e+00 -3.439822040086437660e+00 8.166573111741124436e+00 1.284986922399665055e+00 -5.103421788788117475e+00 2.555443119362713400e+00 6.381315151401867336e-02 -4.067854935167385833e+00
1.000000000000000000e+00 -2.638324932104271436e+00 -9.926785299205615587e+00 8.616085349679210026e+00 -2.403611199219141348e+00 5.908128273145762499e+00 4.845639366284029137e+00 -3.990842010348929492e+00 5.868555781700558249e+00 8.305972927488491919e+00 -7.281272072610020629e+00
1.000000000000000000e+00 -3.302177811650340633e+00 -8.792059902621009115e+00 9.161146349537828470e+00 -2.806713798805426485e+00 6.141871812428827404e+00 4.390458534412172931e+00 -2.873692826087439478e+00 7.891691566262967861e+00 7.505022749265688020e+00 -6.129134889950948129e+00
1.000000000000000000e+00 -3.742286465439673915e+00 -8.443832994518285062e+00 9.632279472020808697e+00 -3.089668089557742192e+00 6.223542587732447728e+00 5.027623681820071688e+00 -4.319839677787117971e+00 4.522011871993720789e+00 8.649277180606437909e+00 -7.918051442771544934e+00
0.000000000000000000e+00 -7.829823994688656086e+00 -5.988492858627125770e+00 3.649065790536083931e+00 -3.869486158969178025e+00 8.943315874235212348e+00 2.021052901342428321e+00 -3.363497823300007905e+00 2.923552226895621775e+00 5.174206923738113861e-01 -3.505045117540220634e+00
1.000000000000000000e+00 -4.105567905411547258e+00 -9.264031031730368682e+00 1.005581831072766974e+01 -1.387098234941174901e+00 6.459321692144422755e+00 4.288171677541125604e+00 -3.961959760985774182e+00 4.450033218350286646e+00 9.330418254369089226e+00 -6.044869567047809866e+00
1.000000000000000000e+00 -3.595509191884442401e+00 -7.863274014445456039e+00 8.684188406858121212e+00 -1.283857149583947477e+00 4.991232673804643305e+00 2.647921834566444144e+00 -3.276496862567031876e+00 4.745241419354084833e+00 9.396526155846521178e+00 -6.865754249142403509e+00
0.000000000000000000e+00 -6.589449089297376716e+00 -5.713267187879790932e+00 3.405527338867009313e+00 -2.829106492378469007e+00 8.584146876933001380e+00 8.065760431264160646e-01 -4.401607066299164650e+00 4.357026205871129321e+00 8.890467919827429455e-01 -4.363138131218339488e+00
0.000000000000000000e+00 -6.848502467204253819e+00 -5.575960234007037108e+00 5.423216358740729603e+00 -2.941916497716021262e+00 8.127721288166638303e+00 -1.029218369527511723e-01 -5.214768319640867844e+00 2.998310165199971067e+00 -2.792960652748215367e-01 -1.618412586932965525e+00
1.000000000000000000e+00 -3.746971792405740853e+00 -8.353277725941740783e+00 8.061548535591365194e+00 -1.466017977039712150e+00 5.044247247851117777e+00 4.707513606957059338e+00 -2.494153545304347741e+00 3.942009797224306666e+00 6.704540451614497520e+00 -6.729657378679665847e+00
1.000000000000000000e+00 -2.595601787372550540e+00 -8.123620788062773102e+00 8.722714157296596937e+00 -2.675881765197194007e+00 6.181970646122810109e+00 3.296511760813610081e+00 -3.108771536063513974e+00 7.192093104675970849e+00 7.144788771716106268e+00 -6.725552927956937488e+00
1.000000000000000000e+00 -2.181806660447560553e+00 -8.019792193383192824e+00 8.862791986157384727e+00 -2.409138495588111883e+00 8.373021961800368729e+00 2.839287510145338089e+00 -3.181527852246632371e+00 6.172055405617490109e+00 7.402273016545442452e+00 -5.903755297215735887e+00
0.000000000000000000e+00 -6.403072544399264210e+00 -6.297919123227911697e+00 7.709803654166838882e+00 -3.056281908640614553e+00 7.956980686528712710e+00 3.827448770213440210e-01 -4.716363626315571267e+00 3.641156698835905203e+00 -5.876436520343764069e-02 -5.146126404189281800e+00
0.000000000000000000e+00 -9.131303728547239373e+00 -7.399381656649090644e+00 4.475395100850461105e+00 -3.285360510824701485e+00 8.225363610007262238e+00 -1.580204280393001870e+00 -5.255153093290629407e+00 3.378249678469056771e+00 9.292367601638333863e-01 -3.165064903754150727e+00
0.000000000000000000e+00 -8.625623214678377337e+00 -4.171857479985491501e+00 4.048503878373196585e+00 -3.464125036695592019e+00 9.782143510850016099e+00 -2.319482943324192581e-01 -4.874258055323696937e+00 2.682243008665622153e+00 -6.525166914108280203e-01 -3.476082967217010378e+00
0.000000000000000000e+00 -7.608610430027884952e+00 -6.577259222559284524e+00 4.258344262809496072e+00 -3.851512984940167694e+00 9.129250415165868660e+00 3.880215994240426292e-01 -4.988216752565588052e+00 1.770768368984377394e+00 9.148486056325989546e-01 -3.357295812122629286e+00
1.000000000000000000e+00 -3.587814024094102550e+00 -8.186789796233124861e+00 9.735276996693764673e+00 -2.937849999607565099e+00 5.304618094457534738e+00 3.542791585352929928e+00 -2.293561129256766584e+00 5.402464902420950565e+00 7.471475892660762064e+00 -7.190274794762883559e+00
1.000000000000000000e+00 -2.321375320115734553e+00 -8.465686624521804760e+00 9.780963367296315880e+00 -1.735118258282259740e+00 5.960067376585997501e+00 5.401742567723094801e+00 -9.286012615091909783e-01 5.463400733895125150e+00 7.517672980576715958e+00 -6.853478245072153641e+00
1.000000000000000000e+00 -4.570993596745924314e+00 -9.301800669838394597e+00 1.030271782617599641e+01 -5.609608674383432803e-01 6.334915538530663248e+00 3.667434260815533698e+00 -3.711621621339675769e+00 4.331908462886264743e+00 6.316253392063844174e+00 -7.070081955596866585e+00
0.000000000000000000e+00 -7.200390686197783552e+00 -7.054413070377346884e+00 4.164999652296585531e+00 -4.119746991571357597e+00 7.338341823998185909e+00 -1.056472523685828779e+00 -4.184701587399179523e+00 1.731128936017665820e+00 3.650439618887187376e-01 -3.747131032535440109e+00
0.000000000000000000e+00 -7.094279455271079726e+00 -4.191692746882191400e+00 3.145240230479186216e+00 -3.636152924804900266e+00 9.922925998992404573e+00 -1.199137694871278415e+00 -3.481591637419495733e+00 3.501727891507473878e+00 1.299390175691918614e+00 -5.128760517579973310e+00
1.000000000000000000e+00 -2.524241364202557847e+00 -9.452428475527524299e+00 8.777059762640339713e+00 -2.002229908962740001e+00 6.067273248143404629e+00 3.625950670049462587e+00 -2.961839871585843387e+00 4.668757659760506940e+00 6.539575517538427363e+00 -6.068656499713785735e+00
1.000000000000000000e+00 -3.458102814195085362e+00 -9.162658889720953326e+00 1.010330521300475048e+01 -1.954782072268861803e+00 4.301951321419182683e+00 2.880256702199328611e+00 -3.298789571914729990e+00 4.139669583693470045e+00 7.037174633593997086e+00 -7.070262248582060316e+00
0.000000000000000000e+00 -5.187058782125388845e+00 -6.586344274955683531e+00 4.235079391840258722e+00 -4.173353958515785500e+00 7.007942213111814311e+00 -1.348466574026470299e+00 -3.441415659679632810e+00 2.643544785645697726e+00 1.078799860803015598e+00 -3.395729000469291936e+00
1.000000000000000000e+00 -3.082785526044466984e+00 -8.383787784065866333e+00 1.009522609043587771e+01 -1.855313526264263935e+00 4.935926189879277004e+00 4.758803838877910586e+00 -2.416863850039750794e+00 5.197308238758235888e+00 9.566920918928595086e+00 -7.221126923001208731e+00
1.000000000000000000e+00 -3.265756997960385100e+00 -7.299224476226124914e+00 9.229668249481370879e+00 -2.140859461492691906e+00 5.719037657854344481e+00 5.284378640187029852e+00 -3.056051266380233944e+00 4.845485522306873349e+00 8.624479926848289679e+00 -7.931564191906150363e+00
0.000000000000000000e+00 -6.950868587180312197e+00 -6.123312451503538867e+00 4.462788184050706874e+00 -3.073855871204634216e+00 9.203698818866170583e+00 4.342157658682658794e-01 -3.771626288755541623e+00 3.469191684371813800e+00 1.335003038570029332e+00 -3.662661175194703134e+00
1.000000000000000000e+00 -3.168325934670424004e+00 -7.009196289687537273e+00 8.778719304226333620e+00 -2.465346054264724085e+00 5.538293360729543480e+00 3.854478290881135472e+00 -1.499539871664409940e+00 3.626051692007755900e+00 7.480237548405635373e+00 -6.088106034091901542e+00
0.000000000000000000e+00 -6.407568467834440895e+00 -5.403249867841140919e+00 5.132930969373447283e+00 -3.443713082576059126e+00 8.931402687647539196e+00 -7.111183177505909780e-01 -3.274129328420766427e+00 2.347781728018070169e+00 1.213631803051917091e+00 -1.326438508254579762e+00
0.000000000000000000e+00 -7.685275048310868051e+00 -5.801246420419860605e+00 4.502134416469765199e+00 -3.521074778913317882e+00 8.460427062598739667e+00 8.028222627565251290e-02 -4.538866710538476568e+00 2.508435459555522495e+00 5.352997618497533638e-01 -2.539256509791459671e+00
0.000000000000000000e+00 -5.939736607971551230e+00 -5.362057799902119726e+00 4.034607207793573735e+00 -3.974985048241067354e+00 7.284699869963890073e+00 -6.286173195027616734e-01 -5.482946165015752271e+00 2.967955721183120232e+00 4.683357879373445387e-01 -3.097770402273122503e+00
0.000000000000000000e+00 -6.987380205884104356e+00 -5.822425159853378496e+00 4.258544749146643049e+00 -3.084936314056765383e+00 7.434470928506454968e+00 7.839240327661248786e-01 -4.129332373975433512e+00 1.557658568569065816e+00 -7.222625794028323387e-01 -4.507865322221142002e+00
0.000000000000000000e+00 -6.421874928878648525e+00 -6.976131606346950065e+00 5.082813239154155838e+00 -3.763774448697141839e+00 1.013388887124611948e+01 2.078799585326187582e+00 -4.963755870682209803e+00 2.336838267033227279e+00 6.597483333196884070e-01 -3.535294518482915649e+00
0.000000000000000000e+00 -6.265718120039709405e+00 -5.070114407648989463e+00 4.342146598799153878e+00 -4.300922271323294410e+00 8.467461564165986942e+00 -1.193461298488369682e-01 -6.203302369185793808e+00 3.054564862396170088e+00 1.152771926520080870e+00 -3.469226234617258875e+00
1.000000000000000000e+00 -4.853030977190995188e+00 -8.017128630661181532e+00 9.862684996657858250e+00 -2.045590527838514472e+00 6.212161115936937428e+00 4.695312748051449603e+00 -2.463312982945376373e+00 3.978048833398101891e+00 9.101860859218621869e+00 -5.820751804787497541e+00
0.000000000000000000e+00 -7.764881799923265326e+00 -4.141147619527204782e+00 3.611727157291190426e+00 -3.445243912648602080e+00 9.226273191385203631e+00 -1.728654468507897723e+00 -2.639180030017357126e+00 2.865393206084497546e+00 1.409098840716906942e-01 -4.051681990364974340e+00
0.000000000000000000e+00 -7.740497833198227262e+00 -5.385671368423508021e+00 4.711676013740252245e+00 -4.056160801552215922e+00 1.066256304592660165e+01 -1.060997000558292713e+00 -4.293731941012099540e+00 2.710721263692557947e+00 9.609026254597829997e-01 -3.826328672641296169e+00
0.000000000000000000e+00 -6.929613082615538211e+00 -4.796909939829796521e+00 3.816901152643375372e+00 -3.400930671570739250e+00 9.982303190129618642e+00 -5.718809411335226134e-01 -4.515858072844852522e+00 3.689230332712416960e+00 4.176418857728024792e-01 -3.731078099816573346e+00
0.000000000000000000e+00 -7.466267349574101431e+00 -3.745072472371404615e+00 3.235656309558132104e+00 -2.411493261443960812e+00 8.629675985305231833e+00 1.078588960570042721e+00 -3.700999726329131878e+00 2.402457979400034027e+00 2.012482831202867750e+00 -2.301193072504062798e+00
0.000000000000000000e+00 -9.402120781322977905e+00 -7.319131009756199013e+00 5.537660153508503491e+00 -4.468033595364307331e+00 7.108283304160226024e+00 -1.257834946958250044e-02 -3.150750174836956852e+00 2.988178724584985790e+00 2.405316410129128002e+00 -4.195137155900499515e+00
0.000000000000000000e+00 -6.254340413375590657e+00 -5.787288706825522766e+00 3.839512329053115902e+00 -4.316045180498428557e+00 9.676183065665126648e+00 1.424251711698779399e+00 -4.487542577331121052e+00 1.830242050122610431e+00 1.443448959279014510e+00 -4.723503992709344956e+00
0.000000000000000000e+00 -7.264278584393087712e+00 -5.380225727946640113e+00 3.895506259523431325e+00 -3.353062314002706490e+00 8.410858393363477958e+00 1.325061212449548220e+00 -5.432436888158246546e+00 2.381730352630060832e+00 9.158829425005134972e-01 -3.391943183226461489e+00
0.000000000000000000e+00 -7.707712201261150753e+00 -6.165367115740798098e+00 5.468225165421523037e+00 -3.222224060520197497e+00 8.701016711741695886e+00 1.734513601232318125e-01 -4.327152109327458973e+00 3.759079510724790740e+00 5.594490980630857369e-01 -3.125625787856527893e+00
0.000000000000000000e+00 -8.175744349943871114e+00 -6.256392892977288511e+00 4.232363110643100335e+00 -3.094577388829541587e+00 8.206310541440533513e+00 2.018491940525960204e-01 -4.520456037983855424e+00 3.871496158900034956e+00 1.359733364015994983e+00 -3.176531468972432659e+00
1.000000000000000000e+00 -2.733559978340044161e+00 -9.839142374173196259e+00 8.953352331447314683e+00 -4.289382302003517111e-01 5.108781990506104265e+00 3.439825666537309257e+00 -2.311625733857447962e+00 4.948874706768386922e+00 1.007583548058873291e+01 -6.580290572439638552e+00
1.000000000000000000e+00 -2.809534629638799963e+00 -9.402821465295314596e+00 9.357625329125927038e+00 -2.798048165219756633e+00 3.926057875587000368e+00 4.443060270602211759e+00 -6.071767942366894655e-01 5.484893355884416621e+00 6.541171419174428792e+00 -8.617301850361720028e+00
0.000000000000000000e+00 -7.644896810520881658e+00 -5.664772861140437321e+00 4.775989851457715929e+00 -3.985141972097505647e+00 7.692975820542795162e+00 3.857498718698171292e-02 -4.471109685898706942e+00 5.209550833062658981e+00 1.665342259397438074e+00 -4.808488133291579203e+00
1.000000000000000000e+00 -2.063744131149693573e+00 -7.570009154621333280e+00 9.433260730492932566e+00 -2.075343297364088180e+00 6.373571883309726793e+00 2.725083130163611145e+00 -2.065478165627230300e+00 5.530238351564725541e+00 6.624589706859522309e+00 -6.080514786318977905e+00
0.000000000000000000e+00 -5.965961146928261627e+00 -4.989954606975236295e+00 4.645880975914378652e+00 -4.838540154078969202e+00 7.490955899072762492e+00 -5.996933110292740343e-01 -3.566549076261736229e+00 1.054421897704866495e+00 1.285686239319968394e+00 -4.391299796945063783e+00
1.000000000000000000e+00 -4.056294201240755903e+00 -9.893713484817912018e+00 8.465690450275912937e+00 -9.263290729951485503e-01 7.349623253255092692e+00 4.005980419478197163e+00 -2.218052841766095629e+00 4.837211122919562456e+00 7.498265136941265396e+00 -6.129858520270405009e+00
1.000000000000000000e+00 -2.799983284540233708e+00 -8.388078423588325450e+00 9.206584649990540825e+00 -2.744220424007373094e+00 7.173027965975917297e+00 6.045902362033348965e+00 -2.145190533538550604e+00 3.826584100625983531e+00 7.756654384912675226e+00 -5.513787259012620012e+00
1.000000000000000000e+00 -2.152672153880803130e+00 -8.776035459685040507e+00 9.767146373474817622e+00 -2.054925322537970889e+00 6.507711309009159173e+00 3.543251041679875257e+00 -2.419249193894385197e+00 4.859850742329614448e+00 8.127868808500634756e+00 -7.081575944327614280e+00
1.000000000000000000e+00 -4.255715885589406611e+00 -8.037007077588311788e+00 9.894628782953910573e+00 -2.571810337274346381e+00 5.065483760675316915e+00 3.300528410309980565e+00 -2.433165283434272297e+00 7.179988706647716157e+00 8.730339250314795407e+00 -6.545783727680591468e+00
1.000000000000000000e+00 -4.855318402069119799e+00 -7.495070558552280104e+00 9.937100652525240108e+00 -2.042824633724749539e+00 6.504564413188370864e+00 3.185811236276411940e+00 -5.640413256821821264e-01 5.528623685503593954e+00 8.604666162047148958e+00 -6.240820449257169500e+00
0.000000000000000000e+00 -7.725210484653390886e+00 -6.008950339797993756e+00 3.787617790459649303e+00 -4.100627206547013515e+00 8.264079484006161991e+00 -7.053335103360567349e-01 -4.709341829550609759e+00 3.856263372677528611e+00 -3.193881484859228959e-02 -1.456424181069058132e+00
1.000000000000000000e+00 -3.121434740477578629e+00 -7.601943182680470201e+00 9.860367796320479883e+00 -1.110125527931467904e+00 4.608806277133052021e+00 2.710991606912334984e+00 -3.097206791300724404e+00 5.000251544565473161e+00 6.597254305905144278e+00 -6.197020417573204654e+00
1.000000000000000000e+00 -1.617315796084516144e+00 -8.128138410683140691e+00 9.692535773451712799e+00 -1.509846831138585310e+00 4.869370548435071555e+00 3.162605870653305118e+00 -2.865036309684345639e+00 4.114925717367206026e+00 8.073824767324362384e+00 -7.851623501996462196e+00
1.000000000000000000e+00 -2.890615830748698656e+00 -9.037615004759375736e+00 9.434757469418052267e+00 -2.410742533991029557e+00 6.000176499124605378e+00 4.666706794998454200e+00 -3.900341299562771979e+00 3.936138548107160684e+00 9.317476926993322195e+00 -6.301975102539119078e+00
0.000000000000000000e+00 -7.681031130454464062e+00 -4.276359602470712673e+00 2.677027892641484996e+00 -3.775294128867793475e+00 1.161075055261043687e+01 -1.024039271068760693e+00 -4.738788640557105580e+00 3.345511889402162709e+00 1.359582290103625191e+00 -2.193915145772183717e+00
0.000000000000000000e+00 -7.309199327290762049e+00 -5.987600261649023814e+00 3.265617060226820634e+00 -3.918668742600386334e+00 8.349313931051112192e+00 -1.096103160596995085e-02 -5.007106072602549141e+00 3.510419683353173781e+00 1.462119433519364353e+00 -4.470413357541200838e+00
1.000000000000000000e+00 -2.746166517048894917e+00 -8.615087221127714301e+00 9.500040585077046629e+00 -2.098394387522140470e+00 5.694673156827755989e+00 3.930342923566732427e+00 -2.076965866100096036e+00 5.140414182953739974e+00 8.403448921653138726e+00 -6.888982830447324623e+00
0.000000000000000000e+00 -7.205696413484444562e+00 -5.196579328575946732e+00 4.909618494104893927e+00 -4.563680763118352246e+00 9.961779314506101102e+00 2.016079983035159451e+00 -4.691573001287777878e+00 2.568613464151674464e+00 7.853184933037988813e-01 -4.859062811522441905e+00
0.000000000000000000e+00 -6.055076276043116934e+00 -5.147041403978508178e+00 3.667806174320521251e+00 -3.199841951581107402e+00 8.843669799091198769e+00 7.215177937193989477e-01 -5.505066245776749412e+00 3.095183844201085499e+00 6.523242561749874602e-01 -3.965404424881255885e+00
1.000000000000000000e+00 -2.674071051661031984e+00 -7.763706881015038697e+00 9.090324009993780763e+00 -2.022930644827843238e+00 7.132310113961397136e+00 3.661500623880446614e+00 -2.196956176194378330e+00 5.885958119053814386e+00 8.186032935969066671e+00 -5.724289503318021666e+00
0.000000000000000000e+00 -8.721750864566658379e+00 -5.941896385597586594e+00 3.826150553585843994e+00 -1.933694416430105978e+00 8.686433169057949044e+00 8.951282689699091577e-02 -4.954219737635400911e+00 1.394252137488193322e+00 2.543976001363943418e-01 -1.389503697101976964e+00
1.000000000000000000e+00 -2.716095614019527815e+00 -1.011348312279181627e+01 8.975968949426725629e+00 -2.016823388787004845e+00 4.562177300620225751e+00 4.209133745781929115e+00 -2.644392536962469009e+00 5.234073209971493057e+00 7.097551988965457248e+00 -6.772734856971233341e+00
0.000000000000000000e+00 -8.085406301716373534e+00 -5.731478715778631994e+00 5.459329291949354790e+00 -2.767962414914300062e+00 9.226375265819012128e+00 1.477078985951934431e+00 -3.374711531293111300e+00 2.934741379551845775e+00 6.182332551101843432e-01 -3.532503351975182504e+00
1.000000000000000000e+00 -2.961912092112386929e+00 -7.801378878904188241e+00 8.239659162940951020e+00 -1.856829319414846635e+00 7.117430601764723086e+00 3.277886733864249003e+00 -1.743524733344604005e+00 4.972870990871124164e+00 7.959413223449554486e+00 -5.440536891296286370e+00
1.000000000000000000e+00 -3.205348435511965910e+00 -8.630914101691244511e+00 8.725462125348999010e+00 -2.394627859678840398e+00 7.030446171888775631e+00 4.993031304848956964e+00 -1.931844567035034599e+00 5.127958680658500690e+00 7.627901258567165499e+00 -7.232438903532328212e+00
0.000000000000000000e+00 -6.729479952258300202e+00 -4.681967682527314878e+00 3.861400544837418014e+00 -3.346221901150320033e+00 9.538899571931469978e+00 -9.743889607391775787e-01 -3.790829144689566110e+00 2.501264383430206184e+00 5.035002440591609396e-01 -2.702967416767501518e+00
1.000000000000000000e+00 -2.856326196341952617e+00 -9.928510099718710791e+00 9.058939927339617171e+00 -1.025704711285931658e+00 5.824410122046513649e+00 3.668906655149368312e+00 -2.448357105550218904e+00 5.131171105777652564e+00 9.625586565272433504e+00 -7.553918665506913932e+00
0.000000000000000000e+00 -7.477593695661250095e+00 -3.846897394423509198e+00 4.280164844584938955e+00 -3.208982732963374218e+00 8.464520021216829448e+00 1.368518635482309120e+00 -5.916103384158559741e+00 3.694727384226163203e+00 1.569292128477399073e+00 -3.709610745649241981e+00
0.000000000000000000e+00 -7.823926891657940530e+00 -6.263150168464228784e+00 3.568514976554382212e+00 -4.488865126841036890e+00 7.586591849173027313e+00 -4.349243660443340986e-01 -4.413210666261129234e+00 3.069635135491942446e+00 2.902742983316511927e-01 -2.177597075482859967e+00
0.000000000000000000e+00 -8.031343401738425314e+00 -6.588900913192160758e+00 4.853017270884928180e+00 -4.288813106844636458e+00 8.367232404426658832e+00 -1.249139786515382822e+00 -2.858321446015283485e+00 4.329167997190319639e+00 2.223239925516460325e+00 -3.317122861756505170e+00
1.000000000000000000e+00 -2.177083323366206358e+00 -8.415750934608302813e+00 1.068831077586010281e+01 -1.332398260276936863e+00 7.190999457262011951e+00 2.602606147190264174e+00 -1.763581948146569545e+00 5.307296986442040065e+00 7.840828496423111638e+00 -7.295252252099691859e+00
0.000000000000000000e+00 -1.014011061170870320e+01 -7.058488193692992851e+00 3.405892034904262733e+00 -3.698751438157479310e+00 8.592209962354793618e+00 -1.108462641096969570e+00 -3.404243126375493755e+00 3.958358734238694776e+00 -2.041667957769346398e-01 -3.914891898140844262e+00
1.000000000000000000e+00 -4.334141243670511123e+00 -8.480527436591955848e+00 1.091300680894154418e+01 -1.728435340983580204e+00 6.173098253908142929e+00 4.279965511186030191e+00 -3.137405902325081541e+00 4.638277818789841689e+00 8.661196880299813827e+00 -5.103822492483963913e+00
1.000000000000000000e+00 -3.922732495249638518e+00 -8.129361861537979905e+00 8.927606688541407820e+00 -1.938042226059463857e+00 5.393285308418198198e+00 2.674092311177214576e+00 -3.903491510628824379e+00 4.687487706176983515e+00 7.572096229788961352e+00 -5.811061835026671396e+00
1.000000000000000000e+00 -3.980788744791992073e+00 -9.081590420926820784e+00 9.193071778657058601e+00 -2.386189424459885355e+00 7.195909513212908948e+00 3.306984053036342353e+00 -2.295222996359612022e+00 5.484027062527013996e+00 7.709459994950990769e+00 -7.627264114871607603e+00
1.000000000000000000e+00 -2.830933740447931335e+00 -1.057975100196421714e+01 1.155676079058163808e+01 -1.979697724529555281e+00 8.032352743404864270e+00 4.667769084946294278e+00 -2.939735725506271269e+00 4.805774099688764345e+00 7.282930426190991291e+00 -5.444911942472312028e+00
1.000000000000000000e+00 -4.108740892009904222e+00 -8.137922714199687491e+00 9.650190621860950557e+00 -1.938158961148670256e+00 6.165350836948455537e+00 3.929019826892189204e+00 -9.107737231692407676e-01 5.124194521043445860e+00 8.101559018851688165e+00 -7.028615680252846332e+00
0.000000000000000000e+00 -7.930225040911897949e+00 -6.022808886681922935e+00 6.839964198593056821e+00 -3.179420944293219087e+00 8.590153574033983830e+00 4.842655267833707033e-01 -5.701886549910349267e+00 3.192302626866444282e+00 1.542700377231501552e+00 -4.306326322345672253e+00
1.000000000000000000e+00 -3.327275983006506177e+00 -8.803552840699351734e+00 1.001343517486743551e+01 -1.388488639280432313e+00 5.314949601011300651e+00 4.252762032206845788e+00 -1.202237761214969725e+00 5.994051909387520638e+00 7.111047763932066168e+00 -7.253808048299469569e+00
