1.000000000000000000e+00 -3.623066660971628661e+00 8.021060504190710816e+00 2.160175506904968845e+00 -1.174728578042348204e+00 4.328003757053723533e+00 1.009099366865806147e+01 -7.978591878152464290e+00 -1.004973348844488079e+01 2.326389730866024408e+00 -3.532031007885801266e+00
1.000000000000000000e+00 -2.038630556822520479e+00 6.899725171149245995e+00 2.885810252998361136e+00 -2.965004478685049349e+00 4.794157989355865901e+00 9.279975317139683710e+00 -6.754182490455100663e+00 -9.277460458567336588e+00 9.747387006980375856e-01 -3.464499129248965303e+00
1.000000000000000000e+00 -2.794793487402929877e+00 6.476590635025820220e+00 2.973296215635033768e+00 -2.878483910143864399e+00 6.183966073566487864e+00 8.806414916220067113e+00 -6.562539962567776719e+00 -1.043825634848613859e+01 1.272215871018688604e+00 -4.858142549815715583e+00
1.000000000000000000e+00 -3.440976971850210120e+00 6.298910989164196117e+00 2.504330541997981996e+00 -1.409614241124964806e+00 3.216969151694842655e+00 9.729691132437647383e+00 -7.314099865282821966e+00 -9.081985482664627796e+00 2.383752761539065457e+00 -3.474909575631255354e+00
1.000000000000000000e+00 -3.429143429670829413e+00 5.286293126281539578e+00 3.719424549610649944e+00 -3.344993994903067147e+00 5.518460733383505179e+00 7.683152644124636943e+00 -6.626115198113737392e+00 -8.487331182401252505e+00 1.260397551505094027e+00 -2.895808414023074207e+00
0.000000000000000000e+00 -2.987103835442761479e-01 2.059046601946605382e+00 2.058147265224596900e+00 6.962697903161260804e+00 6.357235901146101043e-01 6.982533438093137867e+00 3.592137998677586541e+00 -5.246899207181898284e+00 -1.027754821409839359e+01 3.743386774565627295e+00
0.000000000000000000e+00 1.827861712952525419e-01 9.688848836378640694e-01 3.083267536509421980e+00 9.065751612206009113e+00 2.514276626883064303e+00 6.033530948105624958e+00 3.905881213961066578e+00 -4.498829491778185030e+00 -7.747470140832962038e+00 1.988732377241169136e+00
1.000000000000000000e+00 -2.935698627387008930e+00 6.236180254783418420e+00 3.662625754354080776e+00 -2.043941319136673762e+00 5.106478612356379010e+00 1.007389774495176837e+01 -7.675549433078153960e+00 -8.520123711585444681e+00 1.387055603687190386e+00 -3.231749255228588247e+00
1.000000000000000000e+00 -1.191081836276623562e+00 8.410311398712279285e+00 5.300803502414476398e+00 -3.189087892552044945e-01 4.465460153533304499e+00 9.440091150827239375e+00 -6.601938027418894350e+00 -9.600947368394026071e+00 1.537861450674411490e+00 -4.741063808357762532e+00
1.000000000000000000e+00 -3.772102754871148544e+00 7.773325818191379355e+00 4.060583593996417662e+00 -2.478458263459079269e+00 5.867384970541341893e+00 9.512987011429199669e+00 -7.904840180472997524e+00 -9.515737891962723793e+00 3.170180527790451563e+00 -5.788726005290570242e+00
0.000000000000000000e+00 -1.982153016479161423e+00 1.187331719017951315e+00 3.376326452523353172e+00 7.626084105738668129e+00 -3.781692424515183948e-01 6.579849414313686751e+00 3.441036008588121753e+00 -5.917468297765783092e+00 -1.007416825549933392e+01 4.250428087568013602e+00
0.000000000000000000e+00 -7.185584131348846659e-01 9.479289026944592855e-01 2.183095731378703608e+00 7.874269310526297083e+00 -2.418313844169572846e-03 4.470720399133178091e+00 2.609248049726254681e+00 -5.779627072587110170e+00 -8.047182028963938194e+00 2.895605073634123894e+00
0.000000000000000000e+00 -1.034098652104986193e+00 1.905220642492465144e+00 1.608007633546420845e+00 7.572358889239325208e+00 1.406957913437172802e+00 6.388148199274719552e+00 2.599392538522264040e+00 -4.745608903566613357e+00 -8.416741074831687541e+00 3.442085853708945820e+00
1.000000000000000000e+00 -3.192130017421639376e+00 7.141557501661425000e+00 3.934493304406862180e+00 -8.856787014130860225e-01 5.211940917109227911e+00 9.418871348440118751e+00 -7.235633073928846137e+00 -1.160596847364649165e+01 1.081696177284476645e+00 -3.202248425208933824e+00
0.000000000000000000e+00 -1.829158420846609623e+00 2.254836894741728770e+00 1.339315455435289959e+00 7.526563472524803622e+00 7.672167571266105268e-01 7.092546582077305928e+00 3.743292359097938338e+00 -3.581835467226067937e+00 -1.061694587506474363e+01 4.704702895884156355e+00
1.000000000000000000e+00 -2.711114797480201677e+00 7.186922154809605168e+00 1.834941633111362380e+00 6.105734235015725098e-01 7.383042605912399914e+00 8.167958903858828279e+00 -7.626142622270526417e+00 -9.784206942372312810e+00 1.585090274278367017e+00 -4.279346324053039829e+00
0.000000000000000000e+00 -9.737289640843699301e-01 1.690861195651507831e+00 2.339930886295835233e+00 1.023514282226224203e+01 1.112208453461702495e+00 7.773261778038103920e+00 2.750334655283705132e+00 -5.680866672742225454e+00 -9.410719498281871154e+00 4.397488706647986412e+00
1.000000000000000000e+00 -4.233901718056442220e+00 8.165326034362152541e+00 2.602289135999952485e+00 -1.413352592700659827e+00 4.100187248413188712e+00 9.279216814923476164e+00 -7.719323050972259459e+00 -9.556785993565341641e+00 1.233883601316995815e+00 -4.723218938015233626e+00
0.000000000000000000e+00 -1.022836249412533149e+00 2.201999866434733555e+00 2.077689717776237455e+00 8.903846619089588188e+00 1.931416793430924539e+00 6.794204002441559531e+00 4.322796208624064107e+00 -6.155954852092353491e+00 -1.009247578097468967e+01 2.953144049057030873e+00
1.000000000000000000e+00 -2.275561347599534656e+00 8.471542318699848195e+00 3.022850738820212158e+00 -2.219515264907548691e+00 3.445684341721585220e+00 8.500824842417292970e+00 -6.025477031528454042e+00 -1.166182581146513186e+01 1.158300510538245565e+00 -5.031947553482467583e+00
0.000000000000000000e+00 -1.147221240848932844e+00 9.263508005840392912e-01 2.344243305074655837e+00 8.008947180811563982e+00 -1.779131783088767627e-01 7.764193100200957431e+00 3.553679179873565186e+00 -5.719182347709629077e+00 -9.094274988404974280e+00 4.117290792764379148e+00
1.000000000000000000e+00 -1.678258985796548197e+00 7.467332254186168861e+00 1.398089591560570888e+00 -7.788333624205748817e-01 3.941509785984943726e+00 8.870356430946449322e+00 -6.990355168575760558e+00 -9.264924093857063170e+00 7.524170879750565755e-01 -3.432536317731638142e+00
0.000000000000000000e+00 -9.355828315984926480e-02 2.234848968951066439e+00 2.391008308009886729e+00 8.408768272896363527e+00 1.313785703501779922e+00 8.411379663931134232e+00 3.729852757250914141e+00 -4.995634009320871982e+00 -1.033796236111203015e+01 2.757448974688258225e+00
1.000000000000000000e+00 -2.490329462132240934e+00 6.794727594784069069e+00 2.024825446462100054e+00 -1.424909917251105940e+00 3.606727112691920922e+00 7.910866813956191734e+00 -7.486138140782000683e+00 -8.541505050895901618e+00 7.276258130291697324e-01 -2.603991723084959187e+00
0.000000000000000000e+00 -8.164314654096094248e-02 1.259728839468981842e+00 2.572544705493636563e+00 8.030144835097811296e+00 1.728708255140559480e+00 5.849115047494326092e+00 3.635914943575031977e+00 -5.121569907985874082e+00 -1.038768177287507655e+01 4.142600868417333437e+00
0.000000000000000000e+00 -2.086389151735934533e+00 1.437852537994675162e+00 1.715351585019809333e+00 1.026531500906608585e+01 5.947343018597053277e-01 5.828122183310459725e+00 3.010972802515854418e+00 -5.261881790481299781e+00 -8.078333473565029621e+00 3.392904446246414185e+00
0.000000000000000000e+00 -1.019139300229029876e+00 1.662955016538921527e+00 2.076936211826260426e+00 8.293353782218497727e+00 2.706351407400063858e-01 6.378993949436291722e+00 1.419356670513072238e+00 -4.703685079067090768e+00 -9.875442859726000222e+00 3.480242199685924298e+00
1.000000000000000000e+00 -2.744172977491336596e+00 5.289689096505182597e+00 2.247836529182089649e+00 -1.377389584476835571e+00 5.525933472508757660e+00 8.776649784404650489e+00 -6.175631652251252213e+00 -9.347985992552676038e+00 2.267798485183837531e+00 -4.063259855789137731e+00
1.000000000000000000e+00 -3.170243287692443790e+00 7.029509571286200575e+00 3.344934726550121695e+00 -8.140908310315295715e-01 5.169909427902418031e+00 7.618188015217272735e+00 -6.423421971826410726e+00 -1.001798094483268109e+01 3.133956069841190573e+00 -3.717623351990466674e+00
1.000000000000000000e+00 -2.568721850288580910e+00 6.954358574796171588e+00 2.586043957534558402e+00 -1.116758681280259680e+00 5.364463733175942828e+00 7.548758128677809154e+00 -9.695053368957154305e+00 -1.017748370099098310e+01 2.658234178911180745e+00 -1.924837065730633956e+00
0.000000000000000000e+00 -4.511064085389592804e-01 2.288817002238641152e+00 3.373168012977516561e+00 8.110983500510910105e+00 2.264752114241891157e+00 8.955458465165012427e+00 8.031976039476007578e-01 -5.218780597421917911e+00 -9.452742144428835758e+00 4.520800706890451437e+00
1.000000000000000000e+00 -3.050474763711794157e+00 7.325691881359562174e+00 4.541535053400522770e+00 -5.933297335534710726e-01 3.619976232698963514e+00 9.450325012686539239e+00 -6.240893746102266881e+00 -1.057377678183415171e+01 2.252381611828116803e+00 -5.243984282029497734e+00
1.000000000000000000e+00 -2.538153487777585315e+00 7.242384693384635419e+00 1.532908345137242057e+00 -2.353450408823225537e+00 4.447459731373646363e+00 9.438392808130474876e+00 -8.348147493034327127e+00 -1.032812150832140929e+01 7.493355710727107599e-01 -2.897636661398967473e+00
0.000000000000000000e+00 -1.853466543069528516e+00 2.952635946697825364e+00 2.547188297189659334e+00 8.539423764135218420e+00 1.221191308526473618e+00 4.797085717435118468e+00 3.248559710908929254e+00 -3.845825423748274741e+00 -8.573109271503636108e+00 4.521983838528641719e+00
1.000000000000000000e+00 -2.550019658770476205e+00 4.433755189242152284e+00 3.154205422859884145e+00 -2.752699949967574611e+00 5.707854086881988032e+00 7.815725516868134548e+00 -5.877740569550478966e+00 -1.016525592544772572e+01 2.239791754268709134e+00 -3.512844624731672916e+00
1.000000000000000000e+00 -2.776803273958077689e+00 5.384028796132448669e+00 2.127063076285964804e+00 -2.468137623973710504e+00 3.828274270332891582e+00 7.532228314421454130e+00 -6.739354157428169678e+00 -1.051958920356861604e+01 7.957004989817312302e-01 -2.951871535906649857e+00
0.000000000000000000e+00 -7.339110575157321570e-01 3.334664437517972146e+00 2.879531463182060769e+00 8.147820313555920180e+00 9.792819859866923604e-01 6.606153530911966776e+00 3.322804644035952659e+00 -4.604368799825673264e+00 -9.714710845190172250e+00 4.263484237822173561e+00
0.000000000000000000e+00 -9.718818285497762277e-01 1.703552367608438312e+00 3.560716567750474848e+00 7.710757423306928260e+00 1.418944967773644983e+00 5.253746030697559632e+00 3.789190984668718176e+00 -5.880322185048894035e+00 -8.932495879124662252e+00 2.741949777930113186e+00
1.000000000000000000e+00 -2.789621059396874436e+00 5.965256345891468470e+00 3.850754988676470703e+00 -1.053439551327969070e+00 5.692467118262188208e+00 9.192518242977168796e+00 -7.940640463580098896e+00 -8.647638113406806326e+00 1.281102592386467176e-01 -5.126288848944760446e+00
0.000000000000000000e+00 -1.520373214684848984e+00 1.126287873267581841e+00 2.432133256593368653e+00 7.965863368309050507e+00 3.825648531829818344e-01 5.288769056953333880e+00 3.524616840639375859e+00 -6.134003590641245118e+00 -9.491934501803097390e+00 3.529588772501091487e+00
1.000000000000000000e+00 -3.591825888917705267e+00 7.599815774926701017e+00 3.092226232209471348e+00 -1.617324858525599929e+00 4.972098209067125296e+00 8.986231641701140305e+00 -6.242829135260712370e+00 -1.019493718076187427e+01 3.910005576711057529e-01 -3.007918581787633716e+00
1.000000000000000000e+00 -2.044599482632881049e+00 7.141668651286689595e+00 4.023781905783279100e+00 -1.328861355004737010e+00 4.363562768065676778e+00 1.044055829762970511e+01 -6.260924942126459669e+00 -1.047754077568818509e+01 3.140718083880593703e+00 -3.822663666155787343e+00
1.000000000000000000e+00 -1.180160541749199599e+00 7.225748312612477520e+00 2.415539898335537394e+00 -1.581813043411245179e+00 5.061567820385185712e+00 9.431780842344442917e+00 -8.505696903295890010e+00 -9.717901329684361045e+00 1.007093326961015167e+00 -3.476795806512169573e+00
0.000000000000000000e+00 -1.336912263015057611e+00 2.770801081593879722e+00 2.705403937139971404e+00 8.243295711463085595e+00 1.466277880655064925e+00 5.604997016335824256e+00 4.192873443470673145e+00 -3.922884497110944224e+00 -1.014496546019379863e+01 1.789056026930067045e+00
0.000000000000000000e+00 3.430809092348094946e-01 1.775583284297572062e+00 3.288381208559660873e+00 9.726051762918771715e+00 -6.309738476484996195e-01 6.498265725231330947e+00 3.049606818531473973e+00 -6.053613939228192464e+00 -1.050245624600098360e+01 5.047197188454754624e+00
1.000000000000000000e+00 -2.825961990973800297e+00 7.367429136690152092e+00 3.033726192446984715e+00 -1.620930989231426977e+00 5.826198335473949719e+00 8.281955118218363054e+00 -7.160384332387058848e+00 -9.614075363008844022e+00 5.140148028901068145e-01 -3.301059528667789955e+00
0.000000000000000000e+00 1.721052397297118119e-02 3.149103272309409007e+00 2.203810209326827696e+00 8.185220755916484237e+00 1.090970930819783913e+00 5.707317746782514689e+00 2.966231277893753848e+00 -6.646370557925266098e+00 -9.832842781073876992e+00 3.995274358644077317e+00
0.000000000000000000e+00 -1.657173120261921762e+00 1.361401503327313911e+00 2.782841456049419904e+00 8.746309764246673168e+00 1.492751720313860941e+00 6.781105636557060556e+00 4.182581192373569401e+00 -6.711178481037201493e+00 -9.433034236176490950e+00 2.820419165325933619e+00
0.000000000000000000e+00 -1.718574844174240557e+00 2.439288020390629974e+00 6.694827522474520176e-01 7.943556427692214150e+00 1.923712057097033412e+00 6.840758462073323720e+00 2.070005988826169041e+00 -4.853614118678185818e+00 -9.450341172311805593e+00 2.957416911025465556e+00
0.000000000000000000e+00 -1.291562885439578201e+00 2.944860430497493020e+00 1.682850441840516797e+00 7.601800973856851051e+00 7.157560530766282625e-02 6.970173471845964919e+00 3.826490602216706893e+00 -3.758696919968463668e+00 -8.323085746546949437e+00 4.117926544864998206e+00
0.000000000000000000e+00 -2.037487071610881717e-01 2.810060194961447877e+00 -9.523459629477981636e-02 9.601859823956061746e+00 5.874613515162356858e-01 6.188937868293085565e+00 2.421409547624412184e+00 -5.359979551241456974e+00 -9.831964353109919230e+00 4.005045990887096785e+00
1.000000000000000000e+00 -3.216264700032960722e+00 7.098356486187729075e+00 1.818444545447934990e+00 -1.170719933910188804e+00 5.115458397120689504e+00 9.934568645226452333e+00 -6.439440334746528549e+00 -9.861538253588031822e+00 -5.982109376549185065e-01 -5.500493606098538990e+00
1.000000000000000000e+00 -2.434615443111756150e+00 7.096448076578183439e+00 2.024512948723001138e+00 4.650740256878067580e-01 5.084217454759707877e+00 8.563091425492796560e+00 -7.105733252200484351e+00 -8.318351743121517927e+00 1.261540467992775749e+00 -1.479287092274569559e+00
1.000000000000000000e+00 -2.027088359831794584e+00 6.491738535034295765e+00 3.107499368400384654e+00 -1.231688856282654232e+00 6.815302303662464922e+00 6.992522524043396359e+00 -6.597931775808629773e+00 -1.036175158471956514e+01 1.667923844819955370e+00 -3.487382252074025413e+00
1.000000000000000000e+00 -1.871918454904912821e+00 7.888227433154975543e+00 1.970644292907390849e+00 -9.418035168326625017e-01 5.867965910414786990e+00 8.390830665121313814e+00 -6.990469804511040941e+00 -1.008467518542837027e+01 1.220434363847580972e+00 -3.428599939461054902e+00
0.000000000000000000e+00 -1.331358390946479009e+00 3.623693820252869013e+00 3.286832950389673158e+00 9.081845861893123484e+00 1.063073053595770201e+00 6.674560293832260349e+00 4.063598912951239761e+00 -4.228818633263736970e+00 -8.040841718280798744e+00 3.272618785137955122e+00
0.000000000000000000e+00 2.617353600769527500e-01 3.455937151566722321e+00 2.427996416396543289e+00 7.946796618129660317e+00 5.229490705043535748e-01 6.697981299285863166e+00 4.070815886089267366e+00 -5.865108999752823848e+00 -9.235072424493139920e+00 3.141138423072299179e+00
0.000000000000000000e+00 -7.223896447058926196e-01 1.706993420382230786e+00 2.824236787922287384e+00 8.509194576156041023e+00 1.330364121884595408e+00 6.727366695859203993e+00 3.126908165476883550e+00 -5.290857546736146055e+00 -1.141121902943596922e+01 2.309691152501408329e+00
1.000000000000000000e+00 -2.643643737719829634e+00 6.403080519718651331e+00 3.818164904120876280e+00 -1.893855576255498718e+00 5.317289583121863394e+00 7.899310157276357103e+00 -6.626938701718688485e+00 -9.888403435725953372e+00 1.691736640740261421e+00 -3.754154427827535390e+00
1.000000000000000000e+00 -4.852852883934748895e+00 4.328176402744970730e+00 3.099398677142137792e+00 -1.886917659134683234e+00 4.880758344686055850e+00 9.091070309137743166e+00 -6.427799471497331218e+00 -1.042011997873177265e+01 -1.902980608234192683e-01 -2.062912500889482637e+00
0.000000000000000000e+00 -8.916273916288723900e-01 1.774406635352113293e+00 1.492473150514392888e+00 7.780049444423604577e+00 1.414252793355542659e-01 5.357247293767239071e+00 4.619169913441753650e+00 -5.665402164604368629e+00 -9.178218310735065444e+00 4.736657268157091316e+00
1.000000000000000000e+00 -2.100124472046377200e+00 6.657744579334850421e+00 3.381568643057630386e+00 -8.597212197674436451e-01 4.483725015383668300e+00 7.763399061787175981e+00 -7.016534161148793913e+00 -9.036677980827299450e+00 1.268614536500591194e+00 -4.304040590749375284e+00
0.000000000000000000e+00 -5.772516203013535740e-01 2.147285810017710350e+00 1.089874918141206628e+00 9.774807643612319907e+00 1.625931387769601777e+00 6.805871397520355970e+00 4.134804339446138677e+00 -3.807033808627885207e+00 -9.783928850861380866e+00 3.981935429498821399e+00
1.000000000000000000e+00 -2.016382105448421669e+00 6.675174317664954948e+00 2.752310033426695224e+00 -1.486404051526588388e+00 5.078050154198868071e+00 8.104224756630113546e+00 -7.573651258313877754e+00 -8.540485454977334356e+00 6.744802223949600828e-01 -4.527688541539288458e+00
0.000000000000000000e+00 -1.334715780522495177e-01 2.674094146743160927e+00 1.299626110887931008e+00 9.035512807268196056e+00 1.187310661681722390e+00 7.278272862247743724e+00 2.857617541663359795e+00 -6.551851734931958937e+00 -1.003482220740816366e+01 3.982888211822879221e+00
0.000000000000000000e+00 -1.118917037029902417e+00 1.118090642491242903e-02 1.204101213533282477e+00 7.288693317276093708e+00 4.105997327879167269e-01 6.495318426152392632e+00 3.280028612014141753e+00 -4.947905592908759864e+00 -1.044635216444649117e+01 3.903095539222431576e+00
0.000000000000000000e+00 -2.185723309002979953e+00 2.319405568738762469e+00 2.796279392116593598e+00 7.538195147525637907e+00 1.401856623427346626e+00 6.665364471018122572e+00 2.732987113654867350e+00 -5.134576410474212871e+00 -8.883724908373798357e+00 3.423819876372099724e+00
0.000000000000000000e+00 -4.434521321613081879e-01 2.712379416202383542e+00 1.330383101982235861e+00 9.424186012076127383e+00 7.598190985882311566e-01 8.293138071607927486e+00 2.831702907480885489e+00 -5.096297093191996197e+00 -1.145659396372950845e+01 4.138790351788311561e+00
1.000000000000000000e+00 -5.160405403805850888e+00 6.684213648052446111e+00 4.359642510381418035e+00 -2.808366384974216867e+00 5.970507289818036689e+00 9.223856510947634035e+00 -6.819876637755155180e+00 -8.831566987345327746e+00 1.387476055205810521e+00 -3.458863233033243834e+00
0.000000000000000000e+00 2.867855511986143746e-01 2.329251346659770405e+00 2.391244526292849226e+00 7.607711494071343949e+00 1.142753970196225710e+00 7.027069269338416468e+00 2.820455048200649628e+00 -4.486125500342794226e+00 -9.698491619607899850e+00 4.501451108361761655e+00
0.000000000000000000e+00 -1.136814653842065814e+00 2.604414512802143200e+00 1.646340017588032723e+00 7.979245511543451741e+00 1.379512275291096213e+00 6.625797285524164693e+00 4.779094937097702278e+00 -5.479194645659335450e+00 -1.117950480565721527e+01 4.192738827404542512e+00
0.000000000000000000e+00 -1.584795835630099514e+00 2.067693977620954637e+00 4.831087139742102909e-01 9.246683144324912007e+00 1.500278594641992980e+00 5.833192110400275965e+00 2.637972487978906155e+00 -4.710221245111473110e+00 -1.108103101087450604e+01 5.990437149442218612e+00
1.000000000000000000e+00 -1.659719124089296560e+00 6.120025870620962927e+00 2.005857456413881579e+00 -2.471668323804298240e+00 5.444471452571131742e+00 7.792600168958085050e+00 -5.784154098387592313e+00 -9.891958549471709716e+00 -3.050194705911135618e-01 -3.256673687407415585e+00
0.000000000000000000e+00 -1.704115843795867669e+00 2.509665861624340799e+00 1.050721699082576954e+00 1.019208145222327033e+01 8.704098679979638264e-01 8.935096715477763851e+00 3.534903958910081023e+00 -4.711798804091313464e+00 -9.282134409855492763e+00 2.672985623985188575e+00
1.000000000000000000e+00 -2.863354957567515235e+00 5.617660511003619739e+00 9.892155407066844930e-01 -1.420734562679648816e+00 4.776321641039069199e+00 8.048046576657361229e+00 -6.608940581196698361e+00 -1.044074125699735767e+01 3.040156822123688762e+00 -3.799966937788754606e+00
1.000000000000000000e+00 -2.607280207055213239e+00 4.991791326880907320e+00 3.876699257992097358e+00 -7.002617883938179189e-01 5.742768030123155398e+00 7.923433354820001995e+00 -8.093041964897553342e+00 -9.716382068892702506e+00 2.588290870079042350e+00 -4.467126595691187418e+00
0.000000000000000000e+00 -8.499148281135434635e-01 2.376726127185136761e+00 1.680125984205346867e+00 9.535948753424580815e+00 4.553603627396004550e-01 6.145364463478286687e+00 4.158030713763209540e+00 -7.361075950138497248e+00 -9.427860933761895268e+00 3.100507537228658350e+00
0.000000000000000000e+00 -1.359447987183298512e+00 2.738166162674524617e+00 3.269765373988501977e+00 8.525881646265899505e+00 1.163933363381003394e+00 6.714137397960179499e+00 3.353266924147341843e+00 -5.839249781428320851e+00 -9.003062867370346112e+00 4.733894032051711775e+00
1.000000000000000000e+00 -3.106744274905471226e+00 5.766636372263468147e+00 2.398813526051851941e+00 1.760558363627897638e-01 4.194248288648531720e+00 1.025487950156391825e+01 -5.347910630378124530e+00 -9.826204883422734682e+00 -2.597692800513049516e-01 -5.905416289888034242e+00
0.000000000000000000e+00 -1.136803233362945642e+00 2.070796747095067669e+00 1.760720279881110573e+00 7.309520941375522440e+00 1.702487523223961130e+00 7.094781080688182584e+00 3.811526884647004731e+00 -4.371339271321911468e+00 -8.459486055721370690e+00 4.215529556352724860e+00
1.000000000000000000e+00 -4.044673970222740778e+00 7.198607231141817664e+00 2.833100960359030029e+00 -1.161602809465427821e+00 4.519201122368716739e+00 9.151461996670803956e+00 -7.692366795594333340e+00 -9.019494473965131931e+00 1.460868069598359353e+00 -4.541037794321230336e+00
0.000000000000000000e+00 -8.857395021705203320e-01 2.339581498566132289e+00 1.126602646028010524e+00 8.213433844663169836e+00 1.294342122140880180e+00 4.629276469401372829e+00 3.621817399548271421e+00 -5.387904641826157359e+00 -9.397858529240341596e+00 3.654868988870199953e+00
1.000000000000000000e+00 -3.766613274312217818e+00 5.141694987626769020e+00 2.342713116957727326e+00 2.262182854582219793e-01 3.881385165710062424e+00 8.568270706481332155e+00 -7.167116941613943304e+00 -9.114857741880628694e+00 2.792256244446576829e+00 -4.147321297126807416e+00
1.000000000000000000e+00 -2.142853197296649803e+00 6.499149423390127467e+00 4.288162348359053411e+00 -8.262260635793704511e-01 7.495575817341620706e+00 8.099930167975969653e+00 -7.047851172566189426e+00 -8.549196897076150492e+00 2.193139487959185008e+00 -6.258194971396226158e+00
1.000000000000000000e+00 -2.652011908623731262e+00 7.213005965201838343e+00 2.154098171412430318e+00 -1.766226753114694459e+00 5.144189436960497019e+00 8.326643326676302692e+00 -5.153725789399906887e+00 -1.059315509727041160e+01 9.077103693594223977e-01 -2.910316615522746453e+00
1.000000000000000000e+00 -4.644415302261970524e+00 5.126715722977371215e+00 2.233903805503902440e+00 -2.565415874927618134e+00 4.914895557352239486e+00 9.919532303200293555e+00 -5.107022434123074106e+00 -1.122699143149121959e+01 1.257650676295568815e+00 -4.606253359635797295e+00
0.000000000000000000e+00 -6.230027600619114647e-01 2.607722376860179381e+00 3.117616605884448333e+00 8.997318525361766461e+00 1.961148512768671415e+00 5.932680638785882365e+00 4.467531494547878346e+00 -4.787615215361555876e+00 -9.134473084112007868e+00 4.033662961023509297e+00
1.000000000000000000e+00 -1.726016716153533803e+00 5.959757944840607280e+00 2.757393951997484383e+00 -4.277579620984206521e-02 7.018258971888831077e+00 9.685371073547859311e+00 -6.116528419158349550e+00 -1.049311610875817458e+01 8.580186650357579659e-01 -3.502034866202354380e+00
0.000000000000000000e+00 -6.968059394947305751e-01 2.291267888377962247e+00 2.975011127097150432e+00 7.268235278841814306e+00 7.808221244117488080e-01 5.671349870823898520e+00 3.040712059610490847e+00 -5.374318790427647485e+00 -1.075796152895783919e+01 4.071845131691844699e+00
1.000000000000000000e+00 -3.029115870112819575e+00 6.735524190839730529e+00 2.725439133751197396e+00 -1.578304065487487362e+00 6.776711851309773493e+00 7.296427953107664344e+00 -5.817774881419236266e+00 -9.650683436436935381e+00 1.152541269678503344e+00 -3.138228543742247467e+00
0.000000000000000000e+00 1.419776646308006374e-01 1.744674810679308408e+00 3.285700802312002455e+00 7.365674477070926152e+00 8.150927238259306762e-01 6.617689139616159011e+00 3.772132468889051626e+00 -4.608858574984894041e+00 -1.017560695061537146e+01 4.696730276148771921e+00
0.000000000000000000e+00 -1.379743982965588422e+00 1.806043917310532265e+00 3.197956961554079935e+00 7.928866627236031306e+00 -1.461336522446730068e-01 6.163404125409328138e+00 3.560660426764894027e+00 -6.415301520143401603e+00 -9.768721007004181445e+00 4.113460071219442682e+00
1.000000000000000000e+00 -1.901483234717024073e+00 6.306046621530176921e+00 2.219130785370842851e+00 -3.270078035825637386e+00 5.625770554755056274e+00 8.122800734127050504e+00 -5.767021044615293413e+00 -1.039982597035978529e+01 2.368187172827341591e+00 -4.503535328919991088e+00
0.000000000000000000e+00 -1.069352034028028919e+00 3.219027262864138095e+00 4.006500554264683878e+00 7.737091460419739164e+00 1.309510924767788076e+00 6.913833276529492089e+00 4.160862575454667756e+00 -6.373104902716714371e+00 -1.135219667763657725e+01 3.759670539492788066e+00
1.000000000000000000e+00 -2.769631038404039014e+00 6.445585556921854753e+00 2.881246611286988113e+00 -2.881335365942984783e+00 6.426479197481238970e+00 8.356580424796293372e+00 -6.768730957368908285e+00 -1.012753747850127439e+01 4.478384916170364605e+00 -4.221328096797713592e+00
1.000000000000000000e+00 -3.144955784278994582e+00 5.710506615928254703e+00 2.748460674241271828e+00 -2.057757710479145796e+00 4.764736246824402777e+00 8.830550631860473842e+00 -6.452172295111117784e+00 -8.877091292200439909e+00 2.331276627780023425e+00 -2.192504955041632897e+00
0.000000000000000000e+00 5.380169666526406491e-01 2.694272238446322909e+00 2.592184181759813910e+00 9.666336576701768379e+00 -2.716594254068587233e-01 6.626799835917856818e+00 2.905347203839468762e+00 -5.143232930726296281e+00 -8.619446137654865225e+00 3.771419927917235793e+00
0.000000000000000000e+00 -1.101333893229550442e+00 3.368737977858736521e+00 3.059682604816376106e+00 8.898650189228515472e+00 1.266819071109025918e+00 6.987685122794487391e+00 2.709631166887999321e+00 -5.797321914997647596e+00 -1.026006922089268336e+01 2.810647417557569749e+00
1.000000000000000000e+00 -2.042968473341635338e+00 8.944827578754537711e+00 3.604439583531116043e+00 -1.883156806525529303e+00 4.681706216938996690e+00 8.832427824658347859e+00 -5.982375745916978182e+00 -9.359399847929495309e+00 1.275617025340923805e+00 -5.282057295723166845e+00
0.000000000000000000e+00 -1.339624613664643249e+00 2.683104002866167459e+00 1.426506247535197724e+00 8.917958122680156308e+00 1.475290420411209613e+00 9.091906045698959105e+00 3.066848080580487412e+00 -5.516665913997264248e+00 -1.010442902120219699e+01 4.040477876536690438e+00
