0.000000000000000000e+00 -4.095305425649558018e+00 -7.020463225961421472e+00 -9.042027318710150752e+00 5.073935865644390475e+00 2.158969366484599028e+00 7.196443727415871017e-01 5.495963305784274944e+00 -7.728870979312566725e+00 4.315374158366303448e+00 -3.293220292529087434e+00
0.000000000000000000e+00 -4.547212202377409085e+00 -7.549078661764325737e+00 -9.802130599387735899e+00 5.135551808712591537e+00 2.539104205710990492e+00 4.048071259173868341e+00 5.975634089146573125e+00 -6.011778218688575315e+00 3.865409725599020074e+00 -4.346488581969318865e+00
0.000000000000000000e+00 -5.779873724939919022e+00 -7.961017749290314249e+00 -8.860967786531688262e+00 3.166984097974173018e+00 2.968449851812229312e+00 2.474723245287584916e+00 6.733602570808145060e+00 -5.644242693438058289e+00 3.953800333615129947e+00 -3.136165054983957035e+00
1.000000000000000000e+00 -8.708375542676600745e+00 -1.006930417810364986e+01 3.331143840591099803e+00 3.252476315455441469e+00 5.795827848801292648e-01 5.042680333114289759e+00 -5.835649163096761072e+00 -4.040275402052485032e-01 9.143640238931094899e+00 -7.441629741832249678e+00
1.000000000000000000e+00 -8.604693679159037600e+00 -8.102063826078238051e+00 4.802945701359530695e+00 4.089261181740870832e+00 5.150541345037087382e-01 3.988882677310356506e+00 -4.514177301307029211e+00 -1.460739639743517948e-01 7.229228616064392376e+00 -5.709384806440512605e+00
0.000000000000000000e+00 -4.733851575394656841e+00 -7.201281105574919295e+00 -1.035795701264026114e+01 4.568566523610987140e+00 1.370063326411393723e+00 1.222197835113846942e+00 4.669038280320953582e+00 -6.690998444342931784e+00 4.934360806326180793e+00 -2.619426272386146781e+00
1.000000000000000000e+00 -9.186418472494205290e+00 -8.529711577065672401e+00 5.632260809621961073e+00 3.707837604497169259e+00 2.621648145584302148e-01 2.864845850963307683e+00 -6.387416797469361640e+00 -9.617525915214719667e-01 9.643802010186773188e+00 -9.609397889827203443e+00
0.000000000000000000e+00 -6.019274174868046501e+00 -6.671504473227285459e+00 -9.347366785366565622e+00 2.978519533148446641e+00 2.261764925211558364e+00 1.216718678991250524e+00 5.535883372877836273e+00 -6.513746013835904236e+00 4.579117439915957988e+00 -3.852075763281272103e+00
0.000000000000000000e+00 -5.832212536864185282e+00 -6.440990626119954321e+00 -9.057376930448718610e+00 4.150969924006873590e+00 8.199451034010758477e-01 2.159045380866670527e+00 5.337240722881701593e+00 -7.108255302014820032e+00 4.599279582149567780e+00 -3.462588335230879721e+00
0.000000000000000000e+00 -5.304238270252454868e+00 -8.525615194215873771e+00 -9.395172904646869938e+00 4.768645817755866823e+00 9.037905386530181717e-01 9.686527621626035423e-01 6.257887992809981093e+00 -7.004871356717907283e+00 3.065890097486709376e+00 -4.857050346383961603e+00
0.000000000000000000e+00 -4.521337842144578900e+00 -8.329794521033729637e+00 -9.135373955591269635e+00 4.962899214245294566e+00 2.261806875383270299e+00 3.589247022820033273e+00 4.599305280701573295e+00 -6.672985453379251197e+00 4.649764507132881697e+00 -2.088608986594672423e+00
1.000000000000000000e+00 -9.353064612150303603e+00 -7.730792600954941918e+00 3.886562370240329578e+00 4.011670299427981590e+00 1.385085047253256985e+00 4.535696013446502306e+00 -5.411781561066669965e+00 -9.728858278762255729e-01 8.222114085138020556e+00 -5.534356361571020066e+00
1.000000000000000000e+00 -8.869582919642073904e+00 -7.606161287294012752e+00 4.970133093660773049e+00 3.857120719938808229e+00 1.356471550546118232e+00 4.234112031824405875e+00 -6.275535680240860614e+00 -7.170891684347827644e-01 8.487325531515621080e+00 -7.935680390754707325e+00
1.000000000000000000e+00 -7.645255605261201737e+00 -6.968895284803503287e+00 4.348634238202171431e+00 5.639171201182832327e+00 1.812670782563164495e+00 4.746294521937278965e+00 -6.114856204514357074e+00 4.551854826711930757e-01 9.633458507861178077e+00 -8.403718810335512046e+00
1.000000000000000000e+00 -8.908228966364058365e+00 -9.408737245827413886e+00 2.426620426765714988e+00 3.074232353002206874e+00 1.340298102967709459e+00 2.959705230442631674e+00 -4.376302266618960601e+00 2.434791599405914386e-01 9.589973890001768808e+00 -6.462258818062884380e+00
1.000000000000000000e+00 -8.206152080768216450e+00 -8.581554556714870330e+00 3.078490271237789067e+00 3.594926250714783666e+00 6.675406087201256611e-01 4.686758488358306884e+00 -5.668732326360684581e+00 2.323365607897012186e-01 8.036363090789341967e+00 -6.862041924646865354e+00
0.000000000000000000e+00 -5.828060225889573509e+00 -7.551034895517662271e+00 -9.200078318326577076e+00 4.540087734217446602e+00 2.072470870646831997e+00 1.987746813343788777e+00 4.891518979075823559e+00 -6.750344294141329193e+00 4.584133718017508130e+00 -2.586700523616482617e+00
1.000000000000000000e+00 -9.576401453539309827e+00 -7.575459111883893648e+00 4.303135880727354312e+00 4.520065636595487213e+00 -3.204493589436225864e-01 4.035314249059316793e+00 -5.695119774600764018e+00 7.632470376617669361e-01 8.768304946607004879e+00 -6.272645263839340402e+00
0.000000000000000000e+00 -5.607613078616490832e+00 -5.715046571265785857e+00 -1.059570445545770490e+01 4.534288176976259521e+00 1.671502600703578034e+00 1.467452070869206038e+00 5.795343456944102911e+00 -7.446218651954936263e+00 3.711328609430855074e+00 -3.706087497172145362e+00
1.000000000000000000e+00 -8.343834465882132179e+00 -8.682516003659928927e+00 2.140968860789721706e+00 5.431596905055332769e+00 1.167254408962850043e+00 4.266027850849366310e+00 -5.369514356767650654e+00 1.282369911497509118e+00 8.027100812532411922e+00 -8.881843655660397019e+00
1.000000000000000000e+00 -8.820103223292274919e+00 -7.472997238900965122e+00 4.473734911384488200e+00 5.748725145194425679e+00 4.659101117484270027e-01 2.936269804982691412e+00 -5.744132726335528183e+00 -1.743578587803222613e+00 9.330469800485404974e+00 -6.851701340681390029e+00
0.000000000000000000e+00 -5.003960139513190519e+00 -7.748618426888495669e+00 -8.620909844115065113e+00 2.862021778360496427e+00 1.775656782673297629e+00 3.252618811583304570e+00 6.559370529203127020e+00 -6.937200741270115323e+00 3.464665181854766907e+00 -3.513878562497221747e+00
0.000000000000000000e+00 -4.888839535138825632e+00 -8.035951381025338236e+00 -9.282175198266960692e+00 2.960829224537411708e+00 6.562406260744471087e-01 3.060190263759170470e+00 4.641694394642531307e+00 -6.157273144922960739e+00 3.899767306047389415e+00 -4.561379302337259745e+00
1.000000000000000000e+00 -9.203579762860879754e+00 -7.192344563582065753e+00 4.050856170633393205e+00 3.690548431495083825e+00 1.268657747186856755e+00 3.870317686331272267e+00 -6.742517866219043476e+00 -4.977051598620920725e-01 9.722040630867590849e+00 -7.053477485357269927e+00
0.000000000000000000e+00 -4.973709503001327192e+00 -9.835004044842047932e+00 -1.054526745199077808e+01 4.902870730137445676e+00 2.127126071392337003e+00 3.170907919651434703e+00 5.864851982290519850e+00 -6.348647947090924504e+00 5.546787885510851446e+00 -4.271539165495668477e+00
1.000000000000000000e+00 -8.288023586427392786e+00 -7.976558912086406217e+00 2.897722260347591838e+00 5.120470088671236653e+00 1.569709569025538265e+00 5.304356470497854303e+00 -4.530286702515531339e+00 1.350843409095250136e+00 9.788189742947242422e+00 -7.086448660101254404e+00
0.000000000000000000e+00 -5.393547972289103321e+00 -8.628441802914233349e+00 -1.004976034753337899e+01 4.897646977204201946e+00 2.290284710208298158e+00 3.683939740795793671e+00 4.959948991010938002e+00 -7.714014013036202044e+00 4.544475439614405587e+00 -3.956683955951287412e+00
1.000000000000000000e+00 -8.545898595395815533e+00 -6.700520922210199792e+00 3.748559822351694493e+00 4.268491829689332384e+00 5.436688814362314881e-01 3.332738345598041274e+00 -5.488202772843409072e+00 6.861477773690854987e-01 7.978113151516728507e+00 -6.348721785424968900e+00
0.000000000000000000e+00 -6.171641217079098851e+00 -7.634731038817418103e+00 -9.502706992051283663e+00 4.243987174569802789e+00 3.498537171819301683e+00 2.590160682022182304e+00 5.985305150059065049e+00 -6.185440274823876372e+00 5.956968974270234085e+00 -2.689130721977990746e+00
1.000000000000000000e+00 -9.573046426076677662e+00 -6.805426995511117738e+00 3.456162423906226522e+00 4.285473955672502555e+00 1.155690386980040785e+00 2.572990481249858519e+00 -5.983442287901405976e+00 -3.072524859605168523e-01 8.077934748226635264e+00 -7.059960921164561753e+00
1.000000000000000000e+00 -9.649702640510771090e+00 -7.626542385427412363e+00 1.263676417328686519e+00 5.038016301688636567e+00 2.995890401473061626e+00 4.030191233921273763e+00 -5.825087968041390951e+00 -6.358070033197904536e-01 9.117670912760685198e+00 -6.062288418049504912e+00
1.000000000000000000e+00 -7.668071975728969925e+00 -9.314868410975439161e+00 5.366698437036811598e+00 5.213135017079185474e+00 1.532820890005650361e+00 2.882155379456294853e+00 -6.200942202034227080e+00 -1.437661431193265060e-01 9.738303157629889739e+00 -6.713327671237710348e+00
1.000000000000000000e+00 -1.124133354250671957e+01 -8.546714222266281524e+00 3.894855731332126147e+00 6.129077038434213698e+00 1.033237752230704798e+00 4.849355775498514376e+00 -7.452632762329674421e+00 1.286101753822149529e+00 9.842558139244466986e+00 -6.925664493476018535e+00
0.000000000000000000e+00 -5.381838340610091365e+00 -7.605702084952810083e+00 -8.391583603352954057e+00 4.621914304447985344e+00 1.254701155932806289e+00 2.218958288822991953e+00 6.569717254812998064e+00 -5.889921101497017197e+00 5.155998926848103459e+00 -2.642913378215600240e+00
0.000000000000000000e+00 -6.368585409215468118e+00 -8.016045893873096517e+00 -9.834490352971817728e+00 4.757097220045169550e+00 3.217090022638140034e+00 3.527806353381198079e+00 6.203238989566239425e+00 -7.078822528035177974e+00 3.786193481552892592e+00 -3.998524674482323515e+00
1.000000000000000000e+00 -8.819914539467147208e+00 -8.317795996512835188e+00 3.924191285238710414e+00 4.146386278914072854e+00 1.745645400179015594e+00 4.097140714441674270e+00 -6.805199516950279914e+00 5.911772872066571871e-01 7.337006642424109160e+00 -7.112724952930726374e+00
1.000000000000000000e+00 -8.145976081042450190e+00 -1.008331985900520067e+01 3.316792346432871241e+00 3.914160020671658469e+00 1.713156152199561966e+00 4.230073540222849537e+00 -5.769197596360451818e+00 5.225588897323775184e-01 8.727763351972422257e+00 -7.210403959335129009e+00
0.000000000000000000e+00 -5.251893873538643120e+00 -6.144877807126888136e+00 -8.516820592812594626e+00 3.039772711845713626e+00 2.249499604400488462e+00 2.166696923753105075e+00 4.582951116254680102e+00 -6.056457278618955442e+00 5.657505628540575593e+00 -3.686355029501701797e+00
1.000000000000000000e+00 -9.004728607184777189e+00 -6.233873503791309112e+00 3.684086189480095364e+00 4.075405509969623807e+00 1.077502136686360190e+00 2.857976810770161968e+00 -5.588202366353223205e+00 -1.063989936469399433e-01 7.693573378335633706e+00 -7.023003874614564879e+00
0.000000000000000000e+00 -5.197819082053771744e+00 -7.534287498667765703e+00 -7.877039433946995572e+00 2.921789831465275267e+00 1.684916601295102012e+00 2.888209614322975849e+00 5.521621069704545803e+00 -6.976273353529097498e+00 3.018827314598090172e+00 -3.763865712835105626e+00
0.000000000000000000e+00 -5.381081413718559858e+00 -8.148992237924906235e+00 -1.001922746311915979e+01 4.190236811467082489e+00 1.006452150603754259e+00 1.514002575012947105e+00 6.101322200645302729e+00 -7.002699811821300635e+00 2.799394967211923824e+00 -2.856416458268906222e+00
0.000000000000000000e+00 -6.294388491657652018e+00 -6.367420813558243964e+00 -1.049639728987432008e+01 3.324774184429406532e+00 8.430726741410876635e-01 4.330433914523693417e+00 6.020723367096961098e+00 -6.749201052439078197e+00 4.544149203793724112e+00 -3.974839554075446646e+00
0.000000000000000000e+00 -5.607557207406327571e+00 -8.779593319231294046e+00 -9.462130825163932002e+00 3.000995612690394942e+00 2.696810193042453285e+00 3.698629063109567738e+00 4.765469795822221855e+00 -8.223969368532332069e+00 4.440730219479261720e+00 -4.941973229104769771e+00
1.000000000000000000e+00 -8.064938391888867741e+00 -7.563668214386766842e+00 4.166899111814051260e+00 5.008907144327912953e+00 3.382999633393742211e+00 3.613194537477280921e+00 -5.185742016558331002e+00 -1.036814737302287348e+00 9.043655932677578946e+00 -7.242713343885187172e+00
1.000000000000000000e+00 -1.069951672254094710e+01 -7.100028784307373719e+00 4.549556105176450593e+00 3.942337011083813625e+00 1.715591458261409130e+00 5.885380163730271619e+00 -6.532627960607438666e+00 -1.180217917713973219e-01 8.907732548863373623e+00 -5.787239246945953930e+00
0.000000000000000000e+00 -4.788147171628082788e+00 -7.963110686277728334e+00 -1.005641472711208628e+01 2.024115407415321588e+00 1.741867209971918795e+00 2.312271738749839045e+00 4.785391896072280993e+00 -7.465215151596436449e+00 5.026252038791641397e+00 -4.100474480072064942e+00
0.000000000000000000e+00 -5.198096451622189917e+00 -6.788337702645197425e+00 -1.043794971348940948e+01 3.742678975469968528e+00 1.510268094925611315e+00 1.648756495733942007e+00 5.114300655161767573e+00 -6.523802280251433494e+00 5.432583603739697509e+00 -3.052872712712138892e+00
1.000000000000000000e+00 -8.272662070510811816e+00 -8.277077076913357701e+00 4.042614621609629921e+00 4.576226522060980351e+00 1.788264489634804555e+00 4.052783992635306198e+00 -6.817484587721134304e+00 -1.119042148490561717e+00 1.012774710740461970e+01 -7.828200263117821578e+00
0.000000000000000000e+00 -5.863442020285142497e+00 -6.702707441580995074e+00 -1.003656592341665821e+01 2.964218771279899745e+00 3.217430026067426674e+00 -5.848460793593357465e-01 4.049807521170816216e+00 -6.490902502557269749e+00 2.872079917980046027e+00 -4.023607639309482842e+00
0.000000000000000000e+00 -5.864750316584776968e+00 -6.452071244540578121e+00 -1.028032937039957950e+01 3.240857188415553480e+00 1.375828354347183868e+00 9.902746747060486854e-01 4.535444281744740458e+00 -6.329215168118436985e+00 5.184227473611734638e+00 -3.547071896227481425e+00
1.000000000000000000e+00 -1.019872985535498877e+01 -6.828781465560417097e+00 5.301522477834721414e+00 2.755861106902679936e+00 2.013177504939846152e+00 3.489405867120128679e+00 -5.282945491355672374e+00 1.543089224418076721e+00 9.889800609067759041e+00 -6.259684916349169015e+00
0.000000000000000000e+00 -6.860308959568277132e+00 -6.273814552741906247e+00 -1.004140439728750245e+01 4.477693611136166929e+00 2.159973155342159945e+00 2.228456970770969381e+00 6.150781377915111925e+00 -6.528114618671436276e+00 3.090901067629817867e+00 -3.130982510098150762e+00
0.000000000000000000e+00 -5.158864299523113317e+00 -7.422068894753330426e+00 -7.968043708161114402e+00 3.384428945829561108e+00 1.374595279151375804e+00 2.029462259959154302e+00 4.173503545284010130e+00 -7.934258298896772921e+00 4.145570085372318303e+00 -3.182917589197015840e+00
1.000000000000000000e+00 -8.864306025072451689e+00 -6.943050544253576817e+00 4.876525868249918183e+00 3.914806258504493819e+00 1.370118583293355563e+00 4.046249125304962391e+00 -7.269374274227853761e+00 -3.227313430724358390e-01 8.713082432953765277e+00 -6.002038916963468473e+00
1.000000000000000000e+00 -7.929126795526602045e+00 -9.004246499145237337e+00 2.925921569025539792e+00 5.226961466047738369e+00 1.689421082751083825e+00 4.502895166158191742e+00 -6.684616762560768422e+00 -4.204294110258550987e-02 8.302690766398338695e+00 -6.803225293206978108e+00
1.000000000000000000e+00 -7.831686036925112226e+00 -6.857801199812675108e+00 3.981413250426827588e+00 5.043250404887396954e+00 -8.347629251840589237e-01 3.349592295597953129e+00 -5.370572282285612786e+00 8.257771519203058186e-02 9.762431974783225996e+00 -7.918899102504299847e+00
0.000000000000000000e+00 -5.149448089000775219e+00 -6.835393700375020920e+00 -9.706303153972390518e+00 4.972507828567668930e+00 2.542137322662256782e+00 1.988992215464104651e+00 4.665555375821139883e+00 -6.262430980234336531e+00 3.765417797478121553e+00 -3.781655251366580206e+00
1.000000000000000000e+00 -1.068985418097611273e+01 -7.387792243136136250e+00 5.299829939984149973e+00 4.082153781335076559e+00 -5.438902970558168182e-01 3.433923087875583313e+00 -6.334895563071963664e+00 -1.111116407030495301e+00 1.036078973613325083e+01 -7.132308292673226191e+00
0.000000000000000000e+00 -6.467949962899038674e+00 -6.862437350353453702e+00 -9.463974502138613687e+00 3.007494820427614179e+00 2.985474578174141413e+00 2.204392393974825115e+00 6.452244311931984555e+00 -7.893724670305166669e+00 3.275167779877237617e+00 -4.257279449925073678e+00
0.000000000000000000e+00 -4.623409802234960786e+00 -1.182346883503893409e+01 -9.881293691037827287e+00 3.996162009093890077e+00 2.343334745319960444e+00 1.379853923199612975e+00 5.836109486428087578e+00 -7.268047281366118995e+00 6.202395173493950864e+00 -3.830512259733150238e+00
1.000000000000000000e+00 -6.925699717092220986e+00 -7.460559918082438458e+00 4.285224541357059103e+00 3.932930092443984726e+00 3.112488113843607795e-01 4.508803470920149437e+00 -5.998241248437835793e+00 -3.728259168869148543e-01 9.208878764599909061e+00 -6.549313588235948558e+00
0.000000000000000000e+00 -5.597450885444094304e+00 -8.682531380986519665e+00 -8.891900914664443434e+00 1.856281782071774078e+00 2.155801699805630633e+00 1.683537434348492123e+00 5.196646816896090648e+00 -8.728292856446760339e+00 6.103255694082379890e+00 -2.523213842427229459e+00
1.000000000000000000e+00 -8.345324158574227269e+00 -8.913551078562123919e+00 3.243451857228853097e+00 3.467695777335008778e+00 2.456521230820151835e+00 3.721152233467168280e+00 -4.454722328580661639e+00 -4.892957167623602777e-01 8.130103962217974711e+00 -6.862993092338394163e+00
0.000000000000000000e+00 -6.232114392119902035e+00 -7.295917754694843715e+00 -9.216086580796662986e+00 3.866768668516836094e+00 2.418627038747368285e+00 2.852745767455724391e+00 5.453535460508727617e+00 -6.453960081937891502e+00 4.627388545172170353e+00 -3.775823906024972310e+00
1.000000000000000000e+00 -8.884199018433193373e+00 -7.861987590073163723e+00 4.199516455926691094e+00 2.669264534416462276e+00 2.343293276444407880e+00 3.293750151067579512e+00 -6.449513492892276822e+00 -8.443555186668579848e-01 1.011065369212512444e+01 -7.592883850051510564e+00
0.000000000000000000e+00 -6.423758559875992091e+00 -5.589828274508848338e+00 -9.364150112929845449e+00 2.626331758411490469e+00 9.211645499340589405e-01 2.629743294099062823e-01 5.688384915030519018e+00 -7.072107607514380057e+00 2.847136200743022538e+00 -3.922005894706748652e+00
1.000000000000000000e+00 -9.149138242605465265e+00 -7.952666711959407664e+00 4.748625495673490349e+00 3.490566128869359019e+00 -1.387462763653004583e-01 2.995612219033862544e+00 -5.332677875069272488e+00 4.768251489906623064e-01 8.047958854653904481e+00 -6.591591825553578587e+00
1.000000000000000000e+00 -8.515518787671787493e+00 -7.897471839906859081e+00 4.612877742284948290e+00 5.272910492438152907e+00 2.005101164788070101e-02 3.848038865960809130e+00 -7.610289890160636617e+00 4.303843090783603387e-01 8.101428918796052869e+00 -7.495238683929509094e+00
0.000000000000000000e+00 -6.414581784722953373e+00 -7.884416541739907025e+00 -9.605389872231887338e+00 5.090394025287245938e+00 1.955186747407755110e+00 1.968449234146372406e+00 5.996225122631639870e+00 -5.847415879717325460e+00 4.581744802383336257e+00 -4.860347270188128732e+00
0.000000000000000000e+00 -5.816299583844685372e+00 -7.449719189007977249e+00 -1.055400297737431003e+01 3.908822871950849542e+00 1.391122408387199805e-01 1.384592382659393550e+00 5.746510804391693483e+00 -7.460306096641109441e+00 5.526345020855396584e+00 -1.994208489688922281e+00
1.000000000000000000e+00 -7.850069640987235253e+00 -9.040003624255994907e+00 4.165618377641708392e+00 4.760383065907981326e+00 1.409760246948094098e+00 5.592483007739067702e+00 -6.168197970260054674e+00 -5.134663966660987233e-01 9.787043568143829475e+00 -6.584524515135476541e+00
1.000000000000000000e+00 -1.012812480428813977e+01 -7.001683207122591845e+00 4.068889177577112548e+00 6.372222477351879633e+00 2.394718876560200549e+00 5.965228129477639030e+00 -5.605295928444761877e+00 -2.717108380896783304e-01 8.555547116002161445e+00 -6.075812689153830881e+00
1.000000000000000000e+00 -9.488666381613628076e+00 -9.698659955639666208e+00 4.363654031943869249e+00 4.943319904117174701e+00 9.051814593665215014e-01 3.069225205349428443e+00 -6.296218645035513539e+00 -1.809456806738969636e-01 9.052372465716331362e+00 -6.999358133110990643e+00
1.000000000000000000e+00 -7.281327466512436786e+00 -8.621809251267801955e+00 4.840924338873112909e+00 5.047175468262540932e+00 1.173227660099354974e+00 5.456806304397342267e+00 -5.663924848569561021e+00 -9.051826816156469113e-02 7.716427856756517656e+00 -7.539738089242340457e+00
1.000000000000000000e+00 -8.235053234644864162e+00 -6.807084242022239273e+00 2.878197163851968998e+00 3.086564839534592153e+00 2.017726623277698472e+00 2.821623910087164955e+00 -5.236815656448249534e+00 -5.173601713673589009e-01 8.418500112984105499e+00 -8.052551446361366771e+00
1.000000000000000000e+00 -9.925066395860348223e+00 -6.885897415720927839e+00 4.284427077240675175e+00 5.879228270743313445e+00 8.862468210698792870e-01 3.274937170243289231e+00 -6.512704643421277417e+00 5.570943528111566706e-02 8.253607510720357254e+00 -6.843423613448097242e+00
1.000000000000000000e+00 -8.962430069602824290e+00 -7.011148048510818853e+00 4.434292966669644009e+00 3.648288814184488693e+00 3.764986654524620224e-01 3.085456658038672639e+00 -5.949869372084828356e+00 6.332594039307712919e-01 9.210479515208838563e+00 -7.353746036129151342e+00
0.000000000000000000e+00 -4.431685175414685318e+00 -7.390883747024612482e+00 -9.091325807969496964e+00 4.461156196730687640e+00 3.271125275307888547e+00 1.670149768199157503e+00 6.711027875377670426e+00 -5.994354303765221381e+00 3.287675204427831233e+00 -2.573208918108853105e+00
0.000000000000000000e+00 -6.297147244220877127e+00 -5.854782932850876698e+00 -1.062382409187348209e+01 2.309155974411233103e+00 2.650260389553037221e+00 3.948674194965146711e+00 4.942928861956512598e+00 -7.535889557166189689e+00 4.325617802992304028e+00 -4.217501252892091657e+00
0.000000000000000000e+00 -5.831157776625625289e+00 -7.218808950200545027e+00 -9.239958405029430111e+00 5.241494109962259174e+00 1.785059415837937369e+00 3.533790649963983732e+00 4.532751056827676095e+00 -7.448199255282440312e+00 4.121345941070137187e+00 -3.430260852698803653e+00
0.000000000000000000e+00 -6.944561357675816282e+00 -7.481042665479766818e+00 -9.300392934322077920e+00 4.750352338442099587e+00 9.260790542197658848e-01 1.857557173564644781e+00 6.575116140586745317e+00 -6.125957559457209101e+00 4.435270810052029056e+00 -2.248873403033837537e+00
0.000000000000000000e+00 -5.843193550810122261e+00 -6.401013985336544643e+00 -9.187716544574236366e+00 3.762547064999071988e+00 2.262326248665266881e+00 2.915637055707248848e+00 5.836593442574677937e+00 -8.453779306430028839e+00 3.730986983649092537e+00 -3.993905966724551337e+00
1.000000000000000000e+00 -9.953817519077883702e+00 -7.647501827748503622e+00 4.970070351346549842e+00 5.042039041216710871e+00 1.005775055624608783e+00 4.785468967590971623e+00 -5.546023702953725376e+00 -1.202182191956104429e+00 9.350574282803478354e+00 -7.527124555571705677e+00
1.000000000000000000e+00 -9.109267628382269777e+00 -7.968085839054095842e+00 4.569954821650173749e+00 5.590640470619522517e+00 1.547150981431874017e+00 3.618831407835975789e+00 -4.313319310054194666e+00 -6.641183239256954751e-01 9.339801315914460389e+00 -6.941800932949747427e+00
1.000000000000000000e+00 -7.885018966381815098e+00 -8.626554029822713687e+00 4.072546567576255327e+00 4.581899547981159060e+00 1.654237826842591685e-01 4.370264661622834446e+00 -6.930718905261519680e+00 2.126177514231514243e-01 9.039052575477002804e+00 -6.208183655158462599e+00
1.000000000000000000e+00 -9.545723658481737317e+00 -6.809935382046534258e+00 4.027481101364283944e+00 3.600155733713671147e+00 1.513467386301067474e+00 3.983791475382331804e+00 -4.055313714910680822e+00 -9.391208098175954921e-01 8.959685789720179372e+00 -8.162080935436639706e+00
1.000000000000000000e+00 -9.813263057790752697e+00 -7.839706156327561182e+00 5.403107549234005269e+00 4.056760661347589725e+00 1.405085515533670559e+00 3.563950976732332521e+00 -5.549138521861573636e+00 8.605745932606312376e-02 1.004963544184879787e+01 -6.334356013297880672e+00
0.000000000000000000e+00 -5.349215658654718375e+00 -6.249422643547521083e+00 -1.014392521414369597e+01 2.416694238949889773e+00 2.394322376908229799e+00 1.813009296390326153e+00 5.855842943762873176e+00 -6.439938546658493301e+00 4.596002902679437341e+00 -2.835581750740808982e+00
1.000000000000000000e+00 -9.045497620370811731e+00 -8.285266150989601286e+00 3.738896470690138418e+00 5.505877026695797483e+00 1.759836694796324874e+00 4.183533121973338709e+00 -5.901316339504707464e+00 -4.957814267711822820e-02 8.760388716818498622e+00 -7.050719154573837244e+00
0.000000000000000000e+00 -4.026363126285460226e+00 -7.548710199772505014e+00 -9.713838244336066907e+00 3.105818395712637514e+00 2.435711666451617852e+00 2.447080945286617126e+00 6.478289371844770272e+00 -7.045686476427638567e+00 4.977556918470588343e+00 -1.586171596360445912e+00
1.000000000000000000e+00 -9.375399435955063865e+00 -9.207669002469058839e+00 4.573615773943646268e+00 3.576055732574523027e+00 1.063475742382099520e+00 4.604632192080337028e+00 -6.174925973870132090e+00 -1.123259269405666005e+00 9.845377260694277766e+00 -6.783639891153799617e+00
0.000000000000000000e+00 -5.844061612011298479e+00 -8.368101402824251522e+00 -7.802462782829487686e+00 5.031124978275203219e+00 3.526884122062259319e+00 2.339499312956335064e+00 4.037865894289277335e+00 -7.880903182546028063e+00 4.056557050874635806e+00 -3.708661876307218108e+00
0.000000000000000000e+00 -6.106086069488713797e+00 -9.140937205873125748e+00 -1.058806030074789817e+01 5.457191745921688764e+00 2.778454501742392946e+00 2.497955426192619122e+00 3.598107637993104291e+00 -7.241897894673699376e+00 3.743626617275531920e+00 -2.997748785199519705e+00
0.000000000000000000e+00 -6.723969784300658503e+00 -5.596320264446900339e+00 -9.483237875167766617e+00 4.122687108064360118e+00 1.157676983322883935e+00 2.641999162991882422e+00 6.120294386533994491e+00 -7.557160427558237359e+00 3.583763491024979153e+00 -3.782645601062120555e+00
0.000000000000000000e+00 -4.344249973574955348e+00 -7.824814984698739373e+00 -9.587558400097549338e+00 3.699171032999131192e+00 2.103157170384736929e+00 1.894626908444178692e+00 6.538760003509145768e+00 -8.134945017636532327e+00 4.706904617815606429e+00 -3.139296807381786625e+00
0.000000000000000000e+00 -6.233911984699994413e+00 -7.708286616123202428e+00 -1.012506489267613929e+01 3.403518840295373327e+00 1.443155733771452010e+00 3.511066140889799403e+00 6.166486647150791534e+00 -6.173778758892203733e+00 3.326063687618256992e+00 -3.823224728025107044e+00
0.000000000000000000e+00 -6.007373062075606285e+00 -4.811261184773645283e+00 -9.672325837464754272e+00 5.470861207158566053e+00 3.072470185753719996e+00 2.599263467669963301e+00 5.029892198507108780e+00 -7.153554464908824073e+00 4.524753860005663597e+00 -3.378426278761246238e+00
1.000000000000000000e+00 -9.578232291010909449e+00 -6.857960792681301321e+00 4.699702944842674590e+00 3.503358784192074360e+00 1.703609931422792823e+00 3.258809238236884731e+00 -7.132428248315301644e+00 -7.871299222595101730e-01 9.153722037216862617e+00 -7.295089280404430276e+00
0.000000000000000000e+00 -6.484083239333255477e+00 -5.871804996308172875e+00 -1.011071273581786478e+01 3.907385925519587744e+00 1.848012542958759274e+00 2.753493595786530967e+00 4.084326393461173765e+00 -6.845290791630620930e+00 3.214210106694449731e+00 -2.851345592103812887e+00
1.000000000000000000e+00 -8.574892701491615199e+00 -7.842022287240951073e+00 3.013846081915431796e+00 3.987929231134031305e+00 7.509071843195558316e-02 4.335089968003777550e+00 -6.512132783042103412e+00 -2.003407536538552303e-01 9.201352176609370659e+00 -7.355631857880553071e+00
