0.000000000000000000e+00 4.207014431563104395e+00 -4.839886415234038175e-01 -6.751558294345949562e-01 -7.363074933745572537e-01 2.888389563349363254e+00 2.225762934222937695e+00 -1.581146157776853078e+00 2.723107345693820847e+00 -3.443786155095558410e+00 1.700310511732904040e+00
1.000000000000000000e+00 3.652002507022857891e+00 -5.196724015612704584e+00 4.705398604871042778e+00 2.153564658992646041e+00 -3.684970118244852877e+00 -6.388025192744517522e-01 -3.150254083422204587e+00 -4.269877153292984673e+00 -2.751658903856225358e+00 2.480201451442306748e+00
1.000000000000000000e+00 4.478213057374606620e+00 -2.195160769850286187e+00 4.434296300961556803e+00 2.150054912592268330e+00 -4.320506293818807464e+00 2.070429453003146403e-01 1.318165477607839975e-01 -1.830120396788958326e+00 -2.933488887444428705e+00 1.614556434964839582e+00
1.000000000000000000e+00 2.795034282285342897e+00 -4.891008378951445579e+00 3.759579817418540415e+00 2.386406451921758709e-01 -5.433506794103433180e+00 1.222523930174335582e+00 -6.950803047264342283e-02 -3.970913173083510550e+00 -2.574058396293825268e+00 4.438930504813995981e-01
0.000000000000000000e+00 4.842263603681545625e+00 1.055163975224182593e+00 -1.845987823155005536e+00 -4.742870258437792419e-01 9.614703940522872916e-02 4.894096314615745236e+00 1.845687975329464825e+00 1.942622821589374604e+00 -4.090647660063780222e+00 1.164809308042609848e+00
0.000000000000000000e+00 3.872352430667224787e+00 -1.848459886261966556e+00 -3.271486249632050924e+00 -3.137648670641532078e+00 1.306901308502724568e+00 3.482532819753140885e+00 7.869065228671610068e-01 2.845649954360643274e+00 -3.051314728838284474e+00 5.162192389678521565e-03
0.000000000000000000e+00 3.890319635149424471e+00 -5.797452208980972133e-01 -1.655582086569920008e+00 -2.663718645595579915e+00 1.284314694716862659e-01 5.391616210425964617e+00 1.974092397321381975e-01 2.905952980477314096e+00 -4.854392399391644908e+00 2.912498225639380323e+00
0.000000000000000000e+00 2.325757706303333006e+00 3.800084315813957447e-01 -1.369120747691757956e+00 -3.413591950436917877e+00 1.310617248307833105e+00 4.262061187470608914e+00 6.439649352091822432e-02 1.994110391275890404e+00 -2.601561807314986208e+00 2.004855351803421559e+00
0.000000000000000000e+00 7.525307870262810894e+00 -2.405815482855712117e-01 -6.657894972849505155e-01 -2.365578206005992001e+00 6.389826380517352744e-01 3.501037246032515426e+00 1.614281198511152704e+00 3.124657406873129872e+00 -3.481352747628182698e+00 6.076163143507474773e-01
0.000000000000000000e+00 3.509568720303359424e+00 -1.362569207763425272e+00 1.180030729337870898e+00 -8.465903923584232604e-01 1.289669572802831787e+00 4.533947967584501804e+00 1.079578323726570144e+00 2.517867390579112019e+00 -1.945844581673205953e+00 6.726201606612747241e-01
0.000000000000000000e+00 4.335567922907499927e+00 2.427718937369285790e+00 -7.544314910636352733e-01 -3.174641521331549754e+00 1.124235341115955134e+00 2.918679985953399392e+00 1.189040568470214776e+00 3.011370381888526016e+00 -3.163717478962043472e+00 1.523787427325656196e+00
0.000000000000000000e+00 3.853067553806982737e+00 -8.793549779570346558e-01 2.572992098214523793e-01 -3.234650850428357316e+00 5.202627507375763294e-01 3.991189708057895302e+00 1.199279493564949561e+00 1.858624432754953926e+00 -1.371023505988606006e+00 2.382749557130941831e+00
1.000000000000000000e+00 5.691025431378258226e+00 -3.895550240436486789e+00 3.419134517434566867e+00 3.064155642842309568e+00 -3.096183597775693741e+00 1.793682671249895222e+00 9.058104725548288272e-01 -3.366043025263723898e+00 -3.085816205667266665e+00 2.339504777722050122e+00
0.000000000000000000e+00 3.230273374712293588e+00 8.061490989680692998e-01 2.592015415873289985e-01 -1.439180416286697017e+00 9.776259895230935415e-01 1.543831387324282378e+00 1.239427452181151912e+00 2.570616948846239591e+00 -3.833507190941647380e+00 2.689021990062989254e+00
0.000000000000000000e+00 4.515807260722089822e+00 8.151926996421371419e-02 -6.526020885672916272e-01 -2.252202234171853501e+00 1.610234930561717626e+00 4.206546103299637629e+00 -5.966350462205329830e-01 2.830972154761409953e+00 -2.687176533116031329e+00 2.795927543264666415e+00
0.000000000000000000e+00 4.282855502529408831e+00 -1.748249100468372230e+00 2.468523640370832162e-01 -3.147965827913378867e+00 7.442815370756140636e-01 3.881894839783611939e+00 6.632323078459414489e-01 3.278744528226619881e+00 -2.415670679660450570e+00 4.244004068873523661e-01
0.000000000000000000e+00 5.126693411892332186e+00 -2.413874312872648087e-01 -5.197042173656152286e-01 -2.339001392859551665e+00 3.728300020714364060e-01 4.331891387445301334e+00 -8.313061733184516910e-01 1.559447734736037150e+00 -1.485092221157783499e+00 6.769132730948932419e-01
0.000000000000000000e+00 4.220433213464852784e+00 1.120736519122757180e+00 -1.936818545636297628e+00 -2.176364880061947282e+00 1.460639888926314356e+00 3.692245512965275367e+00 2.953676568564765681e+00 2.825008534436869390e+00 -1.721508192580683883e+00 -1.770128854259245266e-01
0.000000000000000000e+00 4.732655964381645042e+00 9.021456619715985115e-01 -1.067694875457084525e+00 -2.324286664895499843e+00 -6.899029485337104806e-02 3.227456193302229437e+00 -1.243093335851784276e-01 1.514052954777742599e+00 -2.743070775611122780e+00 3.533853673180505917e-01
1.000000000000000000e+00 2.956438683463070483e+00 -3.157272424612397543e+00 4.255552940056334776e+00 1.516839898864733360e+00 -3.385354375356463219e+00 1.511114697387365924e+00 -2.420782364141520482e+00 -3.900321525102076414e+00 -3.683702646258608659e+00 1.052074542404768609e+00
0.000000000000000000e+00 5.587148017816200962e+00 3.387091894048059881e-01 -1.546133046928900079e+00 -2.425306667553606577e+00 6.085723342488923437e-01 4.501565358224659086e+00 1.300795660267505260e+00 2.896453183466970227e+00 -4.473807255529361981e+00 1.645184544499714185e+00
0.000000000000000000e+00 3.565754832381723638e+00 1.166024215162029476e+00 -1.653826396700585288e+00 -2.166063970168287334e+00 2.214498777715480315e+00 3.340316047360310403e+00 4.690276473285962533e-01 4.244240189651236506e+00 -1.479156342809238689e+00 -3.706877372415817717e-04
0.000000000000000000e+00 4.130707949114436062e+00 7.285116533359540236e-01 -3.459215360936114259e+00 -1.569967431443014316e+00 4.061454814656138557e-01 2.399966184422306359e+00 1.758518455825813342e+00 2.221252247991345907e+00 -4.092854464093335309e+00 -2.271546612994332914e-01
0.000000000000000000e+00 3.924709872166024294e+00 3.473464448686929273e-01 -1.473316074268310238e+00 -1.434266769090736915e+00 2.613603003037767714e-01 3.761783074857774078e+00 1.126996068273803164e+00 2.961964392840414906e+00 -2.772421390139933717e+00 1.148471528169618283e+00
1.000000000000000000e+00 4.113287067845791789e+00 -4.280169821723845303e+00 3.853198080631957900e+00 2.772345143992183125e+00 -5.574604223135584569e+00 1.003292623249925963e+00 -1.008282999322910101e+00 -3.397341325841588322e+00 -2.524624607852901548e+00 1.138483175928006963e+00
1.000000000000000000e+00 3.729096188402080791e+00 -3.569928956135536069e+00 2.824451409533969226e+00 6.504220850428549250e-01 -5.201734017756711737e+00 1.019530597061625077e+00 -1.775124267510621578e+00 -2.312911230529118178e+00 -2.467378582083956662e+00 -4.574598091817734247e-01
0.000000000000000000e+00 3.074335347101097682e+00 -1.322359317696555903e-01 6.974710891278899094e-01 -3.071220575123672525e+00 -1.051025125498732837e+00 7.431572204429999218e-01 -7.702848013715444253e-01 2.939056768278812459e+00 -2.076844534794078712e+00 2.560528869450996226e+00
1.000000000000000000e+00 2.620848465363183166e+00 -5.706295577153976950e+00 4.496468341106536037e+00 3.042725075676666613e+00 -5.308133360747275376e+00 1.160179998073673779e-01 -2.744612951548414337e+00 -4.697582780000904457e+00 -4.324690440635158950e+00 1.916253906406502949e+00
1.000000000000000000e+00 4.627259293571388987e+00 -4.234914053585919547e+00 4.197707750818514327e+00 1.572745774080184011e+00 -4.307359017611668506e+00 1.433805311220685441e+00 -1.486267677815442001e+00 -3.871047312207444691e+00 -2.908547171568440337e+00 9.815919465193566618e-01
0.000000000000000000e+00 5.895859190480621237e+00 1.425815660561998710e+00 -1.598908863172119332e+00 -3.136287432341424264e+00 1.093381484272173410e+00 3.530535912938622012e+00 1.585080024610924232e+00 2.248719033536276335e+00 -1.838415681170742388e+00 -9.026996679553516145e-01
1.000000000000000000e+00 5.720263603155299137e+00 -3.214836219424084707e+00 3.809406582873788416e+00 9.548000174093863590e-01 -3.935202743336755127e+00 2.629390061622320918e+00 -1.144902946684268619e+00 -3.668400240588220118e+00 -3.285451208519716282e+00 7.485666960287594707e-01
1.000000000000000000e+00 4.812651397180258250e+00 -2.611830471467817105e+00 2.732958922490110076e+00 2.523521481447349668e+00 -5.760976933181616744e+00 -1.908320454159970314e+00 -7.585622574796171413e-01 -2.516942198190289304e+00 -2.054238913496759800e+00 -7.574014104777038181e-02
1.000000000000000000e+00 4.729627235297711785e+00 -4.114987158713677040e+00 3.946742334737319613e+00 3.010934290929369261e+00 -4.056654025480880499e+00 7.912736139810536695e-01 -1.647617222218030086e+00 -4.052968589450030912e+00 -2.506440405699387419e+00 -9.267706542422093907e-02
1.000000000000000000e+00 4.297598047801790777e+00 -5.075252700207045997e+00 5.744989956346559623e+00 1.395345159276953684e+00 -2.959005389410256370e+00 9.366991368743819990e-01 -2.901888266804308891e-02 -2.445707484156308453e+00 -4.064124392438222877e+00 3.353101472069844879e-01
1.000000000000000000e+00 5.823223546302870979e+00 -5.955723467691393935e+00 5.935395886566109169e+00 3.810286129529719013e+00 -3.974944241118105737e+00 1.721663316934315180e+00 -2.657358373480262603e+00 -4.177431923490454224e+00 -2.735367844112150948e+00 1.827737437575493118e+00
1.000000000000000000e+00 5.861064744240596980e+00 -2.871365487475165956e+00 4.631704004338441649e+00 1.691282217269980181e+00 -4.788464128029913169e+00 1.922125548966516995e+00 -6.538217016516423286e-02 -4.358102848743608426e+00 -4.766653288597209048e+00 2.627014954096832389e-01
0.000000000000000000e+00 4.169604700090559390e+00 -1.417247552883662554e+00 -1.621574401913939312e+00 -2.075195447486828826e+00 2.901800749137325997e-01 3.248530701725368175e+00 2.045077830615447401e-01 1.748583380708547796e+00 -3.072372481510150077e+00 2.067869325140986092e+00
0.000000000000000000e+00 5.755976828527376910e+00 -2.222483815032027632e+00 -1.229423329641028406e+00 -2.761893887882249654e+00 1.421101187840041025e+00 3.781185287517631277e+00 -3.866971608188239928e-01 3.414774273294026496e+00 -3.819924577433004398e+00 2.536931995365873327e+00
1.000000000000000000e+00 5.491368795746939035e+00 -3.517364002861468997e+00 3.319798187690345070e+00 1.991063721288821586e+00 -4.109685376831221149e+00 -5.929155339059415386e-01 -1.762191350517201327e+00 -3.671802125045019238e+00 -2.641022339948454700e+00 1.425587978047105908e-01
1.000000000000000000e+00 5.630206251696056263e+00 -5.211675167758821559e+00 5.476191534962435270e+00 1.699109002097124677e+00 -3.090079804307382716e+00 1.469058806874043555e+00 -8.236197192262680877e-01 -3.282878782110630222e+00 -2.139345535988892877e+00 1.421564242417357571e+00
0.000000000000000000e+00 3.916088143261029941e+00 1.899234278308543078e-01 9.045711869343295852e-01 -2.864337006683547848e+00 1.197092517590623739e+00 2.112896128790928696e+00 1.356255376978168004e+00 2.497936877951256296e+00 -2.386588811118041331e+00 6.797704643781996570e-01
1.000000000000000000e+00 4.442495783386812391e+00 -4.171960592921629463e+00 4.417807207693785543e+00 1.449518554654865898e+00 -4.905256299251683494e+00 -2.445934019650453095e-01 -1.222635534628306653e+00 -2.679527987791669119e+00 -5.272986765676479060e+00 9.399970163524107303e-01
0.000000000000000000e+00 3.989983558449996082e+00 -1.749104064544539483e+00 -1.880136353435730712e+00 -2.320754733514540646e+00 9.019267576155083344e-01 5.372675019891556936e+00 4.946275074772440439e-01 2.927524065260351804e+00 -3.223727628066799245e+00 1.986619102561536732e+00
0.000000000000000000e+00 3.404955343577099391e+00 8.119800043131154554e-01 -2.497523096930780451e-01 -3.611910964240428790e+00 -4.050663555947255912e-01 3.413119333737915984e+00 -3.547202417154947662e-01 2.174255724111942900e+00 -1.997289704404881627e+00 1.514770909865495341e+00
0.000000000000000000e+00 2.766471112257194775e+00 -5.139489590656965978e-01 -1.390416744975641272e+00 -2.553339365841880593e+00 1.691393183998667560e+00 3.523273964600089236e+00 -3.804211689170520216e-01 2.390574951806313297e+00 -3.865211860727344018e+00 1.580122473265508143e+00
1.000000000000000000e+00 4.407388180243557940e+00 -4.796968959038995450e+00 4.180120785671337380e+00 1.514783543726594850e+00 -5.264264248247608080e+00 -1.261783138228003143e+00 -1.350123178704861093e+00 -2.839243039795549706e+00 -2.894633060911753653e+00 -1.255813679761785817e-02
0.000000000000000000e+00 4.803875639586260959e+00 1.028418480226650278e+00 -1.027571471040230389e+00 -9.450170864220355238e-01 9.550711325463641099e-01 4.070896033858725893e+00 -6.246818328611992710e-01 2.480128515221658780e+00 -2.980894487209676313e+00 1.430392322045205722e+00
1.000000000000000000e+00 3.471456623318607715e+00 -4.571025918262558996e+00 4.567426572532752971e+00 1.213351139146316093e+00 -5.688513124446047620e+00 1.918948524569418890e+00 -1.854267863950924911e+00 -3.571547717085834073e+00 -3.596448979516860600e+00 1.504630020767642407e+00
0.000000000000000000e+00 3.061267041911845510e+00 -1.178293613826413511e+00 -1.306741278352055780e+00 -1.592186481307215740e+00 1.240123770538099635e+00 4.676549287584049530e+00 4.108997081075489999e-01 2.771343612974419113e+00 -3.134029222920668545e+00 7.647931016253017855e-01
1.000000000000000000e+00 8.133790425142613856e+00 -2.848276724355139677e+00 4.554543260705328223e+00 2.131529248509614227e+00 -4.230822199950104334e+00 1.561815279654374944e+00 -2.690859530080453865e+00 -3.419508001944971731e+00 -3.940386162218436183e+00 7.381630549929993901e-01
0.000000000000000000e+00 4.588379053425207132e+00 -1.155277596953023789e-01 -2.514612495933054248e+00 -3.976040018749945393e+00 -1.455102336545994746e-01 3.704682066628341985e+00 -1.807885479446853516e-01 2.199094784836426175e+00 -3.511038418019690965e+00 1.466723703164211079e+00
1.000000000000000000e+00 4.729380048650635437e+00 -2.507192755508340642e+00 3.535781922838177938e+00 1.666319164788333751e+00 -4.867686827170689234e+00 2.333933388457714031e-01 -2.190568036138406782e+00 -3.524755724405901347e+00 -2.549789774009167953e+00 -1.324198458850445181e-02
0.000000000000000000e+00 3.881513526317190710e+00 -5.285418575596257940e-01 -3.518090749833553965e-01 -1.710165060543181959e+00 -1.101210847612585031e+00 2.365237830672566322e+00 1.769831356713421344e-01 2.702567903376509761e+00 -9.848374504951291630e-01 2.473059263226507376e+00
1.000000000000000000e+00 4.786282561243167422e+00 -5.126644252430616611e+00 3.131270272348112726e+00 1.189175022546800964e+00 -3.694345150183538706e+00 -1.996223470047054249e+00 3.490931990069665591e-01 -2.583620583167257401e+00 -3.232878481353528510e+00 2.548737912644746473e+00
1.000000000000000000e+00 4.945535517814691140e+00 -2.713748776482786340e+00 3.933193650347372561e+00 -3.037593301524366129e-01 -4.512738395657143187e+00 1.574820085768335876e+00 -4.232821738531207245e-01 -2.947352936856414196e+00 -4.973583620595387167e+00 2.795471333598350760e+00
1.000000000000000000e+00 5.669864189346057515e+00 -3.926621605482418342e+00 3.654188197205375133e+00 1.471905711856305476e+00 -5.857244476517042386e+00 2.300678870921836427e+00 -1.664716533600544057e+00 -2.023712852737978629e+00 -4.775309572502248301e+00 3.744152197144168248e-02
0.000000000000000000e+00 3.182384470788087061e+00 9.672671173494519492e-02 -9.086831074471318770e-01 -2.363063707678942915e+00 1.037925671745071554e+00 4.146041791640606711e+00 -5.344750467258947424e-01 1.297018429234631842e+00 -2.475382038389994044e+00 4.144255136444979781e-01
0.000000000000000000e+00 4.550664041926914649e+00 -2.712588875138999822e-01 -4.044327891634549310e-01 -1.678995099783136213e+00 -3.489855204911813669e-01 3.518166040131057937e+00 -3.915550338799503871e-01 1.755935734329068465e+00 -2.185368029198961892e+00 1.176134917314829442e+00
1.000000000000000000e+00 4.934983438862746929e+00 -4.839816985330196886e+00 4.751300038113806856e+00 1.259840009312919396e+00 -3.573981250634779894e+00 2.392205624845730405e+00 -1.346961157962169198e+00 -2.751059013277647125e+00 -3.133061861325331598e+00 2.471494060423840011e-01
1.000000000000000000e+00 5.669922880135460197e+00 -3.625585219394471537e+00 3.499676272400339183e+00 5.356328308164637342e-01 -4.635352059184048912e+00 1.256041695780416578e-01 -2.597987194974668235e+00 -5.930537245083067788e+00 -1.729648585598339450e+00 4.206695195234488871e-02
1.000000000000000000e+00 2.886698820335282800e+00 -5.373918775348036192e+00 5.096293698339096068e+00 1.207125574263989032e+00 -4.208573234152248155e+00 2.742529695193559380e+00 -3.189272564169114865e+00 -4.034416672069398579e+00 -3.420153604945319614e+00 1.019878249208231002e+00
1.000000000000000000e+00 3.822174220230847297e+00 -4.065304845538590506e+00 3.003054643295851811e+00 4.243701011511097576e+00 -5.382662126799013791e+00 3.144255858086253408e-01 -8.953490792178852020e-01 -2.025455026972548200e+00 -3.140826865334844786e+00 -8.124308281408925136e-01
1.000000000000000000e+00 5.870227760147955109e+00 -3.261512327195107641e+00 6.582565396734321617e+00 2.687009183824515368e+00 -6.999450984152405297e+00 2.641838867301493643e-02 -1.235457117005487770e+00 -2.375864859824286857e+00 -2.274136335666398168e+00 1.379081898943109508e+00
0.000000000000000000e+00 3.825499301636852145e+00 2.920445938830329435e-02 -2.197863247334932435e+00 -2.374772613433834945e+00 1.398191977247131845e-01 1.660240411613407741e+00 4.119989196115346197e-01 2.555877975163554527e+00 -2.647934456095225375e+00 1.796323092875986571e+00
0.000000000000000000e+00 3.440569197708085891e+00 4.568850411856929528e-01 -7.815667405732351636e-01 -2.847652609210007846e+00 -4.833536068980262002e-01 4.829530302775978612e+00 6.517232352520956340e-01 4.076712096824886444e+00 -2.834920697112432553e+00 -1.560190433293391354e-01
1.000000000000000000e+00 3.438594086452603449e+00 -4.817187224689560843e+00 5.393150985016844423e+00 1.871124052502508572e+00 -5.368115442601818721e+00 3.601115871021782766e-01 -2.193913204910711734e+00 -3.075384229208294684e+00 -4.233146569840899431e+00 1.814978276738760776e+00
1.000000000000000000e+00 5.026279110880955692e+00 -1.513633486692032903e+00 3.206680149784917333e+00 2.931854101039876870e-01 -4.369731314711174264e+00 1.315841655244117447e+00 -1.913970696150364859e+00 -3.313885127910755291e+00 -2.428798470486793981e+00 1.380753699333008289e+00
1.000000000000000000e+00 3.324259563452415023e+00 -4.901163815552844305e+00 3.351447276045994794e+00 5.816270172445424658e-01 -4.690086644346852296e+00 1.355990164434719425e+00 -1.443743274341747096e+00 -2.077245584028290182e+00 -3.592127271236177144e+00 -4.961052087474500105e-01
1.000000000000000000e+00 6.184527748260009616e+00 -3.282222443656436006e+00 3.000713867372184041e+00 1.006925616696102699e+00 -5.314443623922398885e+00 2.187579657080157780e+00 -1.420259387123575801e+00 -1.586909439814272238e+00 -4.298233724860404337e+00 1.499058612568540561e+00
0.000000000000000000e+00 5.574126010069723414e+00 -9.895788853556092279e-02 7.048812308885112898e-01 -2.580454596934614209e+00 1.695652227662597378e+00 3.495636963074815640e+00 1.563544481528641228e+00 2.679699820566947999e+00 -3.372873983906353956e+00 2.771199825526135641e+00
1.000000000000000000e+00 5.454536310326131066e+00 -3.020489127989042899e+00 4.475392615786363493e+00 2.425515624837633499e+00 -5.489352394153319104e+00 1.489359905267953810e+00 -5.621937077963834462e-02 -3.798280650699404237e+00 -4.009187667074051831e+00 -4.136517035520719254e-01
0.000000000000000000e+00 4.628582524808906307e+00 1.241392728197455941e+00 -1.975720633678747618e+00 -3.555534429364868743e+00 -4.897035758140237949e-01 4.533384543714570114e+00 3.459921704148495314e-01 4.629802399106325517e+00 -6.980513495151980941e-01 -5.397098089418017608e-02
1.000000000000000000e+00 5.958019314440328174e+00 -3.966684674159009827e+00 4.874878627062421366e+00 3.408446019022716378e+00 -4.333923074349375959e+00 1.756639299667459575e+00 -3.081160651693895858e+00 -3.523293534832925289e+00 -5.387066077015675525e+00 1.545235709869449359e+00
1.000000000000000000e+00 4.590384517348454096e+00 -2.469119116250988455e+00 5.460658541024288937e+00 3.769315491639080307e-01 -5.275011287339649968e+00 -4.577004792124381716e-01 -1.573497942543436778e+00 -2.589999969276022718e+00 -3.402563776772159709e+00 1.253758684938420132e+00
1.000000000000000000e+00 4.850432078693347471e+00 -3.060113260026609439e+00 5.481206923774148088e+00 1.816332487201673951e+00 -4.721123084235830270e+00 1.133533193146921247e+00 -1.616918549747030198e+00 -4.755686859035373359e+00 -3.817027748518836194e+00 1.986587627356334984e+00
1.000000000000000000e+00 4.861540022491533719e+00 -2.709370667879873018e+00 5.188655286375354336e+00 1.484167612596799746e+00 -4.094666762474739485e+00 2.799656350176396469e+00 -1.333879544113136140e+00 -3.989495097203471730e+00 -3.902232966653992108e+00 1.669343274930086274e+00
1.000000000000000000e+00 5.905657703728635077e+00 -2.879295605774137456e+00 3.926661574075733796e+00 1.947993452357055455e+00 -4.356378401517941867e+00 2.165721938741458352e+00 -3.849511379014896040e-01 -4.321546795111914641e+00 -2.670899151984794884e+00 1.417269774578977959e+00
0.000000000000000000e+00 5.389495916506835016e+00 8.080449367218295320e-01 -1.678341403994211500e+00 -1.681723095600287543e+00 1.429096958477071855e+00 2.832285394995159411e+00 -2.616377799098907886e-01 2.269507324042786323e+00 -3.561833219902463377e+00 1.226245534640363566e+00
0.000000000000000000e+00 5.132592904305525394e+00 -3.647200892177725473e-01 -2.569790949258302648e-01 7.462616221082378765e-01 -9.921956636815476571e-01 4.953482431162627542e+00 -4.178387734009129106e-01 2.165489854816858184e+00 -4.913381723017380409e+00 1.310835118813338251e+00
1.000000000000000000e+00 6.799941353543283995e+00 -6.080007542979004143e+00 4.784107982444674612e+00 9.453937746595280078e-01 -4.343194277235014056e+00 1.375710464590293336e+00 -3.634376168506670446e+00 -2.436948177455804387e+00 -3.530744276366637457e+00 1.728784860212240204e-02
1.000000000000000000e+00 5.017140452815136875e+00 -2.913528513651923557e+00 4.251848107465340476e+00 1.181528854960982589e-01 -3.137530144105693530e+00 1.518914068226828729e+00 -1.460612554539647112e+00 -4.557179274343166497e+00 -2.530773334651550854e+00 3.761628419264071432e-01
1.000000000000000000e+00 5.758349898350545892e+00 -4.356063090393615944e+00 2.960550917153201844e+00 2.271994556442120228e+00 -2.954282746433427143e+00 1.277600729064416685e+00 -7.455484062265818057e-01 -3.366882496333945429e+00 -2.559087236737874083e+00 1.057437353384342194e+00
0.000000000000000000e+00 4.165955910971963938e+00 -3.797873765332909768e-02 -2.678849715066008663e+00 -1.773480954226056783e+00 3.565683815797928147e-01 5.891845632296747404e+00 -3.385177393456089145e+00 5.268222013127742187e+00 -2.224286803636314147e+00 1.601604701214495163e+00
1.000000000000000000e+00 6.181419615159588155e+00 -3.861284355182667216e+00 5.128423855467478809e+00 2.228953664528960488e+00 -3.808356097442663568e+00 2.361528602914256147e+00 -1.438595568517503587e+00 -4.422191904088252912e+00 -2.248438716104584678e+00 2.532147108526921819e+00
0.000000000000000000e+00 4.690820791284525448e+00 7.607061434381262588e-01 -3.417912739920894172e+00 -2.257032982944395361e+00 4.006422002564026807e-01 3.057601046297585778e+00 -1.582700510519892356e+00 3.600509983279687187e+00 -3.056476201735471854e+00 3.401057349836926758e-01
0.000000000000000000e+00 5.047338499698573067e+00 1.813357897468496294e+00 -2.236258144611353860e-01 -3.079921731141986196e+00 1.607027004730611885e+00 5.038149077715110558e+00 -7.828248082599384983e-01 3.608704301916618729e+00 -3.202877870133035820e+00 1.632367618380387020e+00
0.000000000000000000e+00 4.981879480260817061e+00 3.951706298798151051e-01 -1.126191484420202782e+00 -3.510180109241867186e+00 9.630779551223767054e-02 4.525886592208592241e+00 -8.301363416333515932e-01 1.678696638916426398e+00 -1.318574006685744981e+00 1.970245954314132852e+00
1.000000000000000000e+00 4.832485320276692420e+00 -3.770775832019500839e+00 4.822313428616691766e+00 8.200024906358566179e-01 -5.196650557225829914e+00 1.146597144286642944e+00 -2.819097196253975035e+00 -4.871079949541419651e+00 -2.427248560258743026e+00 3.959746194905165995e-01
0.000000000000000000e+00 5.094243473898739438e+00 7.071074156725075666e-01 -1.576929054727942869e+00 -4.831172114192392009e+00 2.500066869827138660e+00 2.749057664452381644e+00 2.205296124681995207e-01 3.202104179865098210e+00 -2.224205700566815658e+00 1.644587347797281884e+00
0.000000000000000000e+00 5.418089523638371041e+00 -3.233942161131738713e-01 -8.453694800020572497e-01 -2.872654085301091786e+00 1.225573587518435037e+00 5.026228062828611343e+00 2.075937705447953974e+00 3.193242495569799555e+00 -1.017188942779020389e+00 9.019646035739421475e-01
0.000000000000000000e+00 3.616436792413956436e+00 6.946887023323805588e-01 5.717623677066663301e-01 -1.853732341832923902e+00 -7.416615730322624334e-01 3.764282240433740601e+00 4.890903195362690248e-01 2.100099916237606834e+00 -2.079782227450129639e+00 2.900315736347191198e+00
1.000000000000000000e+00 4.461039090139401253e+00 -2.379861663452772724e+00 6.674510298939463127e+00 3.584413204814008491e+00 -5.194353694962200230e+00 1.303348951789875088e+00 -6.780945274093385100e-01 -4.384988465466982177e+00 -3.599405830704989651e+00 1.011467303826615982e+00
0.000000000000000000e+00 3.445194187324339907e+00 7.954483318894645105e-04 7.797514102249170076e-02 -2.320899873896433263e+00 3.075055569580361081e-01 3.626183364822507027e+00 3.256892864132012178e-01 3.706356041534031753e+00 -2.381631371129877994e+00 1.312649567454555521e+00
1.000000000000000000e+00 4.169092376952747259e+00 -5.406329902825442346e+00 4.032101518058446743e+00 1.550716567350680641e+00 -4.758081290582899747e+00 3.166934404658595659e-01 -1.767514718251320671e+00 -3.070351913381344833e+00 -4.226378553058387944e+00 5.541507221923246407e-01
0.000000000000000000e+00 5.509238190760980203e+00 -1.489494708923853605e-01 -1.229027486406057523e+00 -1.618054900176029154e+00 7.842097954194611198e-01 3.610394329293570959e+00 4.798974257322492498e-01 2.583554305225566505e+00 -2.207996687628259735e+00 2.156519023562632587e+00
1.000000000000000000e+00 3.093617643544479101e+00 -4.729838546149205847e+00 4.117319947687168913e+00 1.670279519673817381e+00 -2.911728546290021313e+00 -6.872494987762367558e-02 -1.679320986344991162e+00 -4.867728853976894143e+00 -2.923671231748040888e+00 2.182123016425741024e+00
0.000000000000000000e+00 5.206115438767639603e+00 4.894301244180107591e-01 -1.593907322739394505e+00 -1.918699562791320368e+00 -1.087935174234047064e-01 4.330710224683773646e+00 2.037854241122373899e+00 3.015208297328189069e+00 -2.723328468104195821e+00 1.723486686230103038e+00
1.000000000000000000e+00 6.566642996178583047e+00 -3.022736343232188538e+00 3.121520582460497018e+00 5.306734655563197789e-01 -5.631574380757333742e+00 1.982980306974199136e-01 -4.217487406163786812e-01 -3.876995905752975702e+00 -2.503126526332223101e+00 -5.287622657926867031e-01
1.000000000000000000e+00 4.569595128629770464e+00 -2.590520414553509454e+00 3.791888043376159256e+00 1.491505685345740240e+00 -5.260263695366143466e+00 1.149874206048201453e+00 3.100511504633409743e-01 -4.540796663414878864e+00 -3.387362965228672973e+00 3.365009333811536107e-01
0.000000000000000000e+00 4.375646745615513034e+00 -7.375196417774561031e-01 -2.050703971153344796e+00 -3.066324971999235594e+00 8.714884173506084464e-01 2.187439527076178170e+00 7.802396622099188050e-01 3.950662598409038218e+00 -3.281717989121810231e+00 2.756523458568895801e-01
