1.000000000000000000e+00 -8.366435244166899210e+00 -5.972915573017311130e-01 -4.014321513429117694e-01 7.471158369203643623e+00 -7.134952331370543632e+00 -5.506209158890349897e+00 9.249762890555974337e+00 5.728556686516474095e+00 -2.811607297017134632e-01 -9.125544357608077917e+00
0.000000000000000000e+00 -3.076503634312629298e+00 3.427007864682509730e-01 -1.564348670020693888e+00 1.094573269733945686e+01 5.508295739568193738e+00 -3.457302386285004747e+00 -7.777141899836183647e+00 -3.330859264911241180e+00 9.315830397626376325e+00 -5.380277444938190712e+00
1.000000000000000000e+00 -6.256163448728518262e+00 -1.856421737928009463e+00 -1.374224712877747390e-02 6.649821430640386666e+00 -7.421541208255050925e+00 -7.802470072217618124e+00 8.093706749899636677e+00 5.484116935091467582e+00 -1.221458185806890473e+00 -1.014766135974122463e+01
0.000000000000000000e+00 -4.498694144140867657e+00 2.236467096743535166e-01 -3.896010907801036538e+00 9.945626590941225587e+00 6.832727111382753904e+00 -3.797994238010655721e+00 -9.212384938170252724e+00 -2.713362505286591286e+00 8.846980269664525665e+00 -5.631265554096718695e+00
1.000000000000000000e+00 -7.935694987216714402e+00 -2.309259263727994504e+00 -5.706327175738173940e-02 6.445913133051289101e+00 -8.147537886298538368e+00 -5.196933957785831559e+00 9.241441996764891087e+00 5.009612384630779403e+00 1.065502686186702297e-01 -1.002529578786533904e+01
1.000000000000000000e+00 -8.547251421934102922e+00 -1.302976772382705262e+00 -9.750269041759157540e-02 7.542069059590446045e+00 -7.229955577890189389e+00 -7.269151499659575855e+00 1.014744834020808639e+01 6.423645260040925287e+00 -1.752078093719225294e+00 -7.831200589575561644e+00
1.000000000000000000e+00 -8.290445344801078420e+00 -1.156183882031430299e+00 -8.433271854752093510e-01 7.358073265830347154e+00 -9.649488019821125917e+00 -6.084115828461674980e+00 7.691806550049763658e+00 8.041468578712077431e+00 1.642254006920773612e-01 -9.820188944436196721e+00
0.000000000000000000e+00 -3.263375356554674589e+00 6.790304603154365681e-01 -2.121649917015526299e+00 9.936651369661563038e+00 4.615763164922189077e+00 -2.685183611180890217e+00 -7.550441614062352258e+00 -2.432930243906007650e+00 8.912842436973093641e+00 -4.309860819229683671e+00
1.000000000000000000e+00 -6.552382193328671001e+00 -1.560281997381546493e+00 -1.336908642173358919e-01 6.303941847843425705e+00 -7.455985837539959249e+00 -5.992298402291573289e+00 8.868645209093132920e+00 5.694804932272783837e+00 -9.913313286115787992e-02 -1.093069426533784494e+01
0.000000000000000000e+00 -1.362830455141307517e+00 1.533281055821086980e+00 -1.962550114682759528e+00 1.119183304257469658e+01 5.506828922990157693e+00 -4.430614580875142039e+00 -7.726353540102766537e+00 -1.290562160849326734e+00 7.967349496844519763e+00 -5.121944205453077714e+00
1.000000000000000000e+00 -8.063524114358278538e+00 -5.587453527521792918e-01 -1.421439984074016616e-01 6.139406873000790021e+00 -9.084425280651695189e+00 -5.370566724180699580e+00 9.026079680154255769e+00 5.349681309892521774e+00 -1.385885132362234096e+00 -1.014593211789222238e+01
0.000000000000000000e+00 -3.220973454920527335e+00 1.687679703541712373e+00 -2.773982783803346841e+00 9.131584330104351110e+00 6.651571893067344199e+00 -3.529601947566378684e+00 -6.959299702651964736e+00 -1.165111968510508245e+00 1.047163148101691021e+01 -5.484045510688107861e+00
1.000000000000000000e+00 -8.289766639902307332e+00 -8.580356267118187663e-01 3.736392247131050670e-01 6.233296638901402176e+00 -8.082286836688853171e+00 -6.588548345721790156e+00 8.895718454041309897e+00 6.483817238510459546e+00 -2.602765862519961892e+00 -9.338603315819639761e+00
0.000000000000000000e+00 -4.492796429079505494e+00 6.386122149442876594e-01 -1.502306451057337178e+00 9.871380587443915999e+00 4.898169000232749148e+00 -2.651740393836212295e+00 -8.569765572175780832e+00 -1.494383758213980062e+00 9.662735878181427651e+00 -6.974795871025006200e+00
1.000000000000000000e+00 -7.587781734259694488e+00 -1.230036650980038671e+00 -5.353536485623960894e-01 7.500339420465912177e+00 -8.660168445550214145e+00 -5.828922334788567028e+00 8.015891453262522504e+00 4.542647612744540098e+00 -1.153636420407561758e+00 -9.186112773437121959e+00
1.000000000000000000e+00 -8.707924874951959993e+00 -2.487853102612778589e+00 3.845854031448731059e-01 6.875520977773014408e+00 -7.270275494848118747e+00 -3.907613735002094302e+00 7.207531699754836652e+00 5.396768250675095580e+00 -2.989840791288713717e-01 -1.022885384390177599e+01
0.000000000000000000e+00 -2.687690185527898734e+00 2.569117282856447915e+00 -2.152667861329717880e+00 9.916798222281869357e+00 6.758512526575180424e+00 -3.686193273694353678e+00 -7.866163827697953970e+00 -3.010937474845688744e+00 9.202985414549608834e+00 -4.983332276433400487e+00
0.000000000000000000e+00 -4.756473552422596285e+00 -3.256014483010505334e-01 -3.098229045581756047e+00 1.013041897383021883e+01 5.064838225427211960e+00 -1.845504422127803634e+00 -7.733821907651181604e+00 -3.239910270458983721e+00 9.832893463332258221e+00 -5.601793267201539805e+00
0.000000000000000000e+00 -4.588055446202652377e+00 9.370067207170431622e-01 -2.309637581057020217e+00 1.107145882602558906e+01 7.355664040853254981e+00 -3.662806042210585922e+00 -6.856616103349740143e+00 -2.144901586620929113e+00 8.313981394246871659e+00 -6.794958365702449932e+00
1.000000000000000000e+00 -8.122853271553482912e+00 -8.933327779650944711e-01 4.758835648397886642e-01 7.097173745556407454e+00 -9.770054306333243233e+00 -5.947020174301474782e+00 1.143302570357113090e+01 6.397631804097478003e+00 -2.356032504265461736e-01 -8.816125684216538971e+00
1.000000000000000000e+00 -7.781717321262670239e+00 -5.477408473395818378e-01 1.192610813063308850e+00 6.376561653518723283e+00 -6.682406965959006406e+00 -7.084434914128498129e+00 7.994099392018572559e+00 6.296594287115220290e+00 -7.524741219327550912e-01 -9.356037402673139880e+00
1.000000000000000000e+00 -9.913840343430313951e+00 -7.363765132963396853e-01 1.054049606949813978e+00 7.061114433358425480e+00 -8.186629279399568304e+00 -4.843075604641022380e+00 8.146079589098121687e+00 5.455668970120020056e+00 -2.678556451009441730e+00 -8.996210899920045634e+00
1.000000000000000000e+00 -7.561517738204775796e+00 -2.122730467139069432e+00 1.836834873644336841e-01 6.426597445775643180e+00 -8.676075100878698265e+00 -6.147234934779961968e+00 8.329101189227349877e+00 5.674374788652421842e+00 -1.487312297397149319e+00 -1.092800366413370128e+01
1.000000000000000000e+00 -9.884444418201887572e+00 -1.244665435450692970e+00 1.770000039769478617e+00 4.472013548277139705e+00 -6.958953513478122410e+00 -5.633940087222789828e+00 7.375001940274568568e+00 5.437556355404268515e+00 -9.726300559213950647e-01 -9.014680131530305118e+00
0.000000000000000000e+00 -2.349108947594319652e+00 -1.360324015390322216e+00 -2.055280124447729673e+00 9.787569023339523611e+00 5.455458050080799204e+00 -3.953566767317715502e+00 -5.591813147846150578e+00 -1.778075565622078802e+00 8.781791760374691336e+00 -3.474245441158542835e+00
1.000000000000000000e+00 -7.757099467508963286e+00 -1.338543914713715033e+00 1.006518636944507827e-01 6.707571885382791699e+00 -9.840259995124208459e+00 -4.300046044089820718e+00 8.057602456989434003e+00 5.270225936347353368e+00 -1.354648812970224769e+00 -1.047779354696395870e+01
0.000000000000000000e+00 -1.732628508605856821e+00 2.308926051982698624e+00 -2.595843966188211116e+00 1.043193981590034980e+01 5.564861492520575936e+00 -5.162693177624421814e+00 -8.017310776853571852e+00 -5.568070638873794387e-01 9.470010913006898789e+00 -4.706398600740976157e+00
1.000000000000000000e+00 -6.566757304912846038e+00 -1.217526583806412876e+00 -8.778507815755454136e-02 6.173048979116971147e+00 -8.317160681079867501e+00 -5.197501532614857922e+00 8.344309444206666981e+00 4.690169456068518095e+00 3.651879974615368507e-01 -1.140831764581573182e+01
1.000000000000000000e+00 -7.340788892578634872e+00 -2.244632190593048193e+00 1.820517435248307225e-01 5.793117760814884498e+00 -9.332181819336041073e+00 -4.870448016587389795e+00 6.367703929495860393e+00 5.633748912069912684e+00 -2.551855399385487555e-01 -9.688393100952440662e+00
0.000000000000000000e+00 -1.545337529505405039e+00 5.556706950340578599e-01 -1.907314165142994122e+00 1.037062535208923997e+01 4.638648173929407648e+00 -4.085355814770156968e+00 -7.917339544048077826e+00 -2.955072602601592102e+00 9.194804766188553913e+00 -4.896187197985908846e+00
1.000000000000000000e+00 -6.916436160122956700e+00 -5.206762782517988519e-01 1.144165979167808267e+00 6.525862570130588125e+00 -7.761465313224595874e+00 -6.735239917794042519e+00 9.124274695799671875e+00 6.300536208399346805e+00 -1.308425875685454987e-01 -1.155107802570977604e+01
1.000000000000000000e+00 -8.793045109016725647e+00 -7.744951281667886711e-01 3.068238029379198317e-01 6.342747597300403939e+00 -7.276262206555090373e+00 -5.346629130882378789e+00 1.016140745855163097e+01 4.890035228932968714e+00 -6.170631327290472257e-01 -1.037029482380440548e+01
1.000000000000000000e+00 -8.232132798757856307e+00 -1.041963955283709886e+00 1.423869750100136833e-01 6.641619543123580272e+00 -7.815125169663276417e+00 -4.510844825051950835e+00 7.704966750448592805e+00 6.264340071319745462e+00 -1.164846608333359734e+00 -1.073033429610930867e+01
0.000000000000000000e+00 -2.854035938860313149e+00 1.595122009268958196e+00 -3.911882984056660018e+00 8.650490522810933669e+00 7.016590708542583599e+00 -2.020720107391919207e+00 -8.701954080109764789e+00 -2.189500003184897015e+00 9.650397928747743492e+00 -4.681128393128264342e+00
1.000000000000000000e+00 -6.050786180164288375e+00 -1.762252867343956364e+00 -3.025372095440770348e-02 5.563904944105643402e+00 -7.228870196867974052e+00 -5.714341384710931671e+00 8.796460462327432950e+00 6.264836111719910505e+00 -1.827150865218019504e+00 -1.084536642574358112e+01
1.000000000000000000e+00 -7.767335068200796222e+00 -8.243426166218648099e-01 -1.599555660885917607e+00 5.144366883480931740e+00 -8.416972288499271926e+00 -5.981230660181026337e+00 7.947389562365862581e+00 4.070965445898329982e+00 9.502950417911582015e-01 -1.167850656442137058e+01
0.000000000000000000e+00 -2.818075205992999877e+00 -1.630763045763783392e-01 -2.091301833541767685e+00 1.033282944314598240e+01 6.801222730186307075e+00 -2.892747467194381805e+00 -5.634497413157792067e+00 -1.764990032192133240e+00 9.758128102019488992e+00 -5.837159768543575211e+00
0.000000000000000000e+00 -2.609791581036030372e+00 1.682899999697828886e-01 -2.209574508246116231e+00 1.029172640072935607e+01 5.921082540791887894e+00 -4.510751065937948390e+00 -8.217516438188743777e+00 -3.672586393334523969e+00 9.593014706580724749e+00 -4.254225981145578928e+00
0.000000000000000000e+00 -2.664207710168894572e+00 2.474310237628721154e+00 -3.079021583875221513e+00 1.016851583299860806e+01 5.267343181290094378e+00 -4.105821216136889440e+00 -7.127108689188890622e+00 -1.934278876556052351e+00 8.022078843227150813e+00 -6.310297838464057563e+00
1.000000000000000000e+00 -6.824112031357985941e+00 -1.560220036179698733e+00 3.208913380882195687e-01 6.448305426632712667e+00 -6.358914098240374457e+00 -6.483692747968292203e+00 8.542001150139599375e+00 5.545443444013582912e+00 -7.071704278986790104e-01 -8.909825105080171781e+00
0.000000000000000000e+00 -2.687971160947640215e+00 8.831001805209439670e-01 -3.478463550492221668e+00 1.150759230956475321e+01 6.926353515809727135e+00 -2.519381750554182453e+00 -7.481631355036823194e+00 -2.069041284682282988e+00 7.996461012033591942e+00 -4.886990162676408289e+00
1.000000000000000000e+00 -8.281803092820082313e+00 -1.683082515548575575e+00 1.317516112023810138e+00 4.896525152968695949e+00 -6.385790509770057355e+00 -5.950112358249726618e+00 8.099894910283255811e+00 5.022403105152185354e+00 -2.357702585410747176e+00 -8.619407000946130992e+00
1.000000000000000000e+00 -7.608505246344280160e+00 -1.936920273216530042e+00 6.952630531516453827e-01 6.337683824035872604e+00 -9.248319088218538653e+00 -5.300349236414107601e+00 8.129464232765707621e+00 5.037428027702025801e+00 -2.283687223581980508e-01 -8.996812034574304562e+00
1.000000000000000000e+00 -7.171159264991778137e+00 -1.174276543074825874e-01 -1.126737734520153245e+00 5.766464924528532876e+00 -7.904373783875518811e+00 -3.442551809886911229e+00 7.680204348439954920e+00 5.315410523390829312e+00 -2.469576121874177410e-01 -1.046732884127476559e+01
0.000000000000000000e+00 -4.929342137298331927e+00 1.481745210617495312e+00 -1.408462649104878617e+00 1.055448491150559853e+01 6.282812683958153066e+00 -2.437809015053755246e+00 -8.532981473280608853e+00 -1.888205535992077966e+00 8.365661456759374559e+00 -4.491627956953772483e+00
1.000000000000000000e+00 -8.394511841534821883e+00 -2.529589212260119346e-01 7.338410453709729442e-01 5.777206541714580368e+00 -7.678888002829282300e+00 -4.269712717242522437e+00 9.170568521505368054e+00 6.285482113680371796e+00 -1.029047407338450126e+00 -1.030975662139361937e+01
0.000000000000000000e+00 -3.698643953119791217e+00 1.957368323112860242e+00 -2.635153855152563729e+00 9.993846670455326375e+00 7.073485854019131658e+00 -4.647459811673367192e+00 -6.998817610703614633e+00 -1.020330767143697415e+00 8.177405491776223556e+00 -5.213517908932725042e+00
0.000000000000000000e+00 -3.904093712498156510e+00 3.292034994376697998e-01 -1.914020802146044531e+00 1.002515335298840604e+01 4.849779081157953975e+00 -3.083801833698520234e+00 -7.686386350087857089e+00 2.068277765372514843e-01 8.328536201893030011e+00 -3.865977169289902537e+00
0.000000000000000000e+00 -3.195908387371427128e+00 1.522860594347331897e+00 -1.934661121123148586e+00 1.007973980731356001e+01 7.441995025210953685e+00 -4.466363848404093950e+00 -6.654659165788558539e+00 -3.171696364864360795e+00 9.926093176273445451e+00 -4.684123225006133318e+00
1.000000000000000000e+00 -7.087433880461300184e+00 -1.457124558669165015e+00 1.215098092615806813e+00 6.774956443285276464e+00 -6.926439754189694042e+00 -6.174773000663103417e+00 9.525156637293973105e+00 4.955206882992740702e+00 -5.125440443447637495e-02 -1.109004296432552295e+01
1.000000000000000000e+00 -9.768120760779062550e+00 -5.467147667490583895e-01 4.066388862317466546e-01 6.122718525147983648e+00 -7.354281969912226380e+00 -6.299977391876511845e+00 8.660256661116038757e+00 5.648794971265663101e+00 -1.388206056289262413e+00 -8.701497109605149660e+00
0.000000000000000000e+00 -3.725304307419534666e+00 1.867573130438645146e+00 -2.320564498508067341e+00 1.143421388703598396e+01 7.278253237106100393e+00 -3.603032575192073317e+00 -7.657264921463653451e+00 -1.674762057501785639e+00 9.492466149294841671e+00 -4.246921310468389166e+00
1.000000000000000000e+00 -7.370762569346830162e+00 -1.486405379736588372e-02 4.773434572417390998e-01 5.708335259438521270e+00 -8.400236654715465434e+00 -5.013806548110103734e+00 8.620139877211784096e+00 5.377742421861239741e+00 5.004058180963997238e-01 -1.077869462746229701e+01
0.000000000000000000e+00 -3.356497827688450286e+00 4.513760680949618909e-02 -2.031005452971436753e+00 1.062011765703161714e+01 6.334014513740275021e+00 -2.435246590912444553e+00 -7.933994311330700988e+00 -2.080050801304287766e+00 9.906668901875994138e+00 -5.615155305644266015e+00
0.000000000000000000e+00 -5.031117741896769857e+00 1.805730651556459954e+00 -2.643899751347337457e+00 9.877528146471535209e+00 6.182165422362889018e+00 -3.640401475777281792e+00 -6.597493700980480824e+00 -1.616220444323080097e+00 8.408870646461149789e+00 -5.650668402116262534e+00
0.000000000000000000e+00 -2.548534315500217584e+00 1.890578910373673649e+00 -6.528418717464323784e-01 9.444216383618446287e+00 5.792757962450075127e+00 -2.303751705967866492e+00 -7.362778691314066926e+00 -1.832766114399513313e+00 8.962720965070184675e+00 -7.101445723657298537e+00
0.000000000000000000e+00 -3.251724491649570226e+00 1.047632540100060794e+00 -2.889916479709365937e+00 8.331259404467248331e+00 6.463270543070014362e+00 -5.427784580577865725e+00 -6.889591536849174247e+00 -2.957258115160911860e+00 8.003746426578844719e+00 -3.919827622194266503e+00
1.000000000000000000e+00 -8.471833091957723383e+00 -2.873295887146439576e+00 5.283299526830896875e-01 6.950352752336114825e+00 -7.602678223419808035e+00 -3.513294289532062020e+00 1.024635237756355366e+01 4.758070707068030814e+00 -3.793458731857562993e-01 -1.077133984314149728e+01
0.000000000000000000e+00 -4.985437265376872595e+00 1.825658648033559928e+00 -1.687076787052476989e+00 9.314476061328015533e+00 5.547403669130878789e+00 -3.240430199359933816e+00 -7.984081461582623440e+00 -1.824704402248928270e+00 1.090954721889316126e+01 -5.664511937247413975e+00
0.000000000000000000e+00 -3.946929333609074497e+00 1.725069952148177599e+00 -2.500493053083244543e+00 9.145888678489447088e+00 5.049086306317178696e+00 -3.706310001936822474e+00 -8.053603211885949520e+00 -1.979200729530217862e+00 6.723459400176265532e+00 -4.189922140485933255e+00
0.000000000000000000e+00 -2.471186068244349610e+00 2.198122670521594380e+00 -2.192314920227397046e+00 9.668928171176425224e+00 6.576081072290949514e+00 -1.739471379306580801e+00 -8.138524836609297708e+00 -2.525025918582978868e+00 8.573396371164424323e+00 -5.840721261484504545e+00
0.000000000000000000e+00 -4.754939400257141457e+00 -9.382154223723282449e-02 -3.355907347223462622e+00 1.069711732873826904e+01 5.402042400248165066e+00 -4.548906683926643879e+00 -7.459201077841877137e+00 -2.145597114333371636e+00 1.033546217867749917e+01 -4.226999902505784945e+00
1.000000000000000000e+00 -8.177711193934888101e+00 -1.643880103912123802e+00 4.926697216265971124e-02 5.900667262604286201e+00 -7.577646970713796115e+00 -5.143077555245283428e+00 7.997194173292859531e+00 5.372339721930034173e+00 9.472094345527315440e-03 -9.457396955923845994e+00
1.000000000000000000e+00 -7.901789382304184706e+00 1.750929542900747649e-01 6.125697007980596132e-02 6.063664679882312392e+00 -7.948838396278192775e+00 -7.240586122354208065e+00 7.867847342263832644e+00 5.101810626416904526e+00 -8.756193764052800921e-01 -1.025052499017307284e+01
1.000000000000000000e+00 -7.378113210255313525e+00 -1.768429517758161040e+00 -1.160428925611632911e+00 5.143201648407067950e+00 -7.908655659183268405e+00 -5.293818969749454872e+00 9.223919949306251809e+00 5.220241886636805440e+00 -7.940461933949288786e-01 -1.014818447228725695e+01
1.000000000000000000e+00 -8.596526956104856509e+00 -1.471480889166467687e+00 8.220711273972804989e-01 6.937614803911406725e+00 -8.737486510263586581e+00 -5.146626551731324106e+00 7.026182092062256856e+00 5.561010278838838694e+00 -1.077979648462432882e+00 -9.897704843315782597e+00
1.000000000000000000e+00 -7.773472774451554379e+00 -1.370914817154417875e+00 1.477711734984646641e-01 5.642244771678566195e+00 -8.148291932447675023e+00 -6.116176202768049741e+00 7.940511524606781890e+00 6.025282211521756359e+00 -1.814196647691725506e+00 -1.036170690402687811e+01
0.000000000000000000e+00 -3.114313843783005353e+00 1.931208678282086755e+00 -2.553659724985203550e+00 9.623606794719714586e+00 5.694520808217494512e+00 -3.494930706708129442e+00 -7.428098819508310413e+00 1.299386510694187091e+00 9.311267810384329380e+00 -5.050850726511317390e+00
0.000000000000000000e+00 -2.928333082345587979e+00 1.390135737902180146e+00 -3.866418906716113213e+00 8.755132339043962375e+00 5.635993476408285296e+00 -3.766662768765580704e+00 -7.785638820786828340e+00 -2.242777811827206591e+00 9.460485504349191999e+00 -5.325256700207723348e+00
1.000000000000000000e+00 -9.403418954661496798e+00 -1.497253115809644264e+00 -2.042808273971180588e-02 7.212312036559631601e+00 -9.117756175713346067e+00 -5.949006145026222825e+00 9.622874153981069156e+00 5.106526242523809600e+00 -4.440080567618810981e-01 -1.083986943952361415e+01
1.000000000000000000e+00 -6.174437901843170096e+00 -1.274088259913667587e+00 4.988902663606338272e-01 5.438525908208599269e+00 -7.532562325655400848e+00 -4.664598247883500193e+00 8.560483560330538921e+00 5.265560366249632196e+00 9.990365938415251001e-01 -9.131941754104767384e+00
1.000000000000000000e+00 -8.909212105162675144e+00 -9.273682919706307537e-01 8.214795615100297654e-01 6.560320219968853728e+00 -9.144117585496406519e+00 -7.619112445927282096e+00 8.135016919631382848e+00 6.209724203410172727e+00 -1.871187619598802421e+00 -8.968679772388760796e+00
0.000000000000000000e+00 -3.222439509864903240e+00 1.570946687020624566e-02 -1.105451574526942649e+00 1.018562198145057707e+01 6.501845735984614016e+00 -3.062907544021056250e+00 -8.514892120994325353e+00 -2.356415678068775499e+00 9.418738981865415028e+00 -8.051869336294181778e+00
1.000000000000000000e+00 -7.810925385755682626e+00 -8.204900320023176263e-01 -1.364416474426322079e-02 5.932771830763299725e+00 -9.546577284663465335e+00 -3.741327404528377087e+00 9.965536437370587919e+00 4.981291491900211810e+00 -1.215603262038876364e+00 -8.756785368500883848e+00
0.000000000000000000e+00 -4.062977503945313096e+00 2.824074082783560868e-01 -2.210029134199736234e+00 1.103266747418861371e+01 4.620415017479463593e+00 -4.536365065461514412e+00 -7.433803172121272951e+00 -1.728991836766516021e+00 9.287010965516222072e+00 -4.101811712707952751e+00
0.000000000000000000e+00 -3.964846544329795552e+00 2.884360428555896583e+00 -1.318112874000628043e+00 1.060660788741192206e+01 5.506945648548446925e+00 -2.091153091085899973e+00 -8.393651513265798059e+00 -2.577535113299029845e+00 9.452377751492537783e+00 -5.012146151082179202e+00
0.000000000000000000e+00 -3.100803743028393011e+00 1.324894628147139652e+00 -1.753121221217548875e+00 8.546404213585345744e+00 6.294383683343717450e+00 -4.888990407731547805e+00 -7.572451239045758342e+00 -3.019853579154876400e+00 9.161908146987652657e+00 -5.963059737942861815e+00
0.000000000000000000e+00 -1.927698801628133563e+00 1.513967931166107395e+00 -2.152064098422079574e+00 8.920002456761046972e+00 6.198641981819982050e+00 -2.442632636555853942e+00 -6.233892296169271319e+00 -5.190653735510624145e-01 9.225196268017013423e+00 -5.011071369088409888e+00
0.000000000000000000e+00 -4.310416670562741359e+00 1.080457643917931865e+00 -2.495132002950211980e+00 9.300729713598524739e+00 5.663973509989131294e+00 -4.969300457843764285e+00 -8.420145319455587085e+00 -2.844977166400229684e+00 8.960570033977450777e+00 -4.391144151820359554e+00
1.000000000000000000e+00 -7.775617478825154194e+00 -9.825228568831351206e-01 2.170884512695670843e+00 6.152193161855460168e+00 -8.607878348868878149e+00 -4.808482422334502182e+00 9.655350241519681020e+00 4.660076449111901553e+00 -1.647756288718264628e+00 -1.035500670082908670e+01
1.000000000000000000e+00 -8.508414351122405961e+00 -2.084246273649696946e+00 4.717244903015360702e-02 6.519623964050929033e+00 -6.927487831716150346e+00 -4.600095714109571077e+00 1.107177008992088041e+01 6.111092383059713917e+00 -1.180701994934557186e+00 -9.783456054402162039e+00
0.000000000000000000e+00 -4.741776352321687149e+00 1.301510551622111045e+00 -2.568967354541116244e+00 1.216173526789685155e+01 6.860604381453939915e+00 -3.404031042670907947e+00 -7.644887260244176197e+00 -3.120011905923954387e+00 8.506328155045864037e+00 -6.347484000693144779e+00
1.000000000000000000e+00 -8.140436031624020075e+00 -5.991587505099464916e-01 6.213413689975224585e-01 6.557626011430318869e+00 -9.163159072854963227e+00 -4.544418712245136938e+00 9.199925591858935547e+00 4.291038165104502866e+00 5.625938733534232572e-01 -9.269915715929672118e+00
1.000000000000000000e+00 -8.656027023733152248e+00 -1.771548527033737663e+00 -4.907289758207554753e-01 5.611490198334065482e+00 -8.589740138955084703e+00 -5.259621938880809644e+00 8.212430400173495570e+00 6.922370127506832560e+00 -1.315693437680289790e+00 -9.356538743974150307e+00
1.000000000000000000e+00 -7.277248957659808504e+00 -1.498946745543405124e+00 -5.611115920975063842e-01 5.957222312813861720e+00 -8.724294695225701446e+00 -5.554624587048577311e+00 8.827269577669987655e+00 5.695897542999558638e+00 -1.589803381321040820e+00 -1.004420790361450777e+01
1.000000000000000000e+00 -6.179602179435802256e+00 -1.535199146323554587e+00 7.420898741641730467e-01 5.450617928216931141e+00 -6.894787285452236070e+00 -5.712258532777108933e+00 8.883061681656563735e+00 7.002782088098868485e+00 -1.751349108009637057e+00 -1.002313875347274141e+01
1.000000000000000000e+00 -6.947204676435488224e+00 -4.995271912825530736e-01 -4.225696006587097431e-01 6.366597011449005805e+00 -7.002137773522761677e+00 -5.532565444037430780e+00 7.056239799635390497e+00 6.036449900431342108e+00 -3.954991414208750000e-01 -1.006029714647641882e+01
1.000000000000000000e+00 -8.331480281596421733e+00 2.347396847025025046e-01 8.529121261167708079e-01 5.818942233243370232e+00 -7.852818339714168872e+00 -6.835060030523906427e+00 8.337573540866378252e+00 4.753860059587006859e+00 -6.573019980607138768e-01 -9.099335287857384102e+00
0.000000000000000000e+00 -3.586697932005867617e+00 1.138293153883179532e+00 -3.334841484742442574e+00 9.200586363195306205e+00 5.476110839367164473e+00 -4.051878129171937459e+00 -8.813844960420833985e+00 -2.540663658343581766e+00 1.042369405584367215e+01 -6.122783063318596675e+00
0.000000000000000000e+00 -3.721299931224263613e+00 -1.623316980236524376e-01 -3.302686344101080973e+00 1.228209611639021581e+01 5.626422194707212832e+00 -3.015614034743696159e+00 -7.930581931610803714e+00 -2.897750117208538700e+00 9.064060443073296724e+00 -4.037352222304746441e+00
0.000000000000000000e+00 -4.728208251400928930e+00 2.276318171964382131e-01 -2.688736085124020292e+00 9.767642330033925901e+00 5.511790952618611072e+00 -3.349824563422323820e+00 -6.813630591106595524e+00 -9.180275676763656190e-01 9.799069636517922177e+00 -5.624741126325623952e+00
0.000000000000000000e+00 -4.417702614335093259e+00 1.444918182826185449e+00 -9.109309896867869849e-01 8.093467634562335533e+00 5.325460311256084545e+00 -4.531102114127325997e+00 -8.431023313224930149e+00 -2.464100955420807537e+00 8.771488847226637020e+00 -4.502501899779328909e+00
0.000000000000000000e+00 -3.927238415177223274e+00 2.205917506081149781e+00 -3.594213483465872550e+00 8.393500485947971157e+00 6.122931061075535197e+00 -2.887403931069662644e+00 -7.867790529116772902e+00 -8.828549392369562376e-01 9.374037030413402860e+00 -4.543316242984249520e+00
0.000000000000000000e+00 -4.012506153158130751e+00 2.758745359139083142e+00 -1.012748414225877358e+00 9.946870549983792387e+00 8.559005776679200039e+00 -3.433661218022785899e+00 -6.062407285554646030e+00 -1.333626324205011038e+00 9.169276462371085401e+00 -7.044754578579754067e+00
0.000000000000000000e+00 -4.216584848310733769e+00 1.156958439358106716e+00 -1.758881335477645802e+00 9.773518006163440575e+00 5.590162355535833072e+00 -4.111999535370233438e+00 -8.951755158775128507e+00 -1.161668392917079462e+00 7.930623018820391223e+00 -6.032885138019859816e+00
0.000000000000000000e+00 -3.792187573871562911e+00 1.199396198662650015e+00 -2.258217160773288601e+00 8.307700972872160250e+00 6.700512816180709486e+00 -5.179730083768944837e+00 -8.312761764562031530e+00 -3.252919059890089226e+00 8.751270941159827288e+00 -5.893232399948573175e+00
0.000000000000000000e+00 -2.525057560876829754e+00 2.390891607437781730e+00 -1.473339265894995975e+00 9.529703109760106372e+00 5.350159106565178568e+00 -2.917250192296378941e+00 -7.125164247995931177e+00 -1.871097006401294172e+00 9.966336411150198415e+00 -5.628202255886469274e+00
0.000000000000000000e+00 -3.766170765741903903e+00 8.963960053929659333e-01 -2.288467106127289874e+00 1.112722376792002699e+01 6.367555409962087687e+00 -3.925664883434833552e+00 -8.370288348808026413e+00 -2.351675913513597838e-01 7.754356787826663933e+00 -5.204687874793895830e+00
0.000000000000000000e+00 -3.484247844351801682e+00 1.273368864809395928e+00 -3.981470546345494910e+00 1.161685968172906769e+01 7.040222586174937902e+00 -2.246311178702304012e+00 -8.367994268792728008e+00 -1.523539689522992902e+00 8.139104976444365036e+00 -4.412363487250265948e+00
1.000000000000000000e+00 -9.536580651802777808e+00 -1.539670656977517371e+00 7.792998776001726080e-01 5.129551252361257418e+00 -7.643715149797960073e+00 -4.274794264422523860e+00 8.314293330647632985e+00 7.642532859287377356e+00 -9.089124936940776722e-01 -9.411753725713742469e+00
