0.000000000000000000e+00 -4.281114388380979463e+00 4.217214805088052465e+00 3.592451083427318004e+00 -3.282756730970194159e+00 -2.445651318875837088e+00 -1.801136465642026563e+00 2.996570838463447073e-01 2.492356270140340779e+00 -4.715122001636715687e+00 -3.121413257915408135e+00
1.000000000000000000e+00 -1.824462910120159265e-01 -2.959844582886634878e+00 -3.505096669394505593e+00 -2.075946267624412034e+00 1.935033101671091771e+00 -1.042166512575317894e+00 -5.693310502335595658e-01 -3.442925849824842732e+00 -1.883511594899998531e+00 8.564272827450409853e-01
1.000000000000000000e+00 1.106267473034274751e-01 -4.217410586933951322e+00 -1.683145290520346116e+00 -1.590954605906715669e+00 4.154493879059049100e-01 -2.953813146713902604e+00 -1.566750905545740258e+00 -2.372548571607989487e+00 -3.329041892688644921e+00 1.381038812606365518e+00
1.000000000000000000e+00 1.323471656134753038e+00 -3.942268020544120066e+00 -3.673486579893805448e+00 -8.459210791405121777e-01 4.939643359207368967e+00 -2.400213498484562891e+00 -3.060377640690840728e+00 -2.756530491554854301e+00 -4.953833299014043234e+00 1.102023866966293175e+00
1.000000000000000000e+00 6.021863636134133779e-01 -3.590782269643864044e+00 -2.292994183439558853e+00 -1.095822981155988085e+00 2.380968199166438204e+00 -1.511863676931154199e+00 -5.251074698779578664e-01 -4.034297982904860191e+00 -3.526531153764844273e+00 3.235408679795832576e+00
0.000000000000000000e+00 -5.652170793859064624e+00 2.046341762259760166e-01 4.196685777395846806e+00 -3.401231928133041205e+00 -1.628401504755318641e+00 -1.774987438069521195e+00 2.373611894579352288e+00 5.057082786311577038e+00 -4.781013183962576463e+00 -5.788877769589692690e+00
0.000000000000000000e+00 -5.647516364848436332e+00 3.504697910578290276e+00 5.887151082840601291e+00 -4.004959346053840186e+00 -1.673856045293852235e+00 -2.146787431978759209e+00 4.740082948236017807e-02 3.569923223897233822e+00 -3.453393391529195000e+00 -3.148027527473576725e+00
1.000000000000000000e+00 -7.407031952788889484e-01 -4.615982490283846218e+00 -2.724271610592331250e+00 -1.041428061756421553e+00 2.397331118503406522e+00 -9.504961986241680094e-01 -9.439139684118511564e-01 -3.233252673800961485e+00 -3.851184961415190955e+00 2.681036355742650645e+00
0.000000000000000000e+00 -4.590910527748905068e+00 2.852334649137063582e+00 4.742218847312961394e+00 -3.411510089418269054e+00 -2.280479397391568241e+00 -2.431919974985225164e+00 -2.139154075657860865e+00 2.919518195954224904e+00 -5.601567519090594693e+00 -5.077850354192266380e+00
1.000000000000000000e+00 -2.101524976754547414e-01 -2.562574730275977153e+00 -3.929030546105601207e+00 2.370404240469810020e-01 3.258819055586370084e+00 -1.413303660802828876e+00 4.066679930265781895e-01 -1.558258770112261882e+00 -4.401236300465392048e+00 4.123327312273339373e-01
1.000000000000000000e+00 -2.169433579164781190e-01 -3.646052217114986949e+00 -2.439990921362136689e+00 -9.242116750155635607e-01 3.475272811707573961e+00 -3.264343581213093870e-01 -2.850972647189593090e+00 -3.398757048002833958e+00 -3.822793991823385973e+00 5.046879529906808770e+00
1.000000000000000000e+00 3.187770145830276514e-01 -4.732956346508552237e+00 -2.582834052511652434e+00 -2.613001579740896752e+00 3.987366250015474733e+00 -3.046593989425762761e+00 -1.694044117746816180e+00 -2.647694601912285783e+00 -3.180558680086551959e+00 1.781188900475918935e+00
0.000000000000000000e+00 -5.790180845322008274e+00 2.856166891810658637e+00 5.019913939827884697e+00 -3.611299455323874863e+00 1.894449441399279621e-01 -2.857171837707289441e+00 -1.785621641132486337e+00 3.033271641146409792e+00 -4.290114533098761562e+00 -5.398784368189737393e+00
0.000000000000000000e+00 -4.024193383019815329e+00 2.030994351091233607e+00 5.426738488319513110e+00 -3.608158918629436940e+00 -1.739067938797621560e-01 -1.267612421567405612e+00 4.393333675972668079e-02 6.711025062004458697e-01 -3.725562471222938044e+00 -5.488757985244780535e+00
0.000000000000000000e+00 -3.632437606773108119e+00 1.324041786843500379e+00 4.561488643331911952e+00 -4.640353932565659534e+00 -1.975395410539003471e+00 -3.421327282518092705e+00 -1.019942650878734591e+00 4.717811285114564157e+00 -5.471261918211175690e+00 -5.476519575619679614e+00
0.000000000000000000e+00 -6.129250351301124056e+00 1.892021587152922901e+00 4.570012921831074770e+00 -2.270656296585928935e+00 1.332477097689233059e-01 -8.322789005178603539e-01 7.003028928358570049e-01 3.119214602946096093e+00 -4.599591095065775015e+00 -3.896242313764321619e+00
1.000000000000000000e+00 2.051118584451623761e+00 -4.643580105398353197e+00 -2.209895701785042910e+00 2.205292144995982806e-01 2.112485250614360766e+00 -2.696659107054399929e+00 -2.197189732787460326e+00 -4.548537257111348708e+00 -3.360741324326042001e+00 2.558621507263484141e+00
1.000000000000000000e+00 6.980794905855383092e-01 -3.237345947264533841e+00 -1.593139188331924583e+00 -1.399442853335810311e+00 1.631986891800744965e+00 -3.939157673167558826e+00 -1.909470591914110837e+00 -3.802818711083345349e+00 -3.947754324697208439e+00 2.213499125234006826e+00
0.000000000000000000e+00 -2.882781399787988530e+00 1.458399827595886267e+00 5.379213538683482732e+00 -3.829312748963559443e+00 -3.920440210814838622e+00 -6.417386942820548779e-01 -1.578332897835841075e+00 4.306263800249577223e+00 -4.359258859229687921e+00 -4.809890416636735999e+00
1.000000000000000000e+00 -7.264000586272132409e-01 -1.486031096208303204e+00 -1.203019436756346039e+00 -2.324499024780906087e+00 3.147563214942825649e+00 -1.550589622880321539e+00 -3.115427142246060654e+00 -2.220352104913358104e+00 -2.932192786971088427e+00 3.364869098540168579e-03
0.000000000000000000e+00 -5.707921146208308372e+00 1.104553336599454649e+00 2.908093457655116065e+00 -1.272242815277343286e+00 -1.782024165856101794e+00 -1.607876362182746766e+00 -6.084839790533620452e-01 5.070058216302044229e+00 -4.125747285285059185e+00 -5.027779002407140041e+00
0.000000000000000000e+00 -4.869935585655225552e+00 1.324980439569237500e+00 3.927798026260544972e+00 -2.954847057974328450e+00 -5.808010128059608590e-01 -2.327805045229890624e+00 3.641299897930472262e-01 2.929667843744143241e+00 -3.288395962126365202e+00 -6.027957797750648439e+00
0.000000000000000000e+00 -5.122297642315421839e+00 3.061065837285585012e+00 4.732987132852935375e+00 -2.397465116765881810e+00 -1.985339516702213647e+00 -1.568852216496101626e-01 7.168572177733283368e-01 3.552213949706172436e+00 -4.543871160654712860e+00 -3.564832290206419785e+00
0.000000000000000000e+00 -6.445951627065557688e+00 1.539283569393008477e+00 4.534867909274639786e+00 -3.760248333027443657e+00 -8.163869644491972277e-01 -3.562284269052554464e+00 -3.543137397220202378e-01 4.620616158616512870e+00 -4.217426930631903659e+00 -2.956564093757898526e+00
0.000000000000000000e+00 -4.725803331477979263e+00 6.060369543504615653e-01 4.744786614654653789e+00 -3.934679552784949852e+00 -9.150186275986750273e-01 -1.873652897952632790e+00 -9.822004770247673155e-01 2.042234733247490830e+00 -4.363412704879688242e+00 -5.871964899581599617e+00
0.000000000000000000e+00 -4.555869269268637112e+00 2.352874464458356574e-01 6.180345139063077475e+00 -3.104210044581059869e+00 -2.879139717879065863e+00 -3.822374509333739567e+00 1.268964961179886997e-01 3.638948110462633778e+00 -6.393424359084670883e+00 -6.005561412551944755e+00
0.000000000000000000e+00 -3.937230906799352059e+00 2.713443736537108020e+00 4.979560428053244614e+00 -4.684926974120342535e+00 -1.329811981290717426e+00 -2.622643636230781894e+00 6.713755934405500891e-01 5.723003911893999707e+00 -4.928518658803530350e+00 -4.014893355149638410e+00
1.000000000000000000e+00 1.842599133618576523e+00 -1.390842566927535717e+00 -1.942048737444278750e+00 -8.813207522071776490e-01 2.833445777969434420e+00 -9.603347028710271793e-01 9.404924245848844677e-02 -3.608452527880655403e+00 -2.764678834938866459e+00 2.568955447710334461e+00
1.000000000000000000e+00 1.668117823249050335e+00 -4.550188855392763188e+00 -3.746515451136282593e+00 -1.308077628674953585e+00 2.085527299816088309e+00 -2.792716406883692049e+00 -2.277413756770800823e+00 -5.148952011994293976e+00 -4.027841591230518326e+00 3.632642043592818393e+00
1.000000000000000000e+00 1.476359586527410617e+00 -3.161714099402117562e+00 -2.722624405897253297e+00 -1.490282016819601374e+00 2.007785911089197572e+00 -2.312086376366031537e+00 -1.368681557993222775e+00 -5.438701182689396063e+00 -3.314157099860185252e+00 3.075357846498973924e+00
1.000000000000000000e+00 5.664989231405545000e-01 -2.075227470805540264e+00 -2.775180079398683386e+00 -5.771327373989072473e-01 3.762139143694477994e+00 -2.697225933118363006e+00 -1.062845629967215100e+00 -1.896559194237749546e+00 -3.389419040447515741e+00 2.881147731443925331e+00
0.000000000000000000e+00 -3.574689635224586048e+00 3.380356304152063451e+00 5.030173152909795498e+00 -3.817367014067117204e+00 -1.718232888822228688e-01 -2.760816554365122855e+00 1.408174695672794963e+00 3.816171756458864639e+00 -5.676798771874812743e+00 -4.865779588262780564e+00
1.000000000000000000e+00 2.520014993115230695e+00 -1.974378418602846574e+00 -2.417414426170112485e+00 -2.998626551933754047e-01 1.587956567758548321e+00 -2.652958475950628614e+00 -1.409200681220090345e+00 -5.316152343158149662e+00 -2.490834726177029168e+00 2.159889354147361384e+00
1.000000000000000000e+00 -1.065032936766677096e+00 -2.911529366199226754e+00 -9.073800774206961517e-01 -1.486032268173072213e+00 3.049302757008674369e+00 -3.379685108753287537e+00 -1.416802248170375256e+00 -3.236729661177166761e+00 -3.564396096690467530e+00 7.541554281570126417e-01
1.000000000000000000e+00 -3.438172794282816636e-01 -6.425376644870439691e-01 -3.488827182256784454e+00 -1.772429095485495543e+00 1.873953778338337317e+00 -2.208336555515449717e+00 -1.406722997573356171e+00 -3.339159985083634208e+00 -4.767468444836278962e+00 4.092897420158618793e+00
1.000000000000000000e+00 1.149527491747865948e+00 -2.944360804144829480e+00 -2.216901558764571956e+00 -2.257307304430722361e+00 4.344438296687127554e+00 -2.243091966592932529e+00 -2.575684675418756786e+00 -3.789212132860170890e+00 -3.184286058789409513e+00 2.158406541462538186e+00
1.000000000000000000e+00 1.060499126541149861e+00 -4.973383994888704862e+00 -2.659098341289532819e+00 2.379681173641547964e-01 3.451860696883542357e+00 -3.248309685745157882e+00 3.999622859575002742e-01 -3.424036906588553641e+00 -3.464435806301399801e+00 2.968365981205010939e+00
0.000000000000000000e+00 -5.099089271200795359e+00 2.261919167483402937e+00 4.339874128172295009e+00 -3.963134497167206227e+00 -1.983820010729209216e+00 -1.092495897012277783e-01 -6.369760527322529398e-02 3.505158965687260153e+00 -3.473668236180680324e+00 -5.427267922201322925e+00
0.000000000000000000e+00 -5.079970053225615345e+00 2.252730313394963879e+00 6.055435745328338726e+00 -4.494892298880710513e+00 -5.640171272657563684e-01 -1.500807521132721423e+00 -1.824855272357630120e+00 5.338577422835317776e+00 -5.693730573073946921e+00 -5.552630310406309277e+00
0.000000000000000000e+00 -4.656087785662558431e+00 1.202904622027376913e+00 4.728624051151625984e+00 -3.908076818439198519e+00 -3.905933983711575852e+00 -1.955917284055333161e+00 1.327972569244220136e-01 3.868346996319941944e+00 -3.912723954157128592e+00 -4.443661898651862785e+00
1.000000000000000000e+00 1.701613393562301901e+00 -3.519629918483935249e+00 -1.529849640026750501e+00 -2.942886745178488361e+00 2.086506005769853012e+00 -3.777892410364626308e+00 -6.066420737100708394e-02 -1.911862496727165572e+00 -3.752090704651620534e+00 1.725209070141214607e+00
0.000000000000000000e+00 -4.605920923699444280e+00 1.780837380027620931e+00 5.044947005024496889e+00 -2.941177276548388342e+00 -1.137732245246944718e+00 -2.890689975931184375e+00 -1.250201312901648931e+00 6.517229611420624735e+00 -3.099810623445981683e+00 -3.713407062440878814e+00
0.000000000000000000e+00 -4.881575007385862364e+00 1.254184083978235442e+00 4.061992233575417721e+00 -3.192959108232433341e+00 3.996065385234643941e-01 -4.095992027227401522e+00 1.175409354657056538e+00 1.844206213576646158e+00 -6.011871889025329097e+00 -3.576736159526718417e+00
1.000000000000000000e+00 -1.000910759027735519e-01 -4.294369835738936381e+00 -6.230799970996776516e-01 6.693200384108779488e-01 3.676682860014054643e+00 -3.162624005555334961e+00 -1.912794820911585481e+00 -2.324322664464743227e+00 -3.400638664259296284e+00 4.672215624367288100e+00
1.000000000000000000e+00 1.392615762837440041e+00 -3.529015556871053505e+00 -3.919863999149751699e+00 -2.137746438443234087e+00 2.799331191091757098e+00 -2.634749284148041326e+00 -1.376274787519749188e+00 -4.457299401089464652e+00 -4.344980392727143759e+00 2.645346385032469438e+00
0.000000000000000000e+00 -4.387229252259788659e+00 1.961655421512079833e+00 2.548663080907043188e+00 -3.164351856594858958e+00 -9.272850238573877579e-01 -3.990627251558046762e+00 -3.903155754785526121e-01 3.250960650565611676e+00 -5.916946506892261759e+00 -4.388862809692245293e+00
0.000000000000000000e+00 -5.815941185397431212e+00 4.169698171110779228e+00 5.341415265275380797e+00 -4.404095315777432518e+00 -7.868260618669978834e-01 -1.786425118786178601e+00 -1.960343153857577875e-02 5.084859245274226502e+00 -5.408771933114166153e+00 -5.167513589020233056e+00
1.000000000000000000e+00 2.743241966636469353e-01 -4.791750666932421687e+00 -1.722416081316485936e+00 -7.492286108428574121e-01 4.871834064397267738e+00 -2.765506549872188913e+00 -2.688311300311310159e-01 -2.707525100974106369e+00 -3.679653207322708841e+00 1.677405061396048058e+00
1.000000000000000000e+00 3.431806335832143784e-02 -2.759058977107474053e+00 -2.142406432621263068e+00 1.579943594066013368e-02 3.319970931401821534e+00 -2.053779217087821962e+00 -4.131372530924148911e+00 -3.399309598667996202e+00 -3.077977946617342475e+00 2.535775603574865311e+00
1.000000000000000000e+00 -1.166023121583342759e-01 -3.466284661838004322e+00 -2.268879868159752178e+00 -2.160435771948781003e+00 3.342503126827635729e+00 -3.768399308662031544e+00 -1.703251078905910321e+00 -4.168777337915114067e+00 -3.125501413845959142e+00 3.718858955248443010e+00
1.000000000000000000e+00 1.285531918381557004e+00 -4.745641909580296414e+00 -4.884514427739162556e+00 -1.552960017256705738e+00 3.360566336008679933e+00 -2.851787743717742352e+00 2.141979939790965570e-01 -3.888257574250889359e+00 -3.177209194845482809e+00 1.675266604641387325e+00
1.000000000000000000e+00 3.812721134878628848e-01 -4.161752602145384117e+00 -4.114279305830422118e+00 -1.323816487680605780e+00 4.726359572733219494e+00 -2.005038004586412015e+00 -2.629426568649682050e+00 -4.277722934828217305e+00 -3.809995172872239433e+00 1.369474279079933465e+00
1.000000000000000000e+00 -3.736809456627705472e-01 -1.868367452887608637e+00 -2.608970692929622803e+00 -1.500709805813264852e+00 1.656939130841045493e+00 -4.949801658484853206e+00 -1.654546452541647783e+00 -2.153687424546454121e+00 -2.515836950527252647e+00 2.739115185968016508e+00
0.000000000000000000e+00 -3.374305467536848901e+00 3.515531524564065258e+00 4.966775610910704408e+00 -3.653685096967647983e+00 -2.792149930686382397e+00 -2.598398467861860350e+00 -4.890810405729222321e-01 3.374393683344315775e+00 -7.069947986120306282e+00 -3.119003691100719067e+00
0.000000000000000000e+00 -3.956797970879682325e+00 2.150311530963609830e+00 5.540717777507628838e+00 -1.893792820164246882e+00 4.496972299453716460e-02 -2.245781017551534919e+00 -6.349974422934658858e-01 3.131484506529397471e+00 -5.225011598262517154e+00 -3.134114998058436186e+00
1.000000000000000000e+00 -1.505070969396207214e-01 -3.065019990768817149e+00 -2.598229043287811013e+00 -1.553979417684125730e+00 1.760932136163741113e+00 -4.481972094156967401e-01 -1.763327530069753957e+00 -2.372765427525647564e+00 -2.694583754401567166e+00 2.385503476153984614e+00
1.000000000000000000e+00 6.982318743375487413e-01 -3.037213151309696268e+00 -1.560864746748501286e+00 -1.822886125948544711e+00 2.400167342768597223e+00 -2.525423173712221470e+00 -5.144123414526298177e-01 -4.293907322250556824e+00 -2.822782570366136667e+00 1.918249071287093654e+00
0.000000000000000000e+00 -5.224608443805101921e+00 2.018869605915823762e+00 4.208924199409397993e+00 -3.381468637769194263e+00 -1.237894756983858535e+00 -1.509178232806270614e+00 8.303581550257346233e-01 3.600246599420330540e+00 -4.090481149687414053e+00 -5.814152422081535043e+00
1.000000000000000000e+00 2.144069485651054041e+00 -2.626578853255935542e+00 -3.032576502338333313e+00 -6.668491759813572894e-01 3.364911475249270811e+00 -2.473210408551675954e+00 -2.592823929810190720e+00 -2.741834979738467126e+00 -2.744504879377038797e+00 2.324561191036279340e+00
0.000000000000000000e+00 -6.041832633164720079e+00 2.961610409800239374e+00 4.506551387588288549e+00 -3.169382434186988728e+00 -7.643867892317087742e-01 -2.321616897453268713e+00 4.391645587089715308e-01 5.454748473062780434e+00 -6.451199676858308862e+00 -3.334794394022299713e+00
1.000000000000000000e+00 -2.388057614082095270e-02 -4.691239051699118257e+00 -2.927127238449990898e+00 1.774107722717208624e-01 2.443785861249172964e+00 -3.296830347183290932e+00 -1.841548469913009800e+00 -2.644111117208780115e+00 -3.656922524092411919e+00 1.925037329052433410e+00
1.000000000000000000e+00 1.315033621196544322e+00 -4.333570389509183940e+00 -4.210848738407906744e+00 -2.343124482221757621e+00 4.064844922376606995e+00 -3.380965065062375263e+00 -1.680954472416354539e+00 -3.050218025310535541e+00 -4.716779595881199327e+00 4.351628232283801800e+00
1.000000000000000000e+00 9.747297675010314633e-01 -2.672323460864588718e+00 -2.569789587085539395e+00 -2.296170139819527556e+00 3.310688930828873389e+00 -3.424771113826683866e+00 -1.372808492137045810e+00 -4.185938061616568007e+00 -3.374631017527149002e+00 4.608439522361001295e+00
0.000000000000000000e+00 -5.968059151586916578e+00 1.757282772236456792e+00 5.473413367437641952e+00 -2.506745876067166812e+00 -1.023218686119219845e+00 -1.690407595043752709e+00 -3.198650850076688590e-01 3.689510191127889360e+00 -4.412414479269734180e+00 -5.345820749042643705e+00
1.000000000000000000e+00 -1.161868396820996185e+00 -4.123486380007067353e+00 -1.926466978168055677e+00 -7.614327100402245030e-01 3.315814285351067259e+00 -3.422814657084566559e+00 -3.099374264304944226e+00 -4.139979995549253999e+00 -3.539220395750992232e+00 2.428403413757275864e+00
0.000000000000000000e+00 -4.372490212930112641e+00 1.493649058618816694e+00 5.179083530923292322e+00 -3.075877614039709051e+00 -1.457275955680209290e+00 -2.403514139233672076e+00 -7.233051088332450584e-01 3.263744206027397343e+00 -4.417097676860210598e+00 -4.403808216377131046e+00
1.000000000000000000e+00 7.364336142951041220e-01 -2.859583100942403533e+00 -2.650216201466732979e+00 9.131294163990588686e-02 3.622759467005661982e+00 -3.012023768539590751e+00 -2.456714242255658043e+00 -3.167023387658972844e+00 -4.111657846480706979e+00 4.202112340088198117e+00
0.000000000000000000e+00 -3.396820273447365146e+00 1.158648614599374627e+00 5.597690164068928276e+00 -2.989506208851716806e+00 -1.624610293112668247e+00 -1.154880889228627749e+00 2.277755902914644359e+00 3.349585072120889961e+00 -4.110646526141801260e+00 -4.997196895341059708e+00
0.000000000000000000e+00 -5.845950253753400716e+00 1.728716032698945249e+00 3.136101804503065082e+00 -3.384342074251624588e+00 -1.808304993441803399e+00 -2.782900729885373625e+00 -1.192633580169575547e+00 2.148679174828390437e+00 -6.163332992720247816e+00 -3.592086037554021338e+00
0.000000000000000000e+00 -5.870823276537990409e+00 1.098700825720131169e+00 4.166173719505034789e+00 -3.180862712050535723e+00 -2.160389007912689507e+00 -5.508294559337674201e-01 -1.358269832379560782e+00 3.995593944807160458e+00 -4.968119814875495699e+00 -3.528807967299039561e+00
1.000000000000000000e+00 1.965963418418638309e+00 -3.840003446289360856e+00 -9.951287037693432591e-01 -2.971625223799535753e+00 3.349490779510464478e+00 -4.146752671329062778e+00 -1.548488903599770206e+00 -3.566887568313878099e+00 -3.293323583689592216e+00 8.589838031363530302e-01
0.000000000000000000e+00 -4.906928771102855080e+00 2.427504017602715169e+00 5.606116423656354542e+00 -4.702352851016764035e+00 -2.962947494848303442e+00 -3.168087222334858399e+00 1.392563181429536057e+00 3.424108790345615549e+00 -3.919746196186831177e+00 -5.120047080863378675e+00
0.000000000000000000e+00 -4.714763996806842883e+00 3.361584172478210508e+00 5.670559112008811908e+00 -4.355475311080696521e+00 -3.274962713247707713e-01 -3.078287053014185481e+00 1.230717815400374615e+00 2.435248364487073491e+00 -5.103123858377590416e+00 -5.220895485659090340e+00
0.000000000000000000e+00 -5.242878138516415376e+00 2.750498157944742950e-01 4.397506814507339712e+00 -2.671601689615398456e+00 -1.984156988404590871e+00 -1.843817592519028548e+00 1.002751548363347123e+00 2.654415905906242656e+00 -3.019437944821177666e+00 -4.705455591026805884e+00
0.000000000000000000e+00 -6.502263902993467681e+00 2.690275123063228246e+00 5.491542643942310065e+00 -3.838593524786950706e+00 -1.983912708903224908e+00 -1.839991354078191144e+00 -4.716946783627639084e-01 1.008118347108128532e+00 -6.067581386338813942e+00 -3.239375176013475688e+00
0.000000000000000000e+00 -3.548611378451389520e+00 2.703561732803856810e+00 4.594352933707471109e+00 -3.088613324773814561e+00 -4.818463820718423274e-01 -2.330224315415417635e+00 -2.448141170805548383e-01 3.744033750452003595e+00 -4.444446333055712017e+00 -3.329904448709178233e+00
1.000000000000000000e+00 2.444936196775023607e+00 -4.067488316904649182e+00 -1.612557384332159227e+00 -7.925239438151461258e-01 3.680569195920659897e+00 -4.783148326288273466e+00 1.187946112119764308e-02 -9.566509893394763431e-01 -5.437109945421743085e+00 3.363399708087162043e+00
1.000000000000000000e+00 2.814160346036609361e+00 -3.406140801904022908e+00 -1.416550674444031266e+00 -1.977315637890091127e+00 3.434871992747249525e+00 -3.125684125163220806e+00 -1.291968955565796051e+00 -3.351032956613737124e+00 -4.773592821822057353e+00 3.015906848345599300e+00
0.000000000000000000e+00 -4.428104802083024261e+00 1.989138604240679564e+00 1.985492639903973178e+00 -4.731633109111379909e+00 1.779005996996636529e-01 -5.435675333696539102e-01 -6.925050842855265953e-01 3.870324837435746179e+00 -4.602866017788570296e+00 -4.044412439028868711e+00
1.000000000000000000e+00 5.725801244334960405e-01 -2.863539107985006105e+00 -1.377351625560741866e+00 -2.136241939801151624e+00 2.938673815211909623e+00 -3.126540348270796521e+00 -1.949744746438907939e+00 -4.514226863057360539e+00 -3.750880644111765250e+00 3.167015293287429589e+00
0.000000000000000000e+00 -4.759614582258920201e+00 3.582493089984342127e+00 3.347935228185612289e+00 -2.026009816880091741e+00 -1.456315358402843430e+00 -2.234931166681286108e+00 -1.615579991032725760e+00 1.702584225340404656e+00 -5.193251825425293511e+00 -4.848573790639396641e+00
1.000000000000000000e+00 1.087531904781384284e+00 -3.840240355413615081e+00 -1.067778562869520442e+00 -1.872791356787713690e+00 3.913485169201782909e+00 -1.266833772359081678e+00 3.251299106670744177e-01 -2.408001472114058128e+00 -1.634584601181396923e+00 1.419543670055132933e+00
1.000000000000000000e+00 1.479646979607670332e+00 -4.957860858717789476e+00 -2.315137054076979339e+00 -3.932120382289494565e-01 1.763837667539108978e+00 -3.439901677517079648e+00 -1.350602679214018886e+00 -2.906329732260950482e+00 -4.457981582058444303e+00 2.136876495297060696e+00
0.000000000000000000e+00 -5.073907157219019304e+00 1.143092395119411409e+00 5.952072013617682344e+00 -2.716352938954053275e+00 2.137199623952390493e-01 -6.215334361849753630e-01 3.172725965529045733e-01 3.545232946731323054e+00 -4.822938700158471370e+00 -3.301104438266706964e+00
0.000000000000000000e+00 -6.424508177586339741e+00 2.439180011780520019e+00 4.231038323757164932e+00 -3.370356967394492642e+00 -1.005683291081604924e+00 -3.505973051687825137e+00 6.909374463655457710e-01 2.551747800622250484e+00 -4.176519487468330460e+00 -3.634069921124257974e+00
0.000000000000000000e+00 -5.373101723691107168e+00 4.245566759434902249e-01 4.202271069798495517e+00 -3.584600263726090308e+00 -1.109898593436713155e+00 -1.415472183484754787e+00 -1.633794329419173685e+00 3.323118995558565381e+00 -3.213604247816176596e+00 -4.556530640533495990e+00
0.000000000000000000e+00 -4.232925468190336105e+00 1.422659200445375305e-02 3.397270578802180641e+00 -3.962169359332879282e+00 6.402530156565224839e-01 -2.600802526006282811e+00 4.181677110979235001e-01 4.069056971602375228e+00 -4.780732818601991951e+00 -4.558103762974102580e+00
1.000000000000000000e+00 1.042196951599041244e+00 -4.195215655653818487e+00 -2.616374798630166421e+00 -2.094959209531330746e+00 1.782878849690878065e+00 -3.887086904594376335e+00 -1.598726254166555227e+00 -4.584262482010919904e+00 -4.507225140181143175e+00 4.020477216738303383e+00
0.000000000000000000e+00 -4.261784628580786105e+00 2.188781182502053113e+00 4.444975338605923199e+00 -3.619221228340628205e+00 -5.808781458958128807e-01 -2.651991726106995184e+00 1.121825189835773617e+00 1.260750502684669261e+00 -2.877824617186498735e+00 -5.440418731115418183e+00
1.000000000000000000e+00 -3.789808510227212768e-01 -3.668755577423715941e+00 -2.479194113232311647e+00 -1.745691842411116301e+00 4.048146119425624079e+00 -2.124593701989058392e+00 -1.461773556395264295e+00 -1.499627540234121481e+00 -4.427868419009483247e+00 1.649981468884188729e+00
1.000000000000000000e+00 -5.619160825828202199e-01 -3.755713899041412951e+00 -6.753911731847661581e-01 -3.371009615715841790e+00 3.177534305935079573e+00 -2.136735040071907399e+00 -1.345077278918911157e+00 -3.969005812244631670e+00 -4.494946354994868720e+00 2.403971534257877796e+00
0.000000000000000000e+00 -4.572591459213220411e+00 3.327919290190927804e+00 2.453221062261281560e+00 -3.054115362790240873e+00 -8.443520191039228795e-01 -1.592494536686007933e+00 1.793785043183442562e+00 2.628037143262318409e+00 -4.447193841730118891e+00 -3.206161564261817976e+00
1.000000000000000000e+00 3.984776596214206101e+00 -4.028278031782913438e+00 -3.353498695938093910e+00 -2.692625714578313012e+00 3.139885464459271525e+00 -3.097101474466234627e+00 -6.366065629954180682e-01 -3.160414648578262486e+00 -5.229277621709936597e+00 2.329499281186758530e+00
0.000000000000000000e+00 -5.045306271009757815e+00 2.602151234545281078e+00 3.329899813257613417e+00 -2.084255521278447265e+00 -2.622050015677817925e+00 -2.587405051187487981e+00 -3.049039049519932654e-01 4.417244164330064393e+00 -4.421985022696643952e+00 -6.112181510787472405e+00
0.000000000000000000e+00 -6.266726857915877247e+00 2.382340074841836852e+00 5.353360435580111876e+00 -3.697986569703092474e+00 -3.180027481028697700e-01 -1.764416389038978572e-01 4.819678011277968299e-02 2.496020158285374713e+00 -3.572572656652594603e+00 -5.944395574647478142e+00
0.000000000000000000e+00 -4.780721323924495003e+00 3.181365286662139358e+00 5.396733066513582422e+00 -4.698490970870712324e+00 -4.181352634121646150e-01 -1.900772036975141743e+00 -4.595360582788400872e-01 2.821266236370873592e+00 -5.867431318865536483e+00 -4.858304263344010998e+00
1.000000000000000000e+00 2.273196225038986551e+00 -3.102547931581239204e+00 -2.131622996754750421e+00 -2.294628245224855867e+00 2.628327481240293917e+00 -3.946520226644695484e+00 9.413076924411827306e-01 -2.466740199195468719e+00 -2.414151515019073990e+00 2.188556495959073089e+00
1.000000000000000000e+00 8.921319723488468911e-01 -3.012241234129183542e+00 -1.762576572873412850e+00 -1.631926143218104253e+00 2.014948318288223739e+00 -3.549149908064268555e+00 3.362555614065516618e-01 -1.632619841194150379e+00 -3.084129131394598655e+00 6.223817450225814785e-01
1.000000000000000000e+00 8.708676966237393069e-01 -3.826357635108018407e+00 -1.816474680294529298e+00 -3.522913770567873026e+00 3.263761405435949392e+00 -3.068316094718237075e+00 -3.171774186430036835e+00 -2.618294350033071094e+00 -5.343904728211074762e+00 2.616103771889251917e+00
0.000000000000000000e+00 -5.462015708420272730e+00 2.892303265068691065e+00 5.259737360341831369e+00 -2.743274960330770451e+00 -1.551056572875891604e+00 -1.692051766838806426e+00 1.088896439099229924e-01 2.433262523425467005e+00 -5.525878096944440543e+00 -4.604150071993152515e+00
