0.000000000000000000e+00 1.516855134964356866e+00 -7.140638656515493565e+00 -8.809737297072679496e+00 7.599133481221860720e+00 8.145514870586652023e+00 -3.805011078622824616e+00 -2.695558830649460891e+00 -3.504803327850731787e+00 9.407412883561834249e+00 -5.735991618769141986e+00
0.000000000000000000e+00 4.829771064152356685e-01 -5.991268037048214090e+00 -9.914298809043183169e+00 7.213895588132543502e+00 9.446914791384376286e+00 -5.763963561687537762e+00 -2.088231304939609956e+00 -4.421095001595354290e+00 9.706359590998959064e+00 -5.367637186165110208e+00
1.000000000000000000e+00 8.418839520672733556e+00 5.105908240253175912e+00 -4.318273776855674484e+00 1.035538403929145090e+01 1.826539267505462139e+00 6.977014078356109650e+00 -8.931658094657311864e+00 5.570868345617820960e-01 7.193516390835219987e+00 -7.254136915433328170e+00
1.000000000000000000e+00 6.756859994507026457e+00 5.684339606570376624e+00 -6.276580404153815351e+00 8.073712399414805674e+00 9.645963585787731276e-01 6.780099753686033459e+00 -9.467373516208700934e+00 1.794071192527206815e+00 5.505521035951229436e+00 -8.125560277102970019e+00
0.000000000000000000e+00 1.856160767140702106e-01 -6.638792465283721356e+00 -6.934898648283636113e+00 7.368755141745316095e+00 1.183931205467792935e+01 -4.757833186347919963e+00 -2.647222009345048921e+00 -5.428898060476061715e+00 9.260409950989071604e+00 -6.186172236008306236e+00
1.000000000000000000e+00 7.068250328783292069e+00 4.204718105593837407e+00 -4.994935254231267052e+00 9.624422410502752712e+00 1.292006566443906213e+00 5.335721012071157787e+00 -6.062890276099588860e+00 1.828946864466032274e+00 6.521313831271322137e+00 -8.600662587071917997e+00
1.000000000000000000e+00 8.511823708260356725e+00 3.739724211091070227e+00 -5.418408049891160871e+00 9.945302072379744729e+00 1.455725866575439786e+00 7.637496874701730221e+00 -7.285284912897918019e+00 3.760501354786621730e-01 6.908345324962442469e+00 -6.718030765245750047e+00
1.000000000000000000e+00 6.970644525159571891e+00 4.999542073714898116e+00 -4.600310725809935164e+00 8.700268533326365628e+00 2.151539964076150113e+00 7.517034868095912259e+00 -9.527041266307913148e+00 1.831856718222078184e+00 6.319299728236718039e+00 -8.167540443947812534e+00
0.000000000000000000e+00 3.504590252240373793e-01 -6.182918845354934412e+00 -9.469203913947017881e+00 6.823922147729839516e+00 1.056938001340656008e+01 -4.659143405322906162e+00 -2.036700076808845683e+00 -2.572780816918017521e+00 9.375314948049666697e+00 -5.077093613253509830e+00
0.000000000000000000e+00 4.079044885556655231e-01 -6.511482625893210141e+00 -8.851604879436148821e+00 7.354581115347262887e+00 1.046548820412129643e+01 -4.457417586007263566e+00 -2.501404852533060552e+00 -4.802265991705962911e+00 1.014237524356540554e+01 -4.497329406323432366e+00
1.000000000000000000e+00 6.961448910595442463e+00 4.042559083079239279e+00 -5.022868499085986649e+00 1.125048723351436308e+01 1.115476521016523614e+00 6.938265500446345158e+00 -7.036513566482960336e+00 2.807521312517323731e-01 7.416934147424083079e+00 -8.351960284756517083e+00
0.000000000000000000e+00 1.069288635188506253e+00 -6.441415240063199654e+00 -8.500045860165869271e+00 6.080844482275533203e+00 8.379313032626779290e+00 -4.847976307474996638e+00 -3.169130256223951836e+00 -4.313811002484948531e+00 1.036565740405075609e+01 -6.532735940032752708e+00
0.000000000000000000e+00 6.502467385121865062e-01 -6.108325377773547338e+00 -1.107118842696801408e+01 7.582070748811656991e+00 8.617494585798990414e+00 -4.859038643733391893e+00 -1.302251592128078839e+00 -4.385253364184045211e+00 7.886273125027694064e+00 -5.789062261996464898e+00
1.000000000000000000e+00 8.381443932498777727e+00 2.764657503375215875e+00 -3.902112142788543014e+00 9.950457057775103920e+00 1.717969772851938082e+00 6.623894519561530636e+00 -6.788129115045220985e+00 7.359008014020365085e-01 6.142790351471561827e+00 -9.065890293000279598e+00
0.000000000000000000e+00 3.986066487130635050e-01 -6.080644468258161517e+00 -9.069286937689970074e+00 6.783733486819413905e+00 9.779754188425535233e+00 -4.982913771365829803e+00 -2.782123416051434539e+00 -5.046929187816287410e+00 8.789614526415356011e+00 -5.658647789943150208e+00
0.000000000000000000e+00 1.643666304020097169e+00 -7.318106246108611934e+00 -8.401863702763417763e+00 6.506122709105607527e+00 1.004915229049418102e+01 -4.772597213521429182e+00 -1.653780034645101926e+00 -4.392866379923389353e+00 1.099284607898648503e+01 -7.269400189340400331e+00
0.000000000000000000e+00 1.680075992391105721e+00 -7.169342765685795094e+00 -9.698234092609537171e+00 7.999813328759250552e+00 9.857752090051253191e+00 -3.593195111909656347e+00 -2.342280790048794081e+00 -3.785554132493039958e+00 1.004171070130171017e+01 -6.917457116406389162e+00
1.000000000000000000e+00 7.947670311569297930e+00 5.484149784915385517e+00 -5.728178041629737649e+00 9.714871229325400037e+00 7.338208996660122718e-01 5.689997069522462425e+00 -7.827675832988692406e+00 6.188873422754084253e-01 5.963208440441394309e+00 -7.439220005129222102e+00
0.000000000000000000e+00 6.327122245284433344e-01 -6.460514600157045706e+00 -8.693225586428381391e+00 8.961450995597548541e+00 9.113589809016765741e+00 -3.644869473308688157e+00 -1.520805649711251428e+00 -2.968163477988081222e+00 9.538320968183125359e+00 -6.075542889869026908e+00
1.000000000000000000e+00 7.602530111722169082e+00 4.675928795071981448e+00 -5.273289069243400462e+00 1.116956280986087968e+01 1.955752663134135094e+00 3.878797388869572149e+00 -6.958118429783396230e+00 1.431041793073140722e+00 5.075961487355421298e+00 -8.659225659663166041e+00
1.000000000000000000e+00 6.262230765495774953e+00 5.506554863557787449e+00 -3.832102557690793887e+00 7.960594590217414002e+00 2.308166738146625097e+00 7.194637662868407446e+00 -8.565412368843020374e+00 5.995702546544383615e-01 7.133260458907827228e+00 -7.390099096371631759e+00
0.000000000000000000e+00 1.179532811847223250e+00 -7.392522377374795006e+00 -9.095720170322550757e+00 6.164904302292882221e+00 8.265323060714033332e+00 -5.204636751891388080e+00 -2.520910542343656857e+00 -4.635939623805232834e+00 8.569801967328022130e+00 -7.563460981453710374e+00
0.000000000000000000e+00 1.048164567676360903e+00 -6.893695378336658131e+00 -8.698019489276740401e+00 7.540029720777075894e+00 1.086814210528585889e+01 -4.706653763063689766e+00 -2.873914313038478774e+00 -3.958131976112759354e+00 8.787449820007729784e+00 -7.067952959929033163e+00
1.000000000000000000e+00 6.381268784694250407e+00 4.619815305798038452e+00 -2.724779904996470492e+00 1.119450830166998401e+01 -1.064056310818122242e-01 5.537856288860480980e+00 -8.201606040658859342e+00 -1.175442225365211701e+00 5.335244855673405340e+00 -7.314746708033233347e+00
0.000000000000000000e+00 4.500164687819881437e-01 -6.248221198320186076e+00 -8.575518005833112412e+00 7.291576958307535605e+00 1.082912509331914919e+01 -4.786841908605675044e+00 -3.273085444960361912e+00 -4.450822975776343782e+00 1.034578536081571443e+01 -4.019302695927178704e+00
1.000000000000000000e+00 6.536810746281708440e+00 6.487429454699873865e+00 -4.859657437563218885e+00 9.705511076264187409e+00 1.508204848805608345e+00 6.164241947429876411e+00 -8.269816250847513928e+00 5.855440325232119658e-01 5.793751478889367590e+00 -7.863116019837640636e+00
1.000000000000000000e+00 6.010378766019882413e+00 5.644258288815401592e+00 -4.231667357509399707e+00 9.682887092333460899e+00 1.299054103432609075e+00 8.278259652411252389e+00 -8.190490299813204089e+00 9.692939718962508833e-01 6.346498822249628802e+00 -7.907808317670116161e+00
1.000000000000000000e+00 8.887709415128757229e+00 3.743516078996675045e+00 -3.375639189553647057e+00 8.758568254422405275e+00 1.056911204170592811e+00 7.697640763064100611e+00 -9.477173960148443044e+00 2.166837255422069397e+00 7.278451482662088523e+00 -6.703642456610690914e+00
0.000000000000000000e+00 2.167850160924280623e-01 -6.503401262030835461e+00 -8.068373679257117459e+00 4.746420890922550484e+00 9.396279338416782423e+00 -4.293794825759888134e+00 -2.667871208415653506e+00 -4.180935657620824308e+00 1.013151841680008225e+01 -7.109034581410648812e+00
0.000000000000000000e+00 4.837438997852732681e-01 -5.852744142108229575e+00 -1.074289078463975677e+01 7.321471582454313065e+00 8.554981277362079695e+00 -4.327304842563540532e+00 -2.701535373262904827e+00 -1.763675581618176835e+00 9.203530232375024767e+00 -6.836904587636635888e+00
0.000000000000000000e+00 1.075034350261416582e+00 -7.335137346648446410e+00 -7.338006815619440459e+00 6.120583840256774266e+00 1.006092321989888205e+01 -3.821742547928441702e+00 -2.857442184133685004e+00 -4.060567635283327093e+00 1.014593766889726645e+01 -6.567776568348503652e+00
0.000000000000000000e+00 -1.863968068208452511e-01 -5.864724563446059413e+00 -9.755020183786252019e+00 7.290604661522281482e+00 9.303429365303641063e+00 -6.392546359942596013e+00 -3.535494444176185524e+00 -2.623847860873703031e+00 9.145192382448675161e+00 -6.701576484480852969e+00
0.000000000000000000e+00 1.346350487809491625e+00 -6.467937659654280580e+00 -9.045828922456133014e+00 5.847690035190753477e+00 1.096586332803317099e+01 -4.257243889280559301e+00 -3.727262447959152958e+00 -3.792909197688580036e+00 9.675359627849317690e+00 -4.952602250087457136e+00
1.000000000000000000e+00 8.431215844455410391e+00 5.353564782678206235e+00 -3.765038518055017214e+00 8.791564183702258006e+00 1.748227347124644560e+00 6.815334219923514958e+00 -7.254792405833883073e+00 -2.142567559903238994e-01 5.354682838720913551e+00 -7.977736080043997369e+00
1.000000000000000000e+00 7.240525147805509043e+00 5.263684924258699382e+00 -3.079613734423622518e+00 8.435194109819663666e+00 2.346947907585254622e+00 6.013772650112160889e+00 -8.397492914672142206e+00 2.596942312667853692e+00 7.589897725032866305e+00 -8.507649907491771302e+00
1.000000000000000000e+00 6.877431144453055367e+00 2.979357134226650494e+00 -4.612880796225044655e+00 1.027038970987612565e+01 2.628114378834384368e+00 8.416273970052932540e+00 -7.117082652932051445e+00 1.835924707550508073e-01 7.016082486728811851e+00 -8.275525155156712387e+00
0.000000000000000000e+00 8.391421911858176763e-01 -7.154675296878185264e+00 -8.493724517089582093e+00 7.019268319279792223e+00 9.720448806946469844e+00 -4.748472809968483865e+00 -2.889859902799083891e+00 -4.061955507651396680e+00 1.013099824716293362e+01 -6.150807007715671126e+00
0.000000000000000000e+00 4.937425082091945749e-01 -6.249718067065201055e+00 -1.025562816038893743e+01 6.064709274608542700e+00 1.094285517862588719e+01 -3.699842320559457498e+00 -2.469334435593945720e+00 -4.032641842527941556e+00 9.890018028193408028e+00 -5.921621987050516012e+00
1.000000000000000000e+00 7.904335022478033324e+00 3.675573101065220172e+00 -4.873444773548822440e+00 1.088726747223559244e+01 1.430782358134072840e+00 7.017596666160399899e+00 -7.520233838720635333e+00 1.613858230428470097e+00 6.793301967764191929e+00 -7.974302781226624504e+00
1.000000000000000000e+00 8.677527490603827331e+00 3.521934464029232714e+00 -5.057243110344338710e+00 7.754848143520370662e+00 2.427642297514196024e+00 7.146695330530101309e+00 -7.534117440123503151e+00 1.683053342088711268e+00 5.998499835497985266e+00 -8.526057886746654546e+00
0.000000000000000000e+00 1.892335707597003758e+00 -7.860712280345442338e+00 -8.506380913610177785e+00 7.242733369732666127e+00 9.856274971521427730e+00 -3.063753108341153997e+00 -2.040939538955744759e+00 -3.733082562329146370e+00 9.764045929497932264e+00 -5.360628771972557161e+00
0.000000000000000000e+00 1.143548889429909510e+00 -5.841407538742563688e+00 -9.200224125557278754e+00 7.994761499865133736e+00 1.135132358437022759e+01 -6.465267563487496538e+00 -2.874599083537323629e+00 -6.501997427922509232e+00 1.025204025628936222e+01 -7.145837198523585343e+00
1.000000000000000000e+00 6.693991432497919725e+00 4.610420723220756578e+00 -4.800631748642326002e+00 1.010072453676992055e+01 4.290387573861520476e-01 6.431582175580104810e+00 -7.560636211083266112e+00 -9.569974437945576451e-01 6.011691536689715676e+00 -8.091767476101805912e+00
1.000000000000000000e+00 6.263639348022814524e+00 5.402663173856574907e+00 -3.678455524756480521e+00 8.139023892662301307e+00 2.439798700057103531e+00 5.446905687564815857e+00 -8.204289721243046785e+00 -1.126152581537626318e+00 8.011116313234269981e+00 -8.120973957956827860e+00
1.000000000000000000e+00 7.206777887714411079e+00 3.352235088234898797e+00 -4.624136579302398964e+00 1.029888947202094407e+01 2.176497611999433701e+00 5.163345519905917058e+00 -7.896685992637288543e+00 1.531896011621030063e+00 6.191623365771344645e+00 -8.363365552755134047e+00
0.000000000000000000e+00 6.198314884933364688e-01 -6.451606041952293147e+00 -1.020262690792405635e+01 6.913289867167462077e+00 1.002182025818776268e+01 -4.782211387210381304e+00 -2.615971801475661884e+00 -3.841349541513604748e+00 8.158936229045993471e+00 -6.490166457457072546e+00
1.000000000000000000e+00 6.973453834301337473e+00 6.302055318873810208e+00 -4.994002878148741331e+00 1.039053213301805556e+01 5.931916124429292836e-02 7.506592813702988032e+00 -8.318314276587894796e+00 2.127411190859381129e+00 7.530924407811359522e+00 -8.987337298118994511e+00
0.000000000000000000e+00 1.613563873591303821e+00 -5.165826528961050101e+00 -8.562645374033850842e+00 6.897448192006840451e+00 1.006128459602754965e+01 -5.284220680869951003e+00 -2.950568558964775434e+00 -5.870909283594615502e+00 1.119150136603297518e+01 -6.815372303956092281e+00
1.000000000000000000e+00 8.999763842753512932e+00 3.991175500699911449e+00 -4.317461260382015276e+00 1.062123108487102208e+01 2.773178961415627697e+00 5.082204564466750618e+00 -8.245497064474932358e+00 4.831521142052477291e-01 6.440598420362944054e+00 -8.203208704148721608e+00
0.000000000000000000e+00 5.995148613503347157e-01 -6.745554409972122301e+00 -9.158225834995022296e+00 7.527885516371883412e+00 8.346916221127704816e+00 -4.292530560235086057e+00 -2.745175726591595922e+00 -3.967566305469337085e+00 1.065865618851305818e+01 -7.503479237863837525e+00
0.000000000000000000e+00 1.572670587265559750e+00 -7.230225193383506443e+00 -8.813137186635268350e+00 5.926873251129069153e+00 9.326801523428027707e+00 -4.867751693190053963e+00 -2.003692259901499462e+00 -4.293204657295295767e+00 7.002529166071006728e+00 -7.773697342077456440e+00
0.000000000000000000e+00 1.741459322371153862e+00 -6.501388205980084933e+00 -8.793783450696695425e+00 5.591540121034043409e+00 8.326995894372000606e+00 -3.606525053463417674e+00 -1.982251112820252903e+00 -2.641570653526417178e+00 9.009630851252595107e+00 -6.222483950631721328e+00
0.000000000000000000e+00 5.961937860988215654e-01 -6.662926793279941862e+00 -8.088711730656752863e+00 6.440534198365047480e+00 1.147918387378861205e+01 -4.505284577594663276e+00 -4.156833711542502918e+00 -3.978653083829908343e+00 9.947438934900310059e+00 -6.513408004436778143e+00
1.000000000000000000e+00 8.099378759858973709e+00 4.859244580580799777e+00 -3.175801114140171411e+00 8.904991680242774876e+00 2.781040763846958974e+00 6.301514465001765153e+00 -8.112276779057172149e+00 -8.611075414277638007e-01 6.285340382858837671e+00 -8.317093474701069411e+00
1.000000000000000000e+00 7.063909432799655441e+00 4.558811051244193280e+00 -4.462924966271464733e+00 1.092700021931462828e+01 1.822238291166532020e+00 7.430014988469686443e+00 -8.722009535306463945e+00 2.068793137120135128e+00 7.480360659348693986e+00 -8.540242099787015206e+00
1.000000000000000000e+00 6.334257491814536678e+00 4.935139707074527315e+00 -2.599450519610478239e+00 9.731296975471519062e+00 1.688425974928900342e+00 4.378664931590135367e+00 -9.075872031447087096e+00 9.447883957297628088e-01 6.394711722126186437e+00 -9.213411380414363805e+00
1.000000000000000000e+00 7.306702132950229078e+00 5.976683715334296210e+00 -4.856373216771737944e+00 8.604206410708064467e+00 2.088405994930495169e+00 7.574496715068660180e+00 -8.796766060393352404e+00 7.425429809708987694e-01 6.428907157535038053e+00 -8.182948548431228986e+00
1.000000000000000000e+00 5.454667338356211204e+00 3.415376920966902929e+00 -4.314173307594947993e+00 9.509552995576425971e+00 1.353951955886228520e+00 6.814851425493501758e+00 -8.326004758084179613e+00 9.758826203239209240e-01 8.649363181280840251e+00 -8.857078517625346592e+00
0.000000000000000000e+00 1.253025272811469915e-01 -6.723384993729771608e+00 -8.742255143873579826e+00 6.927692566173374367e+00 1.192510367831741114e+01 -4.558978797734607902e+00 -1.020026677562958506e+00 -4.003365773952365814e+00 9.707870714682567126e+00 -7.809776837074045019e+00
0.000000000000000000e+00 3.742062226778670730e-01 -6.813976298633989792e+00 -7.795649518242019127e+00 7.400158082083553523e+00 1.007891559693593742e+01 -5.084106837720067773e+00 -4.298276060636364804e+00 -5.465435087392915392e+00 1.040152980130208604e+01 -5.472782981442914085e+00
1.000000000000000000e+00 7.670905518290626723e+00 5.126087653501183006e+00 -3.682970345371896048e+00 1.107967913277448169e+01 1.574920531330346929e+00 5.060854340574282517e+00 -8.539599536976512084e+00 1.837285204050972398e+00 6.866595737743134364e+00 -8.592730109038953401e+00
1.000000000000000000e+00 6.293792238230516034e+00 5.653491917105275988e+00 -4.623562031412516760e+00 1.051515567496351089e+01 1.563751861001477561e+00 5.359308779787721910e+00 -8.267667470719169742e+00 9.971504027614765953e-01 8.414517758038204676e+00 -7.877636056524214503e+00
1.000000000000000000e+00 7.396842183670492510e+00 4.028906794652465706e+00 -4.916879288832134876e+00 9.790178815732161866e+00 2.112098101481363344e+00 6.293047085993809908e+00 -9.615032425551117257e+00 1.924922507077931888e+00 7.544020107353379245e+00 -8.254573575482769598e+00
0.000000000000000000e+00 1.127425158521200288e+00 -6.905701431522084377e+00 -8.266025865269829964e+00 6.116650062072811700e+00 7.550437980362099566e+00 -4.522164253580767124e+00 -3.214669229018769059e+00 -4.402151268754752600e+00 9.319393816712226553e+00 -7.417937533685856621e+00
0.000000000000000000e+00 1.987017422659573374e+00 -7.925720846008555753e+00 -9.285066319117053268e+00 6.320721379195227030e+00 1.095087967092095482e+01 -6.443850157307847937e+00 -2.890222807478277200e+00 -4.522469184989691193e+00 1.114690517291603733e+01 -6.262401458758660944e+00
0.000000000000000000e+00 7.027549286532306372e-01 -7.171544747937099729e+00 -9.501738599109645023e+00 6.208986999616903368e+00 9.642606486352006456e+00 -3.130805763624594285e+00 -3.220064225471869435e+00 -3.922127816954939394e+00 1.069387337528214843e+01 -6.227479511585727323e+00
1.000000000000000000e+00 6.690393696478411201e+00 5.004070056991183790e+00 -3.828074308418140337e+00 8.671782470371219631e+00 1.286300551826986993e+00 7.262377485120978804e+00 -6.259221573145888229e+00 1.139366739670216733e-01 7.520260034924431736e+00 -8.223047903404070880e+00
0.000000000000000000e+00 1.433923041603823112e+00 -9.311841193327161648e+00 -9.313456463432460808e+00 7.949026549640766603e+00 9.048871101087437196e+00 -5.374124187076658288e+00 -2.744253836250296175e+00 -6.168310953430999888e+00 8.906269372227505698e+00 -6.378710601115546552e+00
1.000000000000000000e+00 6.184622969932343395e+00 5.323113218425190141e+00 -4.209126872333150082e+00 9.170784020720681440e+00 1.278817862340410283e+00 8.124228195891927129e+00 -8.779363870990039231e+00 1.297419500574572115e+00 8.387764310109446342e+00 -8.727018154273336492e+00
0.000000000000000000e+00 1.429601644349828948e+00 -5.729837028850281122e+00 -1.023276950237920602e+01 7.294370536954362549e+00 1.045470965722544143e+01 -4.180640057431898704e+00 -2.483343775799971009e+00 -3.650283199062361206e+00 9.428264313529101770e+00 -8.515914067333122617e+00
0.000000000000000000e+00 4.716677138639127076e-01 -7.961322550542867305e+00 -9.340002407368446669e+00 7.098081592801299244e+00 9.918879217513081770e+00 -4.705345091843921246e+00 -3.000548914933419020e+00 -4.005879075072606099e+00 9.142799439367518488e+00 -7.285715711978090425e+00
1.000000000000000000e+00 8.832521664182628740e+00 4.218478970687409735e+00 -3.837948342563819448e+00 1.070586422046568131e+01 1.374348660921003384e+00 5.289663931458056467e+00 -7.540413611877698763e+00 -1.527757779695270823e+00 7.015826517521184691e+00 -7.984239927783875146e+00
1.000000000000000000e+00 8.764471862825510939e+00 5.019081457871226171e+00 -3.400120256627300996e+00 9.701107167448416391e+00 1.205153281950463784e+00 7.046863660108065197e+00 -8.708121175484231813e+00 2.404256034632648920e+00 5.731439353853043706e+00 -7.645972513448294094e+00
1.000000000000000000e+00 6.496651551662416146e+00 3.330564132691384849e+00 -4.578608817162432842e+00 9.726996801790699365e+00 1.402343458879995008e+00 7.070590503233185053e+00 -7.846191036931720042e+00 1.858208468699493743e-01 7.693011543690938758e+00 -9.600795062970487237e+00
1.000000000000000000e+00 6.292120414103602677e+00 3.558558970545877109e+00 -4.908990726768869273e+00 1.140681150420452994e+01 1.267072401974163931e+00 6.976793260151541887e+00 -7.323698190865080448e+00 1.527512640526265564e+00 6.007199975626786426e+00 -8.628215314498476118e+00
0.000000000000000000e+00 1.139531857270359438e+00 -6.768714535532233789e+00 -8.825222320304744628e+00 5.846690730293175875e+00 8.277662744541594009e+00 -3.686197817258235254e+00 -1.168818248717826913e+00 -3.632585485944093140e+00 8.794386590342986310e+00 -6.647691894034006843e+00
1.000000000000000000e+00 6.352104739149151413e+00 4.987285580229421811e+00 -4.494155726969437659e+00 9.631422766553725978e+00 1.994636624705852235e-01 7.650687245653944757e+00 -8.116566645661864143e+00 9.894900085236684184e-01 8.412520756550513568e+00 -8.036913966347619009e+00
1.000000000000000000e+00 6.714073242398172603e+00 3.623731163157453583e+00 -2.918151598812301906e+00 9.636545372705281665e+00 1.139638903978330786e+00 6.221268808326532174e+00 -9.355535180978082010e+00 1.446925949568186542e+00 7.524075493784158297e+00 -8.017253354152520828e+00
0.000000000000000000e+00 -1.796285854808710170e-01 -6.758080414322269469e+00 -9.252986871627724597e+00 7.462174033275687179e+00 1.087571551565661743e+01 -3.722712226542527425e+00 -1.678424020050796273e+00 -2.712337839150901431e+00 8.572388863608054521e+00 -7.324153227225742135e+00
1.000000000000000000e+00 6.942238678919091299e+00 4.149933873602408063e+00 -5.118995405684621858e+00 9.370128910801074795e+00 2.846338888051445526e+00 6.428887005174339642e+00 -8.326863623755642152e+00 4.028185308053126024e-01 7.032135990870648001e+00 -7.422236989069405766e+00
1.000000000000000000e+00 7.859004251152051701e+00 6.916061545872357996e+00 -3.147872998745858908e+00 7.798763318257217136e+00 1.200883515602029883e+00 5.639060264778016140e+00 -6.737001891730079350e+00 1.381135847597352084e+00 6.019738647107603313e+00 -8.327067946128286380e+00
1.000000000000000000e+00 7.850273546159663773e+00 4.343090776175479562e+00 -4.519269613322709489e+00 8.359459038911005280e+00 1.378874898749819611e+00 5.613217997111272339e+00 -8.197685674662961830e+00 -8.971419881843660793e-01 6.399126470518261556e+00 -9.200763742265387179e+00
0.000000000000000000e+00 2.280987352507293231e+00 -6.231032058633156012e+00 -8.702286306003303551e+00 6.041790616855310603e+00 1.069616718672435773e+01 -4.610134700144745246e+00 -1.418286726330543868e+00 -5.313851733007492584e+00 1.050287650304362508e+01 -6.127730989751812629e+00
1.000000000000000000e+00 7.062775639215944423e+00 2.670235266651320494e+00 -4.032048214911903905e+00 9.947818757223735986e+00 1.289018622074962650e+00 5.373554168315525459e+00 -7.993827645260137338e+00 6.960639334019121938e-01 6.768098911028407549e+00 -7.942368647074045107e+00
1.000000000000000000e+00 7.198527930900098681e+00 4.988731700173332229e+00 -5.759558376228233634e+00 7.771976368448036965e+00 6.626399082055303147e-01 6.685760872917795972e+00 -8.620767531913630322e+00 1.041554124357715772e+00 5.461292020415534409e+00 -8.392661652179137732e+00
1.000000000000000000e+00 5.644222698739342903e+00 3.526941600497106144e+00 -3.436861852782833626e+00 7.996689212298938365e+00 1.463387911318954737e+00 7.795247895240391856e+00 -9.226812216132373123e+00 3.580701610220192732e-01 6.842327219698973728e+00 -8.476492925074101237e+00
0.000000000000000000e+00 -7.060158753158018996e-01 -6.518368999692671473e+00 -8.014226251449475313e+00 5.835807429576338912e+00 9.737377234838668016e+00 -2.721877301913127489e+00 -3.046630395066718400e+00 -3.810551743844471151e+00 1.031390458961149470e+01 -7.952444079465641025e+00
1.000000000000000000e+00 7.195829826436892063e+00 4.726010130614772820e+00 -2.183551928913722406e+00 9.954132015095904507e+00 3.487923974453857490e+00 6.172632521094661762e+00 -7.767662571541760208e+00 1.395125206285543928e+00 6.078730566778832944e+00 -7.992438991054569897e+00
0.000000000000000000e+00 1.005746749544187857e+00 -6.997119561899835638e+00 -9.760576904643201601e+00 6.219915193001406273e+00 1.110626447681882389e+01 -3.662336808703212210e+00 -4.522507570524442855e+00 -3.507939996123201176e+00 1.063432870495579685e+01 -7.046759892519313340e+00
0.000000000000000000e+00 1.199899534778679611e+00 -5.962818404086740465e+00 -9.422257279085611614e+00 5.532219260115059711e+00 9.936717349773216412e+00 -3.996338170511402055e+00 -4.444918129247073857e+00 -3.812581395460776346e+00 8.945345370840719568e+00 -5.781129049809710985e+00
1.000000000000000000e+00 7.234996491479103398e+00 4.829443511565131963e+00 -4.549429940762356850e+00 1.201085763943314255e+01 3.081849286221900464e+00 6.381834829978768830e+00 -8.899229186015467974e+00 1.885073993837234951e+00 5.647744062117599384e+00 -8.309067365018171003e+00
0.000000000000000000e+00 1.236832572101363104e+00 -7.351722517865217021e+00 -6.729667303028019631e+00 7.819779570346008235e+00 1.014043832452312266e+01 -3.592007366442233618e+00 -2.179646305580481780e+00 -2.507357506521058266e+00 8.374336308874216428e+00 -6.135897283084778664e+00
0.000000000000000000e+00 8.221897309403822796e-01 -5.545761462896928506e+00 -8.870911462991013963e+00 6.651827567908761729e+00 9.277417135178900764e+00 -5.487823437712182617e+00 -2.983864604208503746e+00 -4.854542343948073935e+00 9.561048499319921845e+00 -8.809473921201119495e+00
0.000000000000000000e+00 1.703606990237289009e+00 -5.005594382235520889e+00 -1.023422726868492028e+01 7.460157087383036512e+00 8.318000935328109691e+00 -2.302359770113288739e+00 -3.128384838821990588e+00 -4.707063438447669945e+00 9.907039743026992085e+00 -5.364155858180200021e+00
0.000000000000000000e+00 1.149254704350051171e+00 -6.674942537023602185e+00 -9.824759807654828592e+00 6.966710912476690609e+00 8.966237524042560025e+00 -3.737195872595131974e+00 -3.376034781366334503e+00 -4.449566637713088468e+00 7.761803765835343150e+00 -8.280807511502928264e+00
1.000000000000000000e+00 7.580798993691811205e+00 5.274023737574386139e+00 -3.339235804348057890e+00 8.967723678719682567e+00 6.275905238422756494e-01 7.216932078930571315e+00 -8.149630541138206397e+00 2.381722787027485300e+00 6.473878105153313633e+00 -8.753285126890084200e+00
0.000000000000000000e+00 1.143414766501956503e+00 -7.198764706490986320e+00 -8.428898174419288125e+00 7.639870614425801065e+00 1.023762323048428513e+01 -3.495644200174523597e+00 -4.283490539754421178e+00 -2.973090910802386411e+00 9.251447742866808710e+00 -5.406255736968685888e+00
0.000000000000000000e+00 -5.026556215606687861e-01 -8.037503234446525369e+00 -8.530513309651110987e+00 6.914168493582117492e+00 9.614841358076615663e+00 -4.466637544836016716e+00 -2.584036512224069160e+00 -3.891578031773355484e+00 9.773537830644240643e+00 -7.044601684138641851e+00
0.000000000000000000e+00 -6.302515679750602118e-01 -5.665992025828358258e+00 -1.023100834141730253e+01 6.032883112205615461e+00 9.023658755372077067e+00 -4.196183437856413789e+00 -1.553168950157451045e+00 -3.233385547978578245e+00 9.927114979955113938e+00 -7.022188422339208813e+00
1.000000000000000000e+00 9.064067036987971449e+00 5.183047750100056028e+00 -4.369196905667163122e+00 8.798075478184754772e+00 7.113050061144805536e-01 5.760127197913810448e+00 -8.514952809805802048e+00 2.198386635873449180e+00 5.837759891116016675e+00 -8.810927364694515873e+00
