0.000000000000000000e+00 -1.700981326531896265e-01 7.493110709544298587e+00 -6.492307340210629718e+00 -4.144926952374121676e-01 2.988489989536200930e+00 4.534948117177877158e+00 -4.573199638351136187e+00 8.149989384728002051e+00 8.784034138592085483e+00 9.250691103502258983e+00
1.000000000000000000e+00 8.976304338480744605e+00 4.926338211449335924e-01 9.451391888726076163e-01 6.998909315212258342e+00 -4.512732481447836008e+00 2.392819181959442432e+00 7.296774888629173006e+00 -2.128847963236574214e-01 -1.050923470262735249e+00 -8.861423683841330501e+00
1.000000000000000000e+00 9.226665330865396086e+00 6.187575610300809492e-01 1.195488969234369758e+00 7.801228161730065835e+00 -3.669499839850565603e+00 1.683208924673718521e+00 8.991628223003878873e+00 -2.038542585906719218e+00 -1.681819252379732621e-01 -9.469596108021088199e+00
0.000000000000000000e+00 -5.888617452516617945e-01 7.599303158930974078e+00 -5.380177479053680045e+00 -2.814084037630376400e+00 5.000318070523797509e+00 2.534269479400232505e+00 -6.151580911398307094e+00 8.172684030451332404e+00 9.068135751408373579e+00 8.882708482074702872e+00
1.000000000000000000e+00 9.343647480076509027e+00 1.230800568916661675e+00 1.746588635409477730e+00 7.723852717640593113e+00 -4.665077617196851989e+00 6.910212593031066497e-01 8.777484649140168571e+00 -3.657961411171409272e-01 -2.016552037430538125e+00 -7.692658679507015762e+00
0.000000000000000000e+00 2.216249373665685196e-02 7.550521671025746784e+00 -6.587049939773509166e+00 -2.716097326700055437e+00 5.243207221923161576e+00 5.102025293881787604e+00 -4.766025274932402134e+00 8.572524663453140903e+00 1.026952420004294275e+01 1.087248928757171385e+01
1.000000000000000000e+00 7.353112570190524444e+00 6.169430817693233315e-01 1.373103971536175916e+00 6.262825470807428019e+00 -3.495369562352517168e+00 2.416678971595815018e+00 7.142795475639646341e+00 -2.777861525490432637e-02 -1.439796636885270154e+00 -8.952236270717786937e+00
0.000000000000000000e+00 -9.590655772136924551e-01 6.565451981654456759e+00 -4.263442215408406177e+00 -2.261087090792378795e+00 6.611778803032005492e+00 4.221422132724536702e+00 -5.745438643598749451e+00 1.016451184896175697e+01 8.602018489920231659e+00 9.944657423662162543e+00
0.000000000000000000e+00 -1.017492892003473148e+00 8.749757915178175693e+00 -6.677035111031488945e+00 -8.512918154390636261e-01 5.483327766759305888e+00 4.432296471249546066e+00 -6.519237043446083568e+00 9.971861221223386806e+00 8.943179075237621234e+00 8.047171002772497417e+00
0.000000000000000000e+00 -2.358229480731236782e-01 7.082365898918425273e+00 -5.202935716902406860e+00 -1.523963697318612143e+00 6.247586254293648445e+00 4.372783166120837173e+00 -3.101204491593439805e+00 9.462425520248233468e+00 1.008462940609235581e+01 8.708037604647788754e+00
1.000000000000000000e+00 8.389927033376544330e+00 6.386445095089745561e-01 1.994249257150201959e+00 7.155233032705278440e+00 -2.630919785089866014e+00 2.614896251351548351e-01 6.912546322181492897e+00 -1.224080149397427153e+00 -1.701356904025130845e+00 -9.123264865467849205e+00
0.000000000000000000e+00 -1.724641294532682556e+00 8.207807185060985944e+00 -6.090588166186691410e+00 -2.986535929758744601e+00 3.356410747764010161e+00 4.171048915753458708e+00 -4.654103487029116692e+00 1.065894183763693448e+01 8.492548989228080103e+00 7.878357820385796906e+00
0.000000000000000000e+00 -4.321055160832407704e-01 6.143304960820885618e+00 -7.109101584793718231e+00 -3.582376487860916559e+00 4.410019308901853563e+00 3.860037225441652620e+00 -5.015420211416315333e+00 9.160822826409539488e+00 7.766799104252428698e+00 8.575987673359691144e+00
0.000000000000000000e+00 -1.700981315721003639e+00 7.978820026708087099e+00 -5.488794811696823039e+00 -1.266279747311308101e+00 5.931646863220517041e+00 3.985656936684759621e+00 -4.077976070925583230e+00 8.235397425727114751e+00 9.086262867602265203e+00 9.210262549235196161e+00
0.000000000000000000e+00 -4.848880382717308257e-01 6.711467956437653370e+00 -5.795175483472145395e+00 -1.449068073953062807e+00 5.070818268199408507e+00 3.315746321784469597e+00 -7.825298905585098552e+00 9.015390950444675866e+00 1.063987414420938293e+01 1.035554427575744363e+01
1.000000000000000000e+00 8.223551435899102202e+00 1.110306308816310317e+00 2.093522232007273498e+00 7.364059403227622980e+00 -5.090739820494726509e+00 2.100863626142440488e+00 6.940356872634509955e+00 8.866116204129537159e-02 -3.770277062188508443e-01 -9.147015528435822773e+00
0.000000000000000000e+00 -1.573201665076530364e+00 7.774372603970952866e+00 -6.592137905756807470e+00 -3.048825608478392013e+00 4.443516807395313073e+00 3.589734577722540898e+00 -3.382399189352419455e+00 9.042494082149159951e+00 8.965121998625278366e+00 9.380156635602922677e+00
0.000000000000000000e+00 2.449408561854917732e-01 6.498324847776459912e+00 -5.654669526300691196e+00 -3.081312656182024767e+00 5.544017599275889552e+00 3.664081212426383516e+00 -4.355595551638877794e+00 9.580068143886423471e+00 1.023506278993094298e+01 8.391798003171253129e+00
0.000000000000000000e+00 -2.526731785606447511e-01 7.709143007872997444e+00 -5.640798388051495138e+00 -2.972094412672514174e+00 6.018096712757037281e+00 3.413157017972383134e+00 -3.749712448327711556e+00 9.863023721704688995e+00 9.489262683154414901e+00 9.700754268433607663e+00
1.000000000000000000e+00 7.568634826736217569e+00 1.090161583108739674e+00 2.582307911342457185e+00 7.944734824576548782e+00 -3.712275474192141544e+00 2.086208008208414455e+00 7.914102007687382923e+00 -7.246604496487472069e-01 -2.504443779699017991e+00 -1.073387183427941771e+01
0.000000000000000000e+00 5.568298028677668432e-01 6.620992382057580450e+00 -6.562781526802485388e+00 -2.000520368865130738e+00 5.520384752942995021e+00 2.970090977318665448e+00 -4.702583243300399118e+00 1.055815800569653184e+01 9.516833255849983075e+00 9.215421874250434797e+00
0.000000000000000000e+00 -3.320162064467916396e-01 7.450631606949306374e+00 -6.536872701698776211e+00 -1.696697359194498045e+00 3.881566679440183520e+00 4.399434956281299769e+00 -4.777056391217453069e+00 1.075403262720112885e+01 9.542872981835582635e+00 8.899945277765560547e+00
0.000000000000000000e+00 -6.157425880848956812e-01 8.232486765186253663e+00 -6.182256591352408570e+00 -3.277301475732317115e+00 3.135037105911778532e+00 3.095993521154378314e+00 -3.335831999084265309e+00 7.587888455244049979e+00 9.594004169523614678e+00 9.450889845993218685e+00
0.000000000000000000e+00 1.579498308391166228e-01 8.059093133380727636e+00 -6.167074493011907244e+00 -2.241051108305722739e+00 4.664790188985463715e+00 4.789285008679271982e+00 -6.607279303331697662e+00 6.324154464897995709e+00 1.054736205595166609e+01 8.628274764692404730e+00
0.000000000000000000e+00 -7.381633892463215219e-01 7.489776866562282365e+00 -6.977278835311693683e+00 -3.363944132574177459e+00 2.950848948643675751e+00 2.967120735061306913e+00 -6.259562503204124440e+00 7.746318937473706256e+00 9.731346717899411303e+00 8.118569223411530089e+00
1.000000000000000000e+00 9.529366493581802544e+00 4.558753872848251287e-01 1.350414275120228380e+00 6.872715082667656183e+00 -4.854492934864387266e+00 1.075354151086015175e+00 6.199051235494147605e+00 -1.356145852843128496e+00 -1.489269696328580750e+00 -7.811393129699466975e+00
0.000000000000000000e+00 -1.232055345445922434e+00 9.074336701824211815e+00 -6.307429234330918177e+00 -2.901045263590106060e+00 6.036081451895846328e+00 5.346389995272326168e+00 -4.213210659808034997e+00 8.877808713824501652e+00 9.884868358343869232e+00 1.035397605310705593e+01
0.000000000000000000e+00 8.029635113984490147e-02 7.524708809996037751e+00 -5.694093344765986053e+00 -3.819610995393569297e+00 5.746786989075831187e+00 3.340263940022991207e+00 -5.413941668355668924e+00 9.034916529528974394e+00 1.015601712347832830e+01 9.984824113961378700e+00
1.000000000000000000e+00 7.474460848859587614e+00 1.720450624185094535e+00 3.002645826895667724e+00 6.895054173688439647e+00 -3.669622759932013700e+00 2.259261355888974254e+00 7.201084097298730669e+00 -1.544747257331489543e+00 -2.305058114493185428e+00 -9.157428848219760553e+00
1.000000000000000000e+00 7.968486767894232159e+00 9.491870034770339970e-01 -3.618284189406706375e-01 7.425297754164186692e+00 -3.205841005527912291e+00 1.844345865283244956e+00 7.144204258471703817e+00 -1.059744751418358222e+00 -1.315247181077549010e+00 -8.532097046299199405e+00
1.000000000000000000e+00 8.301342085968180129e+00 1.772310942627037367e+00 2.360641361257191928e+00 8.057866633302742443e+00 -3.348099950454386686e+00 1.552434808431458979e+00 7.257040186902909973e+00 -1.417376134158861101e+00 -3.418550412936176564e-01 -9.343059821123624431e+00
0.000000000000000000e+00 -3.206622477596010601e-01 8.674674816183268078e+00 -5.469516215256320812e+00 -2.489112351018362812e+00 4.838489187970322902e+00 3.644991544663483296e+00 -4.750048276213363785e+00 8.776680544615580004e+00 9.235052043299019076e+00 8.904809683993111236e+00
0.000000000000000000e+00 -6.048230917728326661e-01 6.121144641346853987e+00 -5.695058513336073602e+00 -2.681156383433196400e+00 6.188845117658664741e+00 4.713965490144189197e+00 -5.297327900286723512e+00 1.216270825724279092e+01 1.010212563793154494e+01 9.077553049537311125e+00
0.000000000000000000e+00 1.811660870368808851e+00 7.957442465356012740e+00 -6.287983743932010761e+00 -2.912849550805550081e+00 6.606020335647540875e+00 5.034038658021003698e+00 -5.756698131327184775e+00 9.121321652715646877e+00 1.053957079583886802e+01 8.807284974467997074e+00
1.000000000000000000e+00 7.344773559821029529e+00 -2.274280465299121090e-01 1.354565120836171310e+00 6.881073886755022073e+00 -2.941609509868887251e+00 2.946549409693092869e+00 6.946485275481286692e+00 -2.247316426587544491e+00 -1.884644734623342810e+00 -9.829859645787664135e+00
1.000000000000000000e+00 9.644162338302329829e+00 1.382968453074927551e+00 1.887599424916833080e+00 6.665935522467257179e+00 -2.969555967256505724e+00 2.554284427675812097e+00 8.010038910962739678e+00 4.191423452426330520e-01 -8.414156849992884268e-01 -9.437526669736200802e+00
1.000000000000000000e+00 8.131917287382055548e+00 1.399682756092340608e+00 2.240875009512674598e+00 8.660366845244091394e+00 -4.596425867742023996e+00 1.735273075689109268e+00 6.070072878264996419e+00 -2.429083903218747231e-01 -9.332952613472476067e-01 -9.950237145387319515e+00
1.000000000000000000e+00 8.473783137693379430e+00 7.512111597335624502e-02 2.092266204113141903e+00 8.039304523180973661e+00 -4.112248021596680125e+00 2.911098934428775653e+00 6.658422922041895120e+00 -1.043142489720761068e+00 -2.291466413287515991e+00 -1.033718622445517887e+01
1.000000000000000000e+00 7.049198470776198988e+00 2.465524087192670910e-01 7.762664494012048166e-01 7.099246889513564085e+00 -4.613426796846351152e+00 1.795525626504664851e+00 7.833084677890959746e+00 3.381281795348500818e-01 -2.705729040712758326e+00 -9.761679683767713556e+00
0.000000000000000000e+00 -4.168427815763515731e-01 6.302357607956153629e+00 -6.300637418135958789e+00 -2.368587329925786022e+00 4.479478502235030746e+00 2.966766748635708328e+00 -3.662798938234707258e+00 8.859689560580344292e+00 1.150989320735982702e+01 1.003370649532890546e+01
1.000000000000000000e+00 8.357666150561204432e+00 8.941677646757185682e-01 2.965755723767176111e+00 7.245259502371276028e+00 -4.444580909799051405e+00 1.135747186625237326e+00 8.333253134919749172e+00 -5.645907529147755621e-01 -9.181152333847835134e-01 -8.041009072912926214e+00
1.000000000000000000e+00 8.018073883969222493e+00 2.464271064481224904e-01 1.523664198093702682e+00 7.203953182930031396e+00 -3.904477616233478443e+00 9.998287127491295445e-01 8.230034449666217000e+00 -2.597724050495604065e+00 -2.308877734215694311e+00 -9.122627449277731060e+00
1.000000000000000000e+00 7.386220953942892464e+00 1.153858311879364162e+00 2.180631316606534309e+00 7.910359727130257923e+00 -4.061850128132490134e+00 1.151597070660698385e+00 9.794814617167064696e+00 -1.354161485620663630e+00 -4.321981656276769890e-01 -1.026483536271184782e+01
1.000000000000000000e+00 8.765596673960953211e+00 3.668806948732593609e-01 1.038980689994085882e+00 7.187579970051254818e+00 -4.655939716912837589e+00 1.881244992384618397e+00 9.404100532976373827e+00 6.269302810373975632e-01 1.066323626411063152e-01 -8.423519964766704504e+00
0.000000000000000000e+00 4.452022136238733552e-01 7.057782107286909579e+00 -6.470836055948709031e+00 -3.200325332957112856e+00 4.059221483721009882e+00 3.741189683836954938e+00 -3.908971094307510441e+00 7.992091349344044637e+00 1.073588860923612742e+01 8.061920606704880754e+00
0.000000000000000000e+00 -4.692744936927711885e-01 6.874072123242644494e+00 -6.146286559764190471e+00 -1.814036973089972804e+00 5.295238818741332842e+00 4.076444620377319694e+00 -5.617609202548348613e+00 9.140287662289445336e+00 8.308975703382627032e+00 7.502821553524009701e+00
1.000000000000000000e+00 8.227415857767161000e+00 1.510931468452922033e+00 1.960749191272992853e+00 8.783318934623119745e+00 -5.381238042034842906e+00 2.065298017000610109e+00 8.307447839734475536e+00 1.625965814839957613e+00 -1.433031521169267908e-01 -7.870824543333776013e+00
0.000000000000000000e+00 4.482819086830909239e-01 7.130926630225486562e+00 -5.562919601620063048e+00 -1.277424297166512845e+00 3.018943668820463166e+00 3.688678009933972657e+00 -5.614229791312064677e+00 1.026055957015902997e+01 9.126645432381270240e+00 9.587004764716930083e+00
1.000000000000000000e+00 8.292992164073751837e+00 3.222471425379903609e-01 1.747180777238615423e+00 6.908316363844816621e+00 -3.879197370665907307e+00 8.471525010049513194e-01 8.760519010082818525e+00 -7.411399866168008055e-01 -1.163759682570110199e+00 -9.926005475340467399e+00
0.000000000000000000e+00 2.622832675595676566e-02 7.713269882550242151e+00 -6.122942580189764783e+00 -2.167673361657675102e+00 4.082684834247750416e+00 3.334610733708414987e+00 -3.970580635612207754e+00 9.560463783877187538e+00 9.827687276906413416e+00 8.863550580789757660e+00
0.000000000000000000e+00 -2.065836089512889551e+00 7.510413024154815709e+00 -6.722630958607648921e+00 -4.231493688792511421e+00 4.936836595006338868e+00 3.870450427213085742e+00 -5.492516266707992756e+00 7.557522511363258033e+00 9.887146657221546064e+00 1.115407022149480909e+01
1.000000000000000000e+00 8.001417969627992122e+00 1.579052656804012189e+00 1.300534189121260731e+00 7.652302928146727190e+00 -3.565167612170053069e+00 -1.313651918687912534e-01 8.255884598525392803e+00 2.536992002308812166e-01 -1.039047382902149819e+00 -8.407410088213794097e+00
1.000000000000000000e+00 7.158536091403140844e+00 1.123393449868427929e+00 2.654086500901086332e+00 7.723849247523924433e+00 -4.138778583759753715e+00 9.450466411791903498e-01 7.571721800056526952e+00 -1.843303205012016832e-01 -3.395553281635412812e+00 -9.910415145675754545e+00
1.000000000000000000e+00 9.626699180397592315e+00 1.440847253453856558e+00 2.459667853243414193e+00 7.971200034656535927e+00 -4.642060089276961676e+00 2.666597081743266706e+00 8.193989562586693864e+00 -3.635610867062474272e-01 -1.649918664778814215e+00 -9.429415861289982104e+00
1.000000000000000000e+00 9.481224678035889752e+00 1.303462469924683065e+00 6.391789415423416720e-01 8.150350392011247891e+00 -2.818098165457234572e+00 2.674548116574260614e+00 9.326182239985744360e+00 1.064258679986594736e+00 -1.931080867597694262e+00 -8.370945759648423135e+00
1.000000000000000000e+00 7.832851735995842724e+00 3.775838194691332195e-01 3.150552610466399006e+00 7.409221970338817798e+00 -5.018322208175327148e+00 1.656475494332900755e+00 7.667520147100765904e+00 -2.101372904486150883e+00 -2.603900139627324251e+00 -9.168296245979348669e+00
1.000000000000000000e+00 7.251917373903759234e+00 1.138917383698990315e+00 5.403639816408767338e-02 7.175737107128810521e+00 -3.804983561806750458e+00 1.817876094888835503e+00 7.182083675134006917e+00 -1.069891931271826024e+00 -1.691291406613527171e+00 -9.231369954552205215e+00
0.000000000000000000e+00 -2.692992793264938900e-01 7.729230487491003387e+00 -6.901256682071466031e+00 -3.198872446263100855e+00 4.067365361443552096e+00 4.147788969328206399e+00 -5.366456357790934106e+00 1.041353500866236459e+01 1.103658308108898112e+01 9.029048116471846797e+00
1.000000000000000000e+00 7.759528397039436420e+00 1.650697050080953243e+00 1.618488149080018257e+00 7.113678756968480954e+00 -4.423659960386894241e+00 1.820556076016401459e+00 1.103401006958130637e+01 -1.511992141173414961e-01 -2.256830089217174429e+00 -8.373214413500091879e+00
1.000000000000000000e+00 9.473912487686897421e+00 7.749973892380963569e-01 2.293631046544416296e+00 6.939219347473284394e+00 -4.708135875843806772e+00 1.147125205086921174e+00 6.847785221808022627e+00 -6.432084128189854422e-01 -2.657190891251330900e+00 -9.073252666644268771e+00
0.000000000000000000e+00 -1.493962803092864666e+00 6.523060240707687640e+00 -5.315699039221495781e+00 -3.201165859253667367e+00 4.588459528922937736e+00 5.338075180161379052e+00 -3.496032561242547576e+00 1.045947048604175400e+01 1.106470459047569399e+01 9.024836046708571757e+00
1.000000000000000000e+00 5.739165148934282534e+00 1.805219679308705416e+00 3.626133337587644778e+00 6.364516501385475422e+00 -4.229931574094601743e+00 2.162694583168866647e+00 7.931215288691415566e+00 -1.292059731508527376e+00 -1.279802904474358849e+00 -9.318718136119885642e+00
1.000000000000000000e+00 6.517653422001119523e+00 9.364496506097426121e-01 3.148449918563517969e+00 6.538202004785482302e+00 -3.455399795382949613e+00 1.995424093783759512e+00 7.713702737830020695e+00 -9.798886713194454590e-01 -1.864058850372484644e+00 -8.151057544378044639e+00
1.000000000000000000e+00 6.903441124918880512e+00 1.428527453454691010e+00 1.728085395650608591e+00 6.736941825632209557e+00 -4.232470240297772079e+00 4.317371469575381759e-01 8.055581339367384075e+00 -1.431240967734042524e+00 -7.237243585031924997e-01 -8.811828274738486400e+00
0.000000000000000000e+00 -3.884518237397006635e-01 8.835065961492416520e+00 -6.319090772006468626e+00 -1.885560120558772201e+00 4.755877487525877356e+00 4.747623386540841928e+00 -4.735542960543297930e+00 1.009466709600535594e+01 8.327681831609263341e+00 8.638590080904561930e+00
1.000000000000000000e+00 7.596312392329832797e+00 1.882940371025096482e+00 1.076425668526542312e+00 7.759598125432029647e+00 -4.690576910970664315e+00 1.951300320597423532e+00 8.307252444447756901e+00 -3.487922120287286210e-01 -1.728956951486519955e+00 -9.385821768428487033e+00
0.000000000000000000e+00 1.847612181016892174e-01 6.816686241154421566e+00 -5.960335522757178595e+00 -2.177309205903018352e+00 4.557988307851918108e+00 3.169112454887812902e+00 -5.473434666534671145e+00 9.381956253191354733e+00 1.041233185798535210e+01 9.998452278305135721e+00
0.000000000000000000e+00 7.280109252823450117e-01 7.315242547283447472e+00 -5.758470915351773911e+00 -3.797435039761472009e+00 2.612969922203122852e+00 2.605737246704264543e+00 -4.642790328456372073e+00 8.791989064404328147e+00 9.485780153888653032e+00 1.019274736434874917e+01
1.000000000000000000e+00 6.831273976765974254e+00 2.506874335707539370e+00 9.828904337048510742e-01 6.195492022807611576e+00 -4.051136237055485978e+00 9.677025660097847704e-01 8.574851477616594053e+00 -2.267434494636327624e+00 -2.784386118329590598e+00 -8.678777655200688557e+00
1.000000000000000000e+00 7.764530339700792538e+00 2.342496359911279136e+00 1.790187613989135729e+00 7.689132820805964386e+00 -3.106321169633369905e+00 2.736147239502871198e+00 7.689135328376511147e+00 -4.159627121324093180e-01 -9.487132119093205640e-01 -8.358591094958466527e+00
0.000000000000000000e+00 -5.219200712812732679e-03 5.357419409004211985e+00 -5.751327570094745489e+00 -2.092516021799221360e+00 5.509995715195632471e+00 2.925747806083072167e+00 -4.083948080851183882e+00 8.729636841649194068e+00 1.001690937313069441e+01 9.777231885490179408e+00
1.000000000000000000e+00 8.552583443251974060e+00 2.681479997323144016e+00 1.875553330900205262e+00 7.622277175706407171e+00 -4.726204738247360204e+00 6.795547765089255954e-01 8.523522206411552560e+00 -2.208021393775016605e+00 -1.400821133940410634e+00 -9.046533438034680685e+00
0.000000000000000000e+00 -1.442969486187425820e+00 7.770938638816868860e+00 -6.086562242123258137e+00 -3.659462429500193181e+00 3.718756132420743654e+00 3.153035162531700131e+00 -3.875451386267116938e+00 9.798441954704330215e+00 7.922664400006956598e+00 8.168913374240560188e+00
0.000000000000000000e+00 -1.015109194299573137e+00 6.341795383338896919e+00 -5.200069706127482760e+00 -2.486031196290155787e+00 5.018838952443401169e+00 6.180696170025603564e+00 -4.590737746743942083e+00 9.259040401021584543e+00 8.679059184499248403e+00 9.030728874188024946e+00
0.000000000000000000e+00 -1.101050470894514577e-01 7.168717930338069699e+00 -5.824630994713527521e+00 -2.096817932052415401e+00 5.642473456521515551e+00 2.425477455568997520e+00 -5.352654351443495884e+00 8.806872980856301325e+00 9.621842296245885606e+00 1.009627779931916614e+01
0.000000000000000000e+00 -5.455989115333805817e-01 8.633210193436667623e+00 -5.212148676850873130e+00 -3.319695514404199077e+00 4.240830342723077351e+00 2.506667223535720357e+00 -5.506393899505012790e+00 1.003610864968689498e+01 7.852168465580104062e+00 9.076250785212511829e+00
1.000000000000000000e+00 7.510422230097384855e+00 1.362830223099848581e+00 7.227777213170638593e-01 7.008035124739636856e+00 -3.809733691143663226e+00 3.161610439851963328e+00 1.102459714191951967e+01 -2.431733973063995968e+00 -1.643668074819898406e+00 -8.652014763105942308e+00
0.000000000000000000e+00 9.181809275872558906e-01 8.013865845687444533e+00 -5.743839447590150193e+00 -2.229188016066126821e+00 5.510293470466458565e+00 4.683124227292393194e+00 -5.694111363028099504e+00 9.262739157026812720e+00 7.962021635849109380e+00 9.266002131378495932e+00
1.000000000000000000e+00 8.178614765748219995e+00 -1.168750738880804718e+00 1.545055537896897757e+00 6.405698872269054434e+00 -4.100861383466691379e+00 1.577405501062254078e+00 8.603914382062200161e+00 -7.417591754872540077e-01 -1.063023732992311343e+00 -8.981751472443459505e+00
0.000000000000000000e+00 1.384792466884679829e+00 7.536303460009581734e+00 -6.339045385304623359e+00 -5.674812997362024269e-01 3.614067902446270075e+00 3.790268001790100261e+00 -5.412964486570443157e+00 9.159247175062455781e+00 9.231485779162037275e+00 1.153253150062447574e+01
0.000000000000000000e+00 -1.380823275886448265e+00 7.786973127777101489e+00 -7.541907097289422879e+00 -2.610597833255800637e+00 5.252069041842014840e+00 3.709058990526580502e+00 -3.933824449152780289e+00 1.091995630881389268e+01 9.705388566779481252e+00 9.967924309993412280e+00
1.000000000000000000e+00 8.818849264777087527e+00 1.522904583744423279e+00 9.258139898963949621e-01 6.785030405086983407e+00 -4.583693627232483081e+00 1.612955007338679803e+00 7.453674903067108559e+00 -2.331144051402735506e+00 -8.280360943943887442e-01 -8.346052330132918584e+00
0.000000000000000000e+00 1.047191204936653852e-02 7.490517200639351003e+00 -5.513846762490119069e+00 -2.505814445990341088e+00 5.562559290561890357e+00 3.349706252608880774e+00 -5.179823102119386569e+00 1.060687595000110051e+01 8.167430651120209717e+00 9.665026134298850380e+00
1.000000000000000000e+00 9.377591091451552785e+00 2.198913532329557441e+00 8.922494711557217295e-01 8.128991678284672062e+00 -4.133536934368134297e+00 2.141930371842552638e+00 7.944881589515450315e+00 -1.224546719718794030e+00 -2.427662787008363576e+00 -1.003814464792838379e+01
1.000000000000000000e+00 9.025596658820116858e+00 2.207773093130167119e+00 3.281145148455262728e+00 6.579426495254258711e+00 -3.523035245012418937e+00 1.515237828611208704e+00 7.733059922077974768e+00 -3.148073371938708842e-02 -8.207609410997922517e-01 -8.830655287799089592e+00
0.000000000000000000e+00 -1.258092664872805244e-01 7.946608719112430386e+00 -6.180107048720580032e+00 -2.251522285183955141e+00 5.123318205973129480e+00 3.116981326365651839e+00 -4.144286557900063173e+00 1.000570251885950768e+01 8.635665565791201814e+00 8.396274909442148271e+00
0.000000000000000000e+00 -7.353936720837801477e-01 7.410478108487223103e+00 -5.670663880960415959e+00 -2.280952724878876126e+00 5.098048899756134844e+00 4.447637403679250312e+00 -5.651562969695606675e+00 1.134340399783852860e+01 9.270163710489780939e+00 9.473438387373263936e+00
1.000000000000000000e+00 9.770733169673640361e+00 1.320998276093909851e-02 2.009870445393412641e+00 6.561149539711930601e+00 -4.929215011021433668e+00 2.021935443248662700e+00 7.742784082357284881e+00 -1.464777193820132162e+00 8.412025536523477509e-01 -1.011133029808803485e+01
1.000000000000000000e+00 8.834254559416599761e+00 7.791503710517211356e-01 -2.753456044138282710e-01 7.645572191142020912e+00 -4.926391745030963776e+00 2.297231117838548276e+00 8.224490044844726455e+00 -8.443458640437007112e-01 -2.263266576925114570e+00 -8.348111539704991202e+00
0.000000000000000000e+00 2.001456250611364229e-01 7.136305544207694140e+00 -6.268127419258873623e+00 -3.631959671477322793e+00 4.785327428070341504e+00 3.031478974570202656e+00 -5.318319644355139708e+00 9.969343497652520369e+00 1.160465353689276569e+01 9.620135296199597619e+00
1.000000000000000000e+00 7.974194592862417608e+00 1.410016925818965206e+00 1.232893441222959297e+00 6.810061653933325410e+00 -5.802940764217499492e+00 9.313299522403761799e-01 7.652988862957352367e+00 -1.847164450391144630e+00 3.306981793447461015e-03 -1.019067389653608657e+01
1.000000000000000000e+00 9.409699319509238435e+00 2.272296502476681024e+00 8.495744738713499888e-01 7.547532991914299494e+00 -3.523233620457425275e+00 2.386828729661623960e+00 6.622221160204311730e+00 -9.781504640282734364e-01 -2.177587924817604659e+00 -9.231396859739719574e+00
1.000000000000000000e+00 8.149047540176633575e+00 1.029319589881305896e+00 2.483629155405139066e+00 7.120174345850961650e+00 -4.823525024920247262e+00 1.982305432351002983e+00 6.741426584386904786e+00 -1.858611470898343887e+00 -2.920683744476088251e+00 -8.749335366379568768e+00
0.000000000000000000e+00 1.477677021058243501e-01 7.167329609923241307e+00 -6.380182708737526909e+00 -2.951409741784074114e+00 3.775255392935311427e+00 3.650727382570070123e+00 -5.450529487349244029e+00 8.339184836042669247e+00 1.109518988079958390e+01 9.806316308823406658e+00
0.000000000000000000e+00 -7.715331058965779754e-01 9.405783634407040239e+00 -6.467873881474398345e+00 -3.152933126011590481e+00 4.113285976170830693e+00 3.618273371176485842e+00 -6.567555419330480149e+00 9.370800139151210573e+00 9.855232431361333312e+00 1.027454526477180075e+01
1.000000000000000000e+00 9.400670786266637435e+00 -2.834825962381277709e-01 1.282936833480469385e+00 8.477688520776606396e+00 -3.670179133127493998e+00 3.288461645255572385e+00 8.548437589873680409e+00 -7.450882362686224170e-01 -1.624646176950416798e+00 -8.446296960060978520e+00
1.000000000000000000e+00 8.456677345963127479e+00 1.308455626808794570e+00 8.020736876993275200e-01 7.497895391148674094e+00 -3.965622702735879912e+00 1.003504790423279447e+00 7.471930700223729183e+00 -5.957929446027712128e-01 -1.507413766866219529e+00 -9.331942134561955982e+00
0.000000000000000000e+00 -1.319784929845535970e+00 6.652754868113239795e+00 -7.275958788436483360e+00 -3.807961049970154832e+00 3.785429912048590140e+00 5.330332577678316142e+00 -3.879119597158378063e+00 1.190305955898956469e+01 1.089495609677415189e+01 8.783581297167744495e+00
0.000000000000000000e+00 5.797409277651477399e-01 7.380010617399666906e+00 -6.543151063156164682e+00 -2.130317371168672480e+00 5.782204122809424973e+00 5.747182871518565328e+00 -3.369414071622412798e+00 9.282799274258085376e+00 9.650473398540283299e+00 9.622058969306090503e+00
1.000000000000000000e+00 9.489821108229930857e+00 1.239129462016575811e+00 1.126068975510872150e+00 7.973591994002904748e+00 -4.192223117764427798e+00 1.523538446066491137e+00 7.876143610513178572e+00 -1.147701070707576543e+00 -3.245917520933117029e+00 -8.806119101486078904e+00
