0.000000000000000000e+00 -7.529029961113471003e+00 6.390099635804372014e+00 5.169566906936269746e+00 4.266086333630937588e+00 5.855250116510531955e-01 7.448366146061292881e+00 -1.233893913088178085e+00 8.429700957542459960e+00 -8.784518292334862366e+00 1.042949281944395246e+01
0.000000000000000000e+00 -9.593529715778698730e+00 7.123183872950960449e+00 6.253930783106954827e+00 4.822362948755910317e+00 1.726768662896246642e+00 7.475417194706152735e+00 -2.041443931238308807e+00 8.442967778700044335e+00 -8.701102680012233748e+00 1.060961295549513039e+01
1.000000000000000000e+00 -1.028167418017604362e+01 8.036279010910698517e+00 7.744426340928810548e-01 -6.709466456511250954e+00 -1.763497392842754419e+00 8.998527301639802634e-02 -9.595195465882079944e+00 -5.750316994525923597e-01 -6.495939040012125076e+00 -6.146608951853060887e+00
1.000000000000000000e+00 -7.324379735413210746e+00 7.820428569822562181e+00 -1.364127721052800446e+00 -6.431730721045160415e+00 -7.936111324365816566e-01 9.736461923299744026e-01 -1.046865376673886239e+01 1.050468881271836130e+00 -8.369063635338369167e+00 -5.683534470505781755e+00
1.000000000000000000e+00 -9.127287848381943292e+00 8.121707057667601148e+00 3.608271865299793602e-01 -4.647446925810026386e+00 -6.447953884544440628e-01 -3.636387560656253459e-01 -1.061145724024081716e+01 -9.992159255772671278e-01 -5.645299084706167037e+00 -3.535402204484361821e+00
0.000000000000000000e+00 -9.560090908723083203e+00 6.399318638671473991e+00 5.991060563803983996e+00 4.898014632508114197e+00 9.664804830586436468e-01 5.485599744924637200e+00 -1.964293364193036462e+00 9.864034808455231840e+00 -9.898477270335984457e+00 1.032825503038661985e+01
0.000000000000000000e+00 -9.466713364394884422e+00 3.590269579291111679e+00 3.892237804962342285e+00 5.123423170680348804e+00 1.946911545507210795e+00 8.935688146702652546e+00 -2.976491592609782799e+00 7.897275062315999072e+00 -9.781093601978202656e+00 1.017524783970310231e+01
0.000000000000000000e+00 -9.172995836375003265e+00 6.325719548940806902e+00 6.872995366246856364e+00 4.621616663903655997e+00 2.689200133040392515e-02 7.501789726212111376e+00 -1.290073234210266317e+00 8.598950130987342177e+00 -9.015556154168686831e+00 1.095878554255562598e+01
1.000000000000000000e+00 -8.681142475860182728e+00 6.564675280605283270e+00 -9.385677928671014580e-01 -5.825974358850379176e+00 -2.614214695000167676e-01 5.388538918909056008e-01 -1.025862208210123327e+01 1.202032626060244525e+00 -6.201901698389534978e+00 -5.673517401329261745e+00
1.000000000000000000e+00 -9.427196024529800766e+00 6.854113820182244687e+00 7.392484828575138223e-02 -3.356826392888168975e+00 -1.994962810843476486e+00 7.950838884277897645e-01 -1.033759721287726663e+01 7.436370540846435340e-01 -7.493689561357640194e+00 -4.243404257835782900e+00
1.000000000000000000e+00 -8.647420904482617132e+00 8.804999523513927784e+00 -1.613585216088928576e+00 -3.557981030763861519e+00 -1.742215919531077351e+00 7.087422136516414728e-01 -9.579438793744273539e+00 -6.228031472975160687e-01 -6.718232798773884795e+00 -4.656025654361897637e+00
1.000000000000000000e+00 -8.779248210846535727e+00 7.419524446495960213e+00 6.362451785457013953e-01 -5.806735014500562286e+00 -1.512784255265795519e+00 1.080465047747416474e-01 -8.686859518576746098e+00 2.039452439192475097e+00 -8.049579883459440310e+00 -4.411089669933788038e+00
0.000000000000000000e+00 -8.253891815322489833e+00 5.924429475136803624e+00 4.913197527353785787e+00 5.449714711139645118e+00 1.541812492916390553e+00 7.939313867201556185e+00 -5.223667032682091094e-01 8.174847628011061573e+00 -7.824663217451818475e+00 1.060737682449781083e+01
1.000000000000000000e+00 -8.260964385856581771e+00 8.412433229001283763e+00 1.767710681467831724e-01 -5.150343914164292158e+00 -3.553179480994195227e-01 9.977561642011312237e-02 -9.822244499739415602e+00 -1.062381187499520818e+00 -6.497959417974313645e+00 -6.868157158978853261e+00
1.000000000000000000e+00 -6.695649057321130471e+00 9.067343750260913993e+00 -3.380979731714757464e-02 -3.777173248365582214e+00 -1.507321211007627060e+00 1.622659222252911704e+00 -1.046901503945976941e+01 -6.141613955303112382e-01 -5.178016197852595148e+00 -4.197013088953701399e+00
0.000000000000000000e+00 -1.056959699319521917e+01 3.939498162105323775e+00 4.970212815495023584e+00 5.825479272721068469e+00 1.456825499911262867e+00 6.479144243596977049e+00 -9.359787258822374056e-01 9.949757799057659113e+00 -7.890325137427411484e+00 9.414504711209147558e+00
1.000000000000000000e+00 -8.356908582215998749e+00 7.697349993533102896e+00 -1.886195334815404578e+00 -3.984895356907077080e+00 -9.983754217260500941e-01 1.270885113676778921e+00 -1.224778935960284443e+01 1.012675613770748440e+00 -5.315288814906726778e+00 -7.070618248471958189e+00
0.000000000000000000e+00 -8.402573131391569916e+00 4.909655450480684635e+00 4.884894632884923205e+00 5.540781290355997868e+00 1.317751053187300236e+00 7.574961874545412144e+00 -1.038319399416600897e+00 9.422874297404399968e+00 -8.630157139782159703e+00 1.062543271252447497e+01
0.000000000000000000e+00 -1.040209688192329907e+01 5.896114702782800698e+00 4.831978042502168336e+00 2.879416849362806285e+00 1.845883262552315163e+00 4.627077123632298949e+00 -2.771247243913601999e+00 8.287108448530807081e+00 -9.046528573958983799e+00 9.576727839504082240e+00
1.000000000000000000e+00 -8.443285079151811701e+00 6.632662729011562064e+00 8.022174881114385592e-01 -5.703015153871309195e+00 -1.736906521914452162e+00 9.791676945493829054e-01 -9.705226038169517011e+00 3.175238757220045782e-01 -6.267465103201045551e+00 -5.130670160380747191e+00
1.000000000000000000e+00 -8.625889328025078129e+00 1.019149844920478998e+01 -5.819337769254394610e-01 -5.635979690084168325e+00 -7.247399826981649751e-01 1.752759966588312679e+00 -9.824002991431017406e+00 -1.495733578583686996e-01 -7.163786586554493852e+00 -4.198851512493256166e+00
1.000000000000000000e+00 -6.970446658256999939e+00 8.529320328807784790e+00 -2.913885081607223149e-02 -5.735119442134593903e+00 -3.226177290289167221e-01 2.327720306533531236e+00 -9.352647497339960481e+00 -5.837880042659032709e-01 -6.667047104208772446e+00 -5.365492878129169085e+00
1.000000000000000000e+00 -7.632209278957446941e+00 8.445416302901181282e+00 -2.287021177882321066e+00 -3.935721203002533475e+00 -9.621590785665705692e-01 1.563625726572133834e+00 -9.839917759230480954e+00 -9.803427460435378826e-01 -8.381345590174596794e+00 -3.440425715769488413e+00
1.000000000000000000e+00 -8.725853031923218595e+00 9.267529120426964084e+00 -8.527612563988344885e-01 -5.215817126039453022e+00 -2.590530078098190359e+00 1.110709100421287676e+00 -1.044796892130520938e+01 6.339490942415280106e-01 -7.790387130332195653e+00 -3.612474163055072740e+00
0.000000000000000000e+00 -9.709178443112197243e+00 6.197441280448997780e+00 4.353897581298437736e+00 5.711639268226473831e+00 -1.308563318719372370e-01 7.912337306088485178e+00 -4.351442993897247646e-01 7.956523923633937123e+00 -7.876818343346974949e+00 1.154175463060756890e+01
0.000000000000000000e+00 -8.927800555148845518e+00 6.458943521463232251e+00 5.685938964347427849e+00 5.233078217029970780e+00 1.536811622415289680e+00 7.566542878617032564e+00 -2.586883809148832203e+00 9.778897583098686397e+00 -9.112730997352260331e+00 9.377208490622239268e+00
1.000000000000000000e+00 -8.614830417292708375e+00 8.750195583437978541e+00 8.919761207382974622e-01 -6.213234787504026357e+00 -1.195458342282311515e+00 8.203416648228657460e-01 -1.062491339764562071e+01 -1.808470653695426700e+00 -6.047201930154770366e+00 -5.158674462249236647e+00
1.000000000000000000e+00 -9.121722239228203577e+00 9.150763639806159588e+00 -1.125571861311870148e+00 -5.575525461566768648e+00 -5.772304071356810784e-01 1.064568822037064821e+00 -1.130326756892221773e+01 6.852615656707499170e-01 -7.031832377492947650e+00 -4.090933824386139506e+00
0.000000000000000000e+00 -8.901878275921436767e+00 6.511592695686095666e+00 5.837992953674589813e+00 6.628166801057179924e+00 1.586816123949400303e+00 7.733886836803291587e+00 -1.712606599789352035e+00 9.069562735846362855e+00 -9.539737271816497000e+00 9.751483412265018913e+00
0.000000000000000000e+00 -8.296750227193633975e+00 6.630386864447468831e+00 3.886771301987127725e+00 5.128888992392385937e+00 1.623446830925890705e+00 6.858249026468740794e+00 -2.781788532384929624e+00 9.236522807118985767e+00 -9.694261541431767881e+00 8.958392350777545587e+00
1.000000000000000000e+00 -8.631498692786063742e+00 8.683687260514616924e+00 4.787327046634237693e-01 -6.079841458798977527e+00 -4.870810623638845982e-01 1.568200171473367766e+00 -1.094824611036039919e+01 -4.150894781782180076e-01 -6.018253337905697720e+00 -6.725159889561862947e+00
1.000000000000000000e+00 -8.471252347578156261e+00 7.789136305761781287e+00 3.142142571978712162e-01 -5.794302065948513381e+00 -1.509213187161612790e+00 -7.590591343648143141e-01 -9.195388526716239852e+00 5.839770767507019844e-01 -6.566272885230452161e+00 -5.536507173817869720e+00
0.000000000000000000e+00 -7.970028990785831269e+00 6.855415275968038458e+00 5.485049924545766231e+00 5.964074674822018807e+00 5.037509228668629602e-01 5.912102673397120256e+00 -1.921564908712155129e+00 7.989186316410454403e+00 -7.634155230397166036e+00 1.003458960727178351e+01
1.000000000000000000e+00 -8.047122807221251506e+00 7.148450403014663834e+00 -1.470758499839186495e-03 -4.650282964948707409e+00 -2.732448633644191105e+00 -1.761366674534188270e-01 -1.039664969009467654e+01 4.119139571075324802e-01 -6.633883128286482744e+00 -6.407175617056454442e+00
1.000000000000000000e+00 -7.888894583403032179e+00 8.624840425728175219e+00 -7.430174344975053191e-02 -3.640404743868065118e+00 -1.959217313953399708e+00 7.863056404097026331e-01 -9.801265813048656739e+00 -6.780180947083581655e-01 -6.328136894723766837e+00 -5.896200438441042024e+00
1.000000000000000000e+00 -6.934805253190112317e+00 9.950817410066843394e+00 4.329320349625721542e-01 -5.027205379794579265e+00 -8.200965561892976652e-01 1.427371596070937887e+00 -9.729982350823449977e+00 -6.619657268127163707e-01 -5.296039652776140194e+00 -4.922824083055500566e+00
1.000000000000000000e+00 -7.675108854688257765e+00 9.675622433460457472e+00 8.659479548764503765e-01 -5.046057774571580445e+00 -2.637735226278208334e+00 2.040282538247697453e-01 -9.128024178156236346e+00 1.833990941354117776e-01 -7.165238425351134310e+00 -6.273255912372610155e+00
0.000000000000000000e+00 -1.126598119280643040e+01 6.731534834232623332e+00 6.378083761386423411e+00 5.164547624855288177e+00 9.857767851267781323e-01 7.761969632168382205e+00 -2.221807114805348427e+00 8.955288980837181612e+00 -1.006505769453315224e+01 9.144178216052582187e+00
1.000000000000000000e+00 -7.054297473211327052e+00 7.659273602969385308e+00 4.966944127017925981e-01 -4.927542520373512147e+00 -9.839931909444057379e-01 -1.057586157724819120e-01 -9.432534267442843401e+00 -7.175088695177794795e-01 -6.124049490694662090e+00 -6.625892480055121325e+00
0.000000000000000000e+00 -7.939299096004348577e+00 5.427925744057567670e+00 4.195771081112153134e+00 4.692464776866236420e+00 5.235845436925589125e-01 5.057534569362882593e+00 -2.124690331473864546e+00 7.328113680551247455e+00 -7.830473667282254802e+00 9.602630333944945917e+00
0.000000000000000000e+00 -1.068113567930190122e+01 7.709684319450058609e+00 5.319058553490219055e+00 4.562674015689785811e+00 9.953235649570106869e-01 7.811084016786482564e+00 -2.789562693866627363e+00 9.689288841567556432e+00 -9.204315650776127455e+00 9.805400789074147028e+00
0.000000000000000000e+00 -9.610732502258864329e+00 7.482550305552111425e+00 4.728453085801517020e+00 4.073004624406412866e+00 -9.859516157285059812e-01 6.066735938022432606e+00 -2.340856298636576405e+00 8.238914347711119746e+00 -8.615363019198921890e+00 8.947333974563569825e+00
1.000000000000000000e+00 -9.196749743677374411e+00 8.614484241578209023e+00 3.711511270009099084e-03 -3.913712050135193188e+00 -1.219449190139680228e+00 7.416212100998897938e-01 -1.021964866264148597e+01 -9.456054930659338886e-01 -7.178153531290649703e+00 -6.229898817161481084e+00
0.000000000000000000e+00 -8.645085506073169057e+00 6.183587929938726191e+00 5.140978347290921846e+00 6.573071990122290487e+00 7.792442325701682826e-01 6.731417238166116590e+00 -1.152288503431151856e+00 1.002887048465216324e+01 -8.807287061514744053e+00 1.200110839681657637e+01
0.000000000000000000e+00 -1.056850394916558855e+01 5.218565635381439805e+00 3.963590943919903076e+00 4.933356188774305373e+00 -4.194578664553272329e-01 5.532086178253219799e+00 -1.414716851991245417e+00 8.899298631208665711e+00 -7.134547352885594051e+00 1.126281146477714401e+01
0.000000000000000000e+00 -1.043851254425360686e+01 4.723732473116870167e+00 5.278183415555218971e+00 6.391520377541290543e+00 1.465674742178896928e+00 7.530867169344356959e+00 -3.370383597813133125e+00 9.675569759167233386e+00 -9.426993144227315824e+00 1.012293411216138672e+01
1.000000000000000000e+00 -8.869089391883274942e+00 8.191087132385062475e+00 1.595060622245173532e-01 -5.228946290738762492e+00 -1.410618674916266135e+00 1.302835831661457666e+00 -9.376451804217957431e+00 5.009056770199291075e-02 -6.343740165155654864e+00 -4.756574212916682143e+00
1.000000000000000000e+00 -9.381566813332339549e+00 7.639660935073729675e+00 4.827291998704493770e-01 -5.413586150332116986e+00 -3.321711561454471218e-01 1.918914521886606606e-01 -1.062436810945361820e+01 -6.834049307254613792e-01 -7.033253029101854459e+00 -5.566827699469633295e+00
1.000000000000000000e+00 -9.259728773970929083e+00 8.841283999130945759e+00 5.131287027192601435e-01 -4.944856983807460971e+00 -2.506183043306109859e+00 9.427118468906551252e-01 -9.983309653816309748e+00 -3.797209946961541127e-01 -5.366981032273045571e+00 -4.078487934851398045e+00
0.000000000000000000e+00 -9.085616156190329917e+00 6.288994205231207779e+00 4.568849438979835753e+00 5.163504237275455822e+00 -5.891074088097940642e-01 7.425254246188972118e+00 -3.274604518613095205e+00 9.342625720106251919e+00 -9.011069324625214705e+00 1.238753015424701509e+01
0.000000000000000000e+00 -9.252038328204418960e+00 6.359293732096206853e+00 5.710267968506890668e+00 4.503362258647595873e+00 6.884627659682985845e-01 7.436787421048373758e+00 -2.082173999361549122e+00 8.247281475501470283e+00 -9.405972734450925188e+00 9.623607506524756161e+00
0.000000000000000000e+00 -9.952140284153674799e+00 6.612956336479283159e+00 5.266157295054981091e+00 4.254749967404131361e+00 1.029785053376786275e+00 5.891885139527312631e+00 -2.220993601491937142e+00 8.296606803966232846e+00 -8.139287084227854407e+00 1.023711126915476122e+01
0.000000000000000000e+00 -9.570875219032597414e+00 5.972922883224495827e+00 3.497012024512321737e+00 5.753309213233253949e+00 1.913169490307926823e+00 7.493445854837222697e+00 -2.306248259691471514e+00 8.935170728284209218e+00 -1.033034879701973985e+01 1.109233429959788353e+01
1.000000000000000000e+00 -7.526214435168659733e+00 6.642322365778031035e+00 -4.851998246103453316e-01 -5.263781811058213300e+00 -2.169648531765622224e-02 7.698614251695292676e-01 -1.034160460567867368e+01 1.418665956983829801e+00 -7.060794975904914672e+00 -5.977379000445933954e+00
1.000000000000000000e+00 -7.308039597342459892e+00 8.618943619240146958e+00 -1.365110383501953739e-01 -5.754000498223810212e+00 -3.259579364691138625e-01 1.483129791312960410e+00 -9.803274653273682304e+00 8.026065609816984692e-01 -5.287536759937967012e+00 -3.582928726681093856e+00
0.000000000000000000e+00 -9.513990689455393834e+00 6.014006013449511023e+00 5.050202247530437560e+00 5.280206362038425638e+00 1.153953424938932493e+00 5.910775140660008198e+00 -1.138582562658952746e+00 8.726041938522895336e+00 -8.140363724180042837e+00 1.090605768209981008e+01
1.000000000000000000e+00 -8.630095355038111649e+00 7.885964240746850429e+00 4.515428460639762109e-01 -5.482491777381457432e+00 -1.250681681100772380e+00 5.436760425248012840e-01 -1.094475658756382330e+01 -4.869325110913374499e-01 -6.148038519563233884e+00 -3.945340513579651098e+00
1.000000000000000000e+00 -9.147068700428693688e+00 7.722924610848616034e+00 -1.264232416975379802e+00 -5.541396469658276480e+00 -9.116951719436110491e-01 6.519702371295525989e-01 -1.030956616961574923e+01 2.340788003306353726e+00 -4.335665014655930349e+00 -3.149469708312537364e+00
0.000000000000000000e+00 -9.325609596765120912e+00 5.994693728563084356e+00 5.983303068885558851e+00 5.142798884431797113e+00 7.134247660826518178e-01 6.301856237865221644e+00 -2.150035041543358005e+00 8.464098498143643567e+00 -8.407959989023336078e+00 9.084520775302280526e+00
1.000000000000000000e+00 -8.957937606840030043e+00 9.129967058274347735e+00 -1.217976063207091952e+00 -3.581117283305438104e+00 -3.994603257422603138e-01 3.331072233409280159e-01 -1.194563170090796511e+01 -1.553079241998243099e+00 -6.297327798171120428e+00 -5.167562758076313933e+00
1.000000000000000000e+00 -7.341506995151942050e+00 9.252063083383344377e+00 -6.041649368463389846e-01 -4.870235224110030181e+00 -1.844965127830882512e+00 1.183007255135290814e+00 -9.443616583287896660e+00 3.052883298126909395e-01 -5.387043584371171256e+00 -6.223789649365150112e+00
0.000000000000000000e+00 -8.904790046714174068e+00 5.313375965482217467e+00 4.053963843079255724e+00 5.225702942352437930e+00 -8.465834606660815886e-02 7.327472289151767626e+00 -1.979840533986203743e+00 7.998209207539617616e+00 -8.952533870715035036e+00 1.045910239715479406e+01
0.000000000000000000e+00 -8.362244734774742838e+00 6.453181301656107038e+00 7.025049952340357784e+00 6.271280293769235570e+00 -9.526676337630795022e-01 7.112188062659437371e+00 -2.612088791815912803e+00 7.976630374810043556e+00 -9.184897259132279501e+00 9.599706316104047232e+00
1.000000000000000000e+00 -6.783012410955310045e+00 8.360489097690217974e+00 -8.058323842257344993e-02 -5.827249783348531054e+00 -6.018417681200244340e-01 1.370270630587330674e+00 -8.929859975772897585e+00 -9.783240866092522969e-01 -5.631726002972899714e+00 -5.071186596086065812e+00
0.000000000000000000e+00 -7.363931640999142658e+00 6.169372516775035287e+00 5.836052032507394571e+00 4.961488968976610181e+00 9.946927188351826210e-01 6.704167229626171398e+00 -2.684201903649105159e+00 9.338555492620791654e+00 -8.329718568102030929e+00 1.039619904262044159e+01
0.000000000000000000e+00 -8.872591839037863082e+00 6.203494639357169937e+00 5.481714493384660436e+00 5.643619353164273100e+00 3.590346134313696091e-01 6.006321541826858734e+00 -3.968364756716695751e-01 1.005457653863939349e+01 -8.416265751328438682e+00 1.036462943164373485e+01
0.000000000000000000e+00 -9.359392273915387861e+00 7.601759092780953075e+00 3.436830970969296573e+00 6.160714535243609902e+00 1.902639704400610476e-02 7.795779529626500448e+00 -1.778175274580725329e+00 1.056023802840689463e+01 -8.825899882484957715e+00 8.751185330505817817e+00
1.000000000000000000e+00 -8.401255826975294383e+00 7.738162713362508605e+00 2.299924780195530816e-01 -5.228118688592296337e+00 -9.418431241667230003e-01 1.976621376954322162e+00 -9.173434620347849844e+00 -7.413068831161939709e-01 -7.535920931866913364e+00 -4.789326111629063298e+00
1.000000000000000000e+00 -8.438655481045371332e+00 7.932344011110480153e+00 -1.186054043786302303e+00 -5.019304991406674077e+00 -2.183473068104361037e+00 5.839332427018015803e-01 -9.834532122131463439e+00 -1.658765105772829651e+00 -7.516090117774928636e+00 -5.172232262616222265e+00
0.000000000000000000e+00 -9.068082391079613558e+00 6.571301184320265776e+00 5.064119928814286631e+00 4.738845722324531273e+00 1.447165767883271670e-01 7.065817889240814331e+00 -1.385418787368631666e+00 9.679485334537524466e+00 -1.099611490593702001e+01 1.135938169392147756e+01
1.000000000000000000e+00 -8.219152776486168932e+00 7.752364476418838635e+00 8.071946044352339422e-01 -4.730548680468596778e+00 -7.274636976195872906e-01 2.505593234125560453e-01 -9.630435664212745550e+00 -4.659044004797715521e-01 -3.948074128336924282e+00 -4.222681031124571938e+00
0.000000000000000000e+00 -9.213710864934405720e+00 6.074093013280316811e+00 5.214047412636050538e+00 4.699942813057510271e+00 2.166585548971219355e-01 8.320500646719867888e+00 -1.834711187101397467e+00 8.650636330434013033e+00 -8.701238132488859023e+00 1.025001854762461839e+01
0.000000000000000000e+00 -9.969223624191389632e+00 7.278801025317094719e+00 4.427180147097939944e+00 6.187449844097917762e+00 1.301627307415547552e+00 5.649824117595525053e+00 -1.778388426262608402e+00 7.600985978020988298e+00 -9.838214521179189376e+00 1.110829356043868898e+01
1.000000000000000000e+00 -7.903537371906963038e+00 7.918930097955627190e+00 -3.086107476427740748e-01 -4.806150784517239316e+00 -1.611110667219439740e+00 2.693439584530858522e+00 -8.517690806565271444e+00 -1.006901566139707604e+00 -7.956612997188062586e+00 -3.849338325838687069e+00
0.000000000000000000e+00 -9.481267134345314318e+00 6.769318813127145340e+00 6.561056974076375781e+00 4.199540325854862921e+00 -1.752984944463206185e-01 7.727001831662413167e+00 -3.170409315505210213e+00 9.479952471196137154e+00 -9.879741082099990024e+00 8.291813649040275180e+00
1.000000000000000000e+00 -8.518595486513014237e+00 6.397944476962223348e+00 8.019839796335754833e-01 -5.018906264876592971e+00 -1.376516489352695327e+00 9.606997222610195175e-01 -9.901762906789400631e+00 -4.964408813826583222e-02 -5.294078317316378346e+00 -4.686768956314315560e+00
1.000000000000000000e+00 -6.850174698824688768e+00 8.209846784027732269e+00 8.451476205581487378e-01 -5.256501534186449831e+00 -1.194460989583663535e+00 -3.067890149272922695e-02 -8.944818796060777899e+00 -8.949226143313098181e-01 -7.724014389316311124e+00 -5.111641468710877767e+00
1.000000000000000000e+00 -6.448917197615719132e+00 9.225150111245440598e+00 -8.975059729224987848e-01 -5.255417268613491011e+00 -4.622693387217307048e-01 2.478743545724205966e+00 -1.138305793611066896e+01 -1.373886212481766789e+00 -5.304184094502160107e+00 -5.948059953357100582e+00
1.000000000000000000e+00 -6.930762948900595077e+00 8.993282454813298799e+00 -5.040629910739122810e-01 -4.712210187316120624e+00 -8.712036567291583378e-01 7.905291880142989447e-01 -1.067371259048050725e+01 9.051946476396930397e-01 -7.711871783968533123e+00 -5.090504003322292803e+00
0.000000000000000000e+00 -9.484758268188995700e+00 5.982409702131119111e+00 5.417660890919233196e+00 4.852056292847929164e+00 -8.427464439563927545e-01 5.514444842033343619e+00 -1.835176064195617629e+00 8.689372103326219232e+00 -9.531410107961388434e+00 9.712986229927226489e+00
0.000000000000000000e+00 -9.655795390506055398e+00 7.111377375445825599e+00 4.424916547637429254e+00 5.994660596595171143e+00 4.121147745783420580e-01 7.229790855892193946e+00 -2.313537206913095723e+00 9.008074517545722415e+00 -7.751480456514453721e+00 9.483742879522722546e+00
1.000000000000000000e+00 -8.738297660409807932e+00 8.111241230284125692e+00 -1.640774709459009273e+00 -5.156341024511079674e+00 -1.616246746352610231e+00 2.093867390538989071e+00 -1.004101944407691960e+01 5.450706609025940397e-03 -7.399860838829786402e+00 -5.716589647656436846e+00
0.000000000000000000e+00 -8.068006694296281367e+00 6.137261680979122502e+00 4.596112591029643646e+00 6.158449739671763901e+00 1.839618256739951718e+00 6.899706774714305269e+00 -1.834708426022157335e+00 9.714107111270338990e+00 -8.752595205316888283e+00 1.007805196029179839e+01
0.000000000000000000e+00 -9.571319169771186353e+00 5.650017202538943906e+00 5.885967273332797234e+00 3.819301394663969340e+00 4.724193010475730148e-02 6.762193950984891622e+00 -1.811520719179112504e+00 9.230375775368377944e+00 -6.729827038013282525e+00 9.321792610400317258e+00
0.000000000000000000e+00 -1.002919900978897871e+01 6.205127898282961851e+00 5.064598487219015510e+00 3.526811728774255084e+00 1.024569087002037415e+00 6.463394003765219331e+00 -1.478892685975045529e+00 9.075508468369383408e+00 -8.809651060843833648e+00 1.178050932029577602e+01
0.000000000000000000e+00 -8.117092232103770399e+00 5.341927190316176244e+00 1.693754127496303941e+00 5.260167002375498058e+00 1.797008281179615308e+00 7.487243351642142386e+00 -6.241506137791776876e-01 8.635699326957421817e+00 -9.182593199156331210e+00 9.462867603933704075e+00
0.000000000000000000e+00 -7.913089222935783873e+00 6.315830938018741847e+00 5.338091170604318592e+00 4.289542634972197455e+00 1.076760708297257452e+00 8.003522441768309292e+00 -2.128218180698353112e+00 9.006050480976584893e+00 -8.982358068919067406e+00 1.009925693400504088e+01
0.000000000000000000e+00 -7.493771062846294129e+00 5.846658319597274556e+00 5.589456675356077042e+00 7.459352739837627588e+00 -8.160377753671865797e-02 6.716711537405385180e+00 -2.156400869905431783e+00 9.611924316756656594e+00 -9.512587468319688710e+00 9.397055311455552840e+00
1.000000000000000000e+00 -8.290031744691077620e+00 6.970887975720994056e+00 -8.439798461500959137e-01 -4.770618955193534738e+00 -1.822769362224646583e+00 1.366594236791165429e+00 -9.884480314788797628e+00 -1.604681694930000235e-01 -4.479904553392092481e+00 -4.505561028912403287e+00
0.000000000000000000e+00 -9.461191641451282663e+00 6.693840186804355774e+00 4.406724798530400555e+00 5.003527925101557194e+00 -1.178627145011680311e-01 7.713874972425238674e+00 -2.008541373162864296e+00 8.386220620850632912e+00 -8.299859305921680530e+00 1.003204454365402576e+01
1.000000000000000000e+00 -7.430461773718498364e+00 8.935375983450652981e+00 6.866436406467676945e-02 -4.110882268760907010e+00 -3.621736545093169335e-01 9.862740287605754608e-01 -9.771481248254739072e+00 -4.452300674582882478e-01 -8.250931461475067508e+00 -4.833256645038852994e+00
1.000000000000000000e+00 -8.412386645161795684e+00 6.903609558368742682e+00 2.997373347334892912e-01 -3.777662813370606720e+00 -2.432924824781569573e+00 -3.325020511117748878e-02 -1.028060321415817668e+01 -7.623947132797989079e-01 -8.015197688566328083e+00 -5.917694392339498677e+00
0.000000000000000000e+00 -9.122147772204717953e+00 5.824718758317592560e+00 4.972660991679523690e+00 4.709410673725925811e+00 -4.134323969997577564e-01 7.128621093927991481e+00 -2.947109899158513180e+00 8.139868464333643416e+00 -7.644423652906930045e+00 9.740747287217343953e+00
0.000000000000000000e+00 -1.111224067870383081e+01 7.070202687549722143e+00 4.685417137788987496e+00 4.874101578847263028e+00 5.215332321211432198e-01 4.923445825332825265e+00 -3.026491602704810102e+00 7.354473617369509775e+00 -8.209089595711915877e+00 1.032535229361935158e+01
1.000000000000000000e+00 -6.621063400732921878e+00 7.111716380364759615e+00 -2.960796891455401147e-01 -4.686740154333997488e+00 -2.848619258556412071e+00 1.679699397314501352e-01 -9.001913058257905220e+00 4.031351821988550799e-01 -6.257135048775369413e+00 -5.422264878384939202e+00
0.000000000000000000e+00 -9.066272702802303129e+00 6.649623722541600834e+00 4.650374588505703954e+00 3.715803136693324404e+00 7.117888347007272909e-02 7.939006252521913609e+00 -1.099233372566021050e+00 8.080244942348091541e+00 -7.237831874590591852e+00 1.058056496679147251e+01
1.000000000000000000e+00 -8.397590942831683947e+00 7.981839359700290792e+00 1.633424036470312091e+00 -5.939800605377616449e+00 3.117935644016005536e-01 1.620661030956995763e+00 -9.982962890641781328e+00 -2.188320266128853664e-01 -7.350459187270434569e+00 -3.734621077674988854e+00
1.000000000000000000e+00 -7.515998192655199084e+00 9.572226199052833451e+00 -1.475626791429544227e+00 -5.876586884335532446e+00 -1.620211354382974367e+00 1.397872961107616607e+00 -9.023416317216124583e+00 -1.036908498881767837e+00 -7.381474259633312940e+00 -4.691686446088074725e+00
0.000000000000000000e+00 -9.386003816938265132e+00 5.884883382361458359e+00 5.135883787423232150e+00 6.046975006921626594e+00 -1.305693623825755489e-01 6.957409909360723788e+00 -1.090651661360143798e+00 9.588285519765578968e+00 -9.451263131142702889e+00 1.081141575087182005e+01
0.000000000000000000e+00 -8.169366885134854428e+00 6.223509703201148824e+00 4.676326572780766355e+00 5.251263819047374604e+00 -4.626529774527821104e-03 6.810937023672989810e+00 -1.556452885692085619e+00 8.133708023394232711e+00 -7.321665134310541667e+00 8.046158470492489556e+00
