0.000000000000000000e+00 -2.199212306469221279e+00 -8.230056780658224769e-01 4.253087664401824952e+00 1.793918220352303639e+00 -1.557482555734076790e+00 2.906197834591141227e+00 1.124581429439629021e+00 1.732102530270595242e+00 -1.733081979292654395e+00 3.875187496701124168e+00
1.000000000000000000e+00 5.347165234542553769e+00 1.628067452425614015e+00 2.136456747324315675e+00 6.505567452482108326e-01 4.341110454175831634e+00 8.014155985821204142e-01 4.090525808262913898e+00 1.435113839217613041e+00 -3.585581393975949105e+00 1.050162547868411789e+00
1.000000000000000000e+00 2.842882635419297976e+00 6.413459535772123576e-01 4.975315945482879698e+00 1.994411898046388076e+00 2.283660899628885410e+00 3.226179718023971965e+00 4.757455292903684629e+00 1.763479185876321909e+00 -4.329007500142796339e-01 1.726696983522455486e+00
0.000000000000000000e+00 -3.254660966582921144e+00 -5.480762167059795020e-01 4.194335434961104170e+00 -1.087292088019756742e+00 9.021630148036074992e-02 3.351947080478562935e+00 3.242771672790949467e+00 2.634786034367325058e+00 -2.008351225973442844e+00 3.981361238787631152e+00
0.000000000000000000e+00 -2.016117301401942452e+00 -9.621141813543866439e-01 2.609340299448509981e+00 -9.497688697333852570e-01 1.280129692221541271e+00 3.241894611809061910e+00 3.042702289009922900e+00 1.324143249151481072e+00 -1.951550063319704265e+00 5.281867977542862747e+00
1.000000000000000000e+00 3.986720509365237142e+00 1.411194855595989450e+00 3.273453970240820077e+00 1.584558991641988879e+00 3.987288842749871609e+00 2.144828053334670415e+00 4.717891298395894495e+00 1.404075845603034445e-01 -6.587757033702268394e-01 -1.470649642449606498e+00
1.000000000000000000e+00 2.469953818048566951e+00 3.160728801954690415e+00 2.193589897458523730e+00 1.089470658864241326e+00 3.415026240652724088e+00 1.330450812877128852e+00 4.922738044286785630e+00 -4.885969937116054762e-01 -1.283558273298034624e+00 -7.195686681536899165e-01
0.000000000000000000e+00 -2.230372593307675455e+00 3.827611088748235080e-01 6.110203007582923895e-01 -3.919831558253051851e-01 1.806559742559939341e+00 3.190915718825513281e+00 3.858314681237133392e+00 2.084356962515544254e+00 -1.098226305904381972e+00 4.665204821917445344e+00
1.000000000000000000e+00 2.497721422392817914e+00 3.762801239311270862e-01 2.418615572668168401e+00 8.949086258510841052e-01 4.359535241442681119e+00 1.658820612555642615e+00 3.303048966818196153e+00 1.149202298089246899e+00 -2.094765453939596789e+00 1.358458560341841093e+00
0.000000000000000000e+00 -3.815660919817771557e+00 1.095724023521306156e+00 1.597122605935047845e+00 1.112096897831534204e+00 2.753597932617095623e+00 2.987034880119711744e+00 2.441100326499579865e+00 6.169750556646249606e-01 -1.269535277583533128e+00 3.323082324339078575e+00
0.000000000000000000e+00 -3.999826971071505533e+00 -2.020463327146450716e+00 2.946547021670191224e+00 -7.049415761887932730e-01 3.500185569208670300e-01 1.573405241410842148e+00 1.852817261001832971e+00 1.870801122716273523e+00 -1.613476302118943995e+00 3.579496329920418329e+00
1.000000000000000000e+00 3.905707088978005004e+00 2.545256374778361419e+00 2.030652145391568464e+00 1.848085345763354148e+00 2.656191084831820426e+00 2.014340235670793788e+00 5.584219707043867054e+00 1.776852356061882077e+00 -2.615735063208650679e+00 -2.667874278520465658e-02
0.000000000000000000e+00 -1.818253152467624201e+00 -9.837904016623358894e-01 3.004675900411700518e+00 4.425397675878059989e-01 -1.465309123443707673e-01 3.201109874306415914e+00 4.558823889743657709e+00 2.859230414022318811e+00 -4.502020538665547078e-01 1.556410258202526320e+00
1.000000000000000000e+00 1.743284312236154099e+00 1.069005771840123131e+00 3.817509272581089519e+00 2.759033887607045266e+00 4.275837125657834470e+00 3.197585880836177896e+00 5.533469375159993042e+00 1.691400070069792205e+00 -3.007915401781568576e+00 -1.016338521472215373e+00
1.000000000000000000e+00 5.415522615969968534e+00 1.314963200072368110e+00 2.810287077337775941e+00 4.611866235659880520e-01 4.356425374542171269e+00 3.019597136767548040e+00 5.019916507825629814e+00 5.163086645662788854e-01 -3.409342554170924799e+00 -6.479595541549455495e-01
1.000000000000000000e+00 3.501033927200464912e+00 3.007161466242081360e+00 2.015799498701305925e+00 2.970707405996453332e+00 3.328225113288378445e+00 1.395995177150263000e+00 4.637166671793016448e+00 7.915291059538647200e-01 -4.247745018660535443e+00 -7.571364415548629268e-01
1.000000000000000000e+00 5.120339736966998956e+00 2.878024618325006667e+00 3.781033749555906542e+00 1.117091911622920097e+00 3.020269734892542246e+00 1.908644245097374181e+00 5.561552602908024667e+00 1.145880438833159598e+00 -4.158161485334817442e+00 1.134261000986458434e-01
0.000000000000000000e+00 -2.103378274626749089e+00 -9.500945453523715889e-01 3.198933759282953204e+00 8.925482328313036340e-02 2.781994203369358765e+00 2.511975765750297018e+00 5.327488840247669444e-01 2.186594347719838627e+00 6.999121704813022760e-01 3.019238395751015602e+00
0.000000000000000000e+00 -1.712023226173421175e+00 6.921907993463107811e-01 2.563492226215048575e+00 1.017027848263068801e+00 1.679069025618798561e+00 2.767611230010468493e+00 3.462292951068158597e+00 1.625341233333392310e+00 4.632271899748419131e-01 2.747030499797100234e+00
0.000000000000000000e+00 -4.049304763108960259e+00 5.985956198508633058e-02 2.025121542458375945e+00 1.416028435284215625e-01 1.311382396710752074e+00 3.672155483035219881e-01 3.524547206759104157e+00 2.670899347773458832e+00 -2.073389807721887745e+00 2.601357969706015183e+00
1.000000000000000000e+00 3.177420308506036850e+00 3.135157162569853551e+00 2.611228146397106098e+00 9.619477451758640107e-01 3.258363518027202144e+00 2.286336039116548591e+00 3.171269184948675157e+00 6.777094462506270123e-01 -3.029222256156320903e+00 3.802387350539204736e-02
0.000000000000000000e+00 -4.167019464909087034e+00 -5.343602038526765741e-01 1.752321949310202021e+00 7.336103432082077269e-01 1.564672106836150434e+00 3.469095605244832292e+00 2.995362611115085727e+00 3.387488042810558486e+00 -1.482782180655909832e+00 2.762501595725767256e+00
1.000000000000000000e+00 3.609497058272006953e+00 3.993297643933550134e+00 3.402812053342543663e+00 2.111896908791370819e+00 3.868634795704404716e+00 2.202359801397745009e+00 3.190294951823085867e+00 -1.263584688189790528e-01 -3.968947108583009253e+00 1.052250548747648562e-01
1.000000000000000000e+00 5.354273298404439885e+00 7.880417682388655143e-01 2.112660998782433630e+00 -1.340071485268179874e+00 5.683026997192285101e+00 1.499813433944910734e+00 3.836541547252393602e+00 1.551292558149184542e+00 -3.222671030378712498e+00 -1.577833080635058227e+00
1.000000000000000000e+00 3.607354000786505033e+00 1.959760042629578702e+00 2.156478505430911241e+00 2.654072514847582998e+00 4.521005237749909256e+00 8.499213832697163351e-01 4.071702919129053022e+00 1.831919908370193140e+00 -2.605092490494580026e+00 -3.997302389571867343e-01
1.000000000000000000e+00 4.072515093264630792e+00 1.171606534531886901e+00 3.550409551868061175e+00 8.163021211165373270e-01 3.353456495660389169e+00 1.849834438938343650e+00 3.637737857179106804e+00 -4.035806273058315519e-01 -2.716108837309616053e+00 2.834941346877920543e-01
0.000000000000000000e+00 -1.151861003130251415e+00 -1.622338596305931135e+00 1.621731409158037707e+00 -2.006281889430770793e+00 1.503500917566545247e+00 3.012794961233042912e+00 3.344566354502695571e+00 1.637825204955558167e+00 -1.279297646211061457e+00 1.963295395796297971e+00
1.000000000000000000e+00 5.287974671725872433e+00 4.638584075885568980e-01 4.028213317811561112e+00 2.870100428603195031e+00 4.335168875785705644e+00 1.600874464765947636e+00 6.072872036186761413e+00 1.206871525127157341e+00 -3.812620042334804449e+00 3.014245516714021411e-01
0.000000000000000000e+00 -3.375118723020606559e+00 -7.265134464071086873e-01 2.776776578079406921e+00 1.752659446427207168e-02 3.004215092040892765e-01 1.987322487750903477e+00 3.784148472681769793e+00 2.565990016733060486e+00 -1.231962165931800746e+00 4.166772706921366698e+00
1.000000000000000000e+00 3.494780124584833558e+00 1.579416356117580023e-03 1.601607115204929821e+00 2.036466590829490997e+00 3.496731431730778716e+00 1.522911473167666063e+00 3.893853674019631672e+00 -6.847945869160321219e-01 -3.539269849637539433e+00 -1.469449217320220602e-01
1.000000000000000000e+00 3.427057839895122804e+00 1.485994878440768607e+00 2.353508281551323744e+00 1.571844468838960118e+00 4.548944691185508482e+00 2.803137838187018893e+00 4.344539353715194174e+00 -2.610303770307923488e-01 -2.365719133877183467e+00 9.567797039245720114e-01
1.000000000000000000e+00 4.624746499350814943e+00 1.376694086405868767e+00 2.077675023261898346e+00 2.376152098590853079e+00 3.806779700224081520e+00 2.139162328731183838e+00 3.964662294802253406e+00 1.601677993949382817e+00 -2.216771175785252623e+00 -1.646890487584186935e-01
1.000000000000000000e+00 3.218246537960481657e+00 1.514199135765796900e+00 2.592392570014430131e+00 1.693120454125123686e+00 3.282798104281747342e+00 2.725057149220208252e+00 5.049517763125789038e+00 -1.086493198259275372e+00 -2.184967961352127119e+00 -5.228168819702171399e-01
0.000000000000000000e+00 -4.608227116248621691e+00 2.242308148860194805e-01 -1.304870963109134863e-01 1.231651043753934083e+00 7.737329413589071336e-01 3.693335543050658032e+00 3.712317131326631436e+00 2.661927640978399623e+00 -1.076125838993879258e+00 2.905253128160552478e+00
1.000000000000000000e+00 4.150086549096124955e+00 7.710010684676253945e-01 2.862452039539361337e+00 1.743948894016510875e+00 3.473150119512435019e+00 2.479090275398943888e+00 3.536865112994652449e+00 1.159599637232125557e+00 -3.158041923166574172e+00 7.853494280302730779e-01
0.000000000000000000e+00 -3.454775941428486430e+00 1.198413293530447010e+00 1.968636219989411407e+00 -6.693020324743019778e-01 2.909689218693951585e-01 2.086462864653124694e+00 2.131472853527665912e+00 3.072752192437472996e+00 -2.437583361556861394e+00 2.634663677336303689e+00
0.000000000000000000e+00 -2.604025859659024444e+00 9.328322303171835417e-01 1.033754941947062855e+00 -5.324244961635905549e-01 4.093749823108427943e-01 1.636109088314147586e+00 3.146350577542355698e+00 2.234507921259377028e+00 -1.217323509836967022e+00 1.801121321665416275e+00
0.000000000000000000e+00 -2.559979958705872249e+00 1.645232702837009287e+00 4.901363361121159556e+00 -1.641937236168462988e+00 8.030819175466973325e-01 2.282529726989820595e+00 2.804566552241176236e+00 3.253331823863002015e+00 -1.433607704670962324e+00 3.293645570504481590e+00
1.000000000000000000e+00 3.785191779862884243e+00 8.760566023642673006e-01 2.049363131563344709e+00 1.908159322459399121e+00 3.325919611996051906e+00 2.346574727133950766e+00 3.980311480236068178e+00 2.070551732729685845e+00 -5.485284181576261631e+00 8.300829817549604250e-01
0.000000000000000000e+00 -2.909977613627683368e+00 -3.221252962509907891e-01 2.390897493913418437e+00 -1.617953209424666250e-01 -4.920899833376242150e-01 2.873956257710279516e+00 2.693831817310736287e+00 2.261389253769019891e+00 -3.126710578997221601e-01 2.953063273608657280e+00
1.000000000000000000e+00 4.747573219826243474e+00 3.672653686353849478e-01 3.332505072336394925e+00 -2.186851677139118877e-01 3.795725746093173036e+00 1.596945049911700609e+00 4.162455574436929595e+00 -1.760980071503193578e+00 -2.832659594580209550e+00 -4.625664679913548682e-01
1.000000000000000000e+00 4.629018479391477925e+00 -2.340193991696486453e-01 1.958524356095458829e+00 2.513813163552955032e+00 4.959155700414952683e+00 2.083951602321687524e+00 4.042526800028757528e+00 9.974513184053468429e-01 -1.789309640268079260e+00 4.572290662428788455e-01
0.000000000000000000e+00 -2.362400579793535460e+00 1.354526139041761779e-01 3.292621611476944654e+00 -5.869509368431182761e-01 2.377124931076636472e+00 2.130280576577766372e+00 3.760147844072115664e+00 3.896964272655776718e+00 9.891965646767826303e-01 3.317968031689694453e+00
1.000000000000000000e+00 5.376093812584124443e+00 3.579579186461843143e-01 3.809813103851564797e+00 2.360692418463403719e+00 4.533562654452474305e+00 1.556167074124006344e+00 3.412487989423020007e+00 2.376438220580856076e+00 -2.453442270933126945e+00 -1.025534598751348003e+00
1.000000000000000000e+00 3.397361898985747253e+00 1.491526351036672304e+00 1.655322816677129882e+00 2.163150221196704415e+00 4.533540293106793406e+00 9.696001536092002659e-01 4.994288651130355916e+00 1.207129742792437899e+00 -3.328706019743098210e+00 -2.185097058723870056e+00
0.000000000000000000e+00 -2.075674754776659192e+00 -1.697242432362520148e-01 3.972773678142062614e+00 4.373790418914932920e-01 -2.880046518178205339e-01 1.235396806903040545e+00 2.236664097778520155e+00 2.013380789156785866e+00 -8.170308387035771780e-01 3.431033640419665076e+00
1.000000000000000000e+00 5.452767976949681739e+00 1.870275983533860487e+00 1.250878101168540590e+00 -3.715295408991239334e-01 3.643370781043564488e+00 2.549988108471620940e+00 4.608689368880278359e+00 -6.353748623856396716e-01 -3.783270490799980124e+00 -7.059030579626940360e-01
1.000000000000000000e+00 7.147987237824997564e-01 2.077941701029998978e+00 6.368527600882765149e-01 2.598669721664076615e+00 4.902035585984297228e+00 2.798041403741819533e+00 4.497648513894676015e+00 2.216749022350870124e-01 -2.515716992872071955e+00 2.864189376064947279e-01
0.000000000000000000e+00 -1.002576394949933336e+00 -9.542141654322503497e-01 1.090965813162890763e+00 2.177861831388488323e+00 -3.181685336203272652e-01 1.989762271544547989e+00 3.048593530383626682e+00 1.434121145039377598e+00 -8.030680323963673706e-01 4.543852937381316792e+00
0.000000000000000000e+00 -1.965474151418129756e+00 6.918035510279919587e-01 1.340296268710399641e+00 -1.664689264791566314e+00 2.290828046793143002e+00 1.722474664215162488e+00 2.296806443821080457e+00 3.220093903521416667e+00 -2.261289353938987112e+00 4.012792293373315111e+00
0.000000000000000000e+00 -2.689781004095664230e+00 7.148310160195416874e-01 1.072241922219745680e+00 1.136695246565063933e+00 1.741693311995095694e+00 1.104519177588232814e+00 2.144093631309976544e+00 8.554090953335762304e-01 -1.309062813126037339e+00 5.440855727093707905e+00
0.000000000000000000e+00 -3.000139780392873767e+00 1.944164713584234094e-01 2.392317088974626138e+00 1.061080398490909182e+00 1.742398687677983560e+00 5.263957394070724050e+00 3.199619455678759383e+00 4.941372923120717076e-01 5.954102363681013088e-02 4.168693706091021411e+00
1.000000000000000000e+00 3.932848990661023780e+00 -8.828581858092920953e-02 4.044421692349631670e+00 2.882393559598074972e+00 3.589504427600627601e+00 1.301017770385089589e+00 6.007506872686099619e+00 3.582255866890670104e-01 -3.986986799750515509e+00 1.448772853888278256e-01
1.000000000000000000e+00 4.486099607086559082e+00 6.557012620908244660e-01 2.761996739537049717e+00 2.689902006221537079e+00 4.025299646936299602e+00 1.952401374824109137e+00 4.391482624599317042e+00 -7.959918992909387203e-02 -1.831041379351154852e+00 -1.801969479657318018e+00
1.000000000000000000e+00 4.819072002193778737e+00 -8.447183395671054029e-02 3.334162969520775732e+00 2.792864282515539198e+00 5.518045520305474128e+00 2.429270268779403441e+00 5.116479773923545693e+00 -2.956375879482369129e-01 -2.882414326238046165e+00 1.143148969739646859e-01
1.000000000000000000e+00 4.351593643090047259e+00 5.741320252083228493e-01 4.107992188550516843e+00 2.271556613294500870e+00 4.007807197153540280e+00 1.790960216061431298e+00 3.155937767522131843e+00 2.574676732316877548e+00 -2.888174775830547603e+00 -1.292832804374032918e+00
0.000000000000000000e+00 -2.902986451945809510e+00 -6.207860385459682551e-01 2.958490977960603896e+00 -5.700909292247260396e-01 2.464454311465121172e+00 4.156226929096638045e+00 4.356568181654775884e+00 1.514629127179889956e+00 -4.162086318182853795e-01 1.959378619882718997e+00
0.000000000000000000e+00 -2.283292441709982690e+00 -3.056728468362314710e-01 2.387601685205572366e+00 1.823476287009460295e+00 2.859687291654989583e+00 1.899925439510087966e+00 2.964923493014063105e+00 9.422646362761077921e-01 -1.742344481363682362e+00 4.195142071707467224e+00
1.000000000000000000e+00 3.866172613911080358e+00 8.820349265095517310e-01 2.294008693148941624e+00 9.429444752429927412e-02 3.876212846055627104e+00 8.872614071258175805e-01 4.930441388662056390e+00 1.015631442548027286e-01 -2.636357015518256297e+00 -4.946703395348339694e-01
0.000000000000000000e+00 -1.665593064866768280e+00 1.337508968636695883e-01 2.500772796573095924e+00 6.234635351448760687e-01 3.027292062893824909e-01 3.098899478779118866e+00 3.233565567523767115e+00 2.074755769261103833e+00 -2.429379638909375805e-01 2.287727050519485772e+00
0.000000000000000000e+00 -3.464265529554915624e+00 1.372468027793317225e+00 1.591585324630696796e+00 -1.112382144122518568e+00 2.375190516580941491e+00 2.271759663538790441e+00 3.635359972179305288e+00 2.804257841352486125e+00 1.722207561789862451e-01 4.679297644116652499e+00
0.000000000000000000e+00 -1.540094991352349840e+00 5.141764888483497664e-01 7.187086869970136238e-01 2.213921752401408483e-01 7.991999194130252615e-01 3.515088783852315935e+00 2.577860783995888028e+00 3.527683754362779478e+00 -1.401347902761393094e+00 3.862811748271096413e+00
0.000000000000000000e+00 -3.481286209344722327e+00 -3.308700955946373146e-01 1.481033168364029429e+00 -6.128943309100010062e-01 9.631918140235182779e-01 4.543149498956696064e+00 5.521706085257816810e+00 2.876718572381264494e+00 2.564506982948941971e-01 4.059975879206302984e+00
1.000000000000000000e+00 2.835752940680086098e+00 2.058150765053263331e+00 3.437515306459201447e+00 1.321765221911240351e+00 2.718656693932731461e+00 3.086176422965529742e-01 3.624818589450392814e+00 6.225570149294128441e-01 -1.695852893036617237e+00 -4.927595744588368909e-01
0.000000000000000000e+00 -3.165197344931245382e+00 6.537759176783173309e-01 1.826564779407120032e+00 1.307700966532191256e+00 5.618664390966254807e-02 2.835805810506225821e+00 1.514513713866362909e+00 2.674052132882576149e+00 1.494608899660101464e-01 2.862050428165821891e+00
0.000000000000000000e+00 -2.298520711507849867e+00 -1.541418511888822618e+00 3.147764499458524767e+00 1.994989808424074251e+00 -4.040198505021952435e-01 1.550735134120480918e+00 1.961328967616311481e+00 9.122642884876448477e-01 -1.410719127949982443e+00 4.088438913542881359e+00
1.000000000000000000e+00 2.850570098980443223e+00 1.267252871504584100e+00 3.687361400908528708e+00 2.936366946254347354e+00 3.522606994334899433e+00 1.810917531316255769e+00 2.632033465441748987e+00 2.360466513725389959e+00 -2.919172312584091600e+00 -3.914121191153951962e-01
1.000000000000000000e+00 3.859400940478931563e+00 1.569361287227363011e+00 3.221612415511474925e+00 2.521925657614044969e+00 4.372648936447123269e+00 2.017999014062795915e+00 4.336288485277322025e+00 -1.196482922121842263e+00 -2.661713885346114417e+00 6.181149820162717967e-02
1.000000000000000000e+00 2.976172840862031599e+00 -7.049866217107214617e-02 2.320151435153736230e+00 2.424048407305821939e+00 2.695945997306933961e+00 2.946082979305274741e+00 4.358023394057409128e+00 1.254073549015116251e+00 -4.079250621989753967e+00 9.734696073997308741e-01
0.000000000000000000e+00 -3.614209848054546814e+00 -1.037997515302107043e+00 4.696751345910805675e-01 5.218768221531675522e-01 1.811515946780770214e+00 2.502077083231223131e+00 2.085992090020553302e+00 6.448978402830451984e-02 -9.745056468237303093e-01 3.053751870675805780e+00
0.000000000000000000e+00 -3.814529989674954713e+00 7.858172478012644957e-01 2.624503196577127717e+00 7.708397707826664114e-01 2.110164474010175706e+00 3.233799528240670185e+00 1.128729537499399971e+00 2.429988705563093543e+00 -1.861759124795539844e+00 3.867627859150458924e+00
1.000000000000000000e+00 3.700049752148456328e+00 5.348672054372349827e-02 5.704060422796106700e-01 1.266525952320560311e+00 4.242871834017105215e+00 1.924620625454010359e+00 4.421837484661444329e+00 1.744406679289398854e+00 -3.904640029928663658e+00 -9.831877426978582468e-01
0.000000000000000000e+00 -3.565540176808513095e+00 -9.835136000536897072e-01 2.943765687939428943e+00 -5.181566107291698531e-01 3.008997961967046386e+00 2.658359388119835742e+00 1.191664993772239667e+00 2.002435390745528121e+00 -1.324876975415277158e+00 3.282405775431360251e+00
1.000000000000000000e+00 3.976469877589133617e+00 1.436878649458381396e+00 1.843261256551748328e+00 3.734538458894959501e+00 4.625994458937610965e+00 2.210798593980070947e+00 4.016954220905092576e+00 -1.971803182441357327e-01 -4.634653398626317866e+00 -1.872844467008499603e+00
1.000000000000000000e+00 3.580128395742674385e+00 3.015386455582706571e+00 3.962663742336850259e+00 3.234676086888570445e-01 3.908120518071366067e+00 7.466566650577585174e-01 4.094614155806063138e+00 9.442339102292596209e-01 -3.440655768253917390e+00 -1.893991287773579280e-01
0.000000000000000000e+00 -1.503469295403453199e+00 4.285866333955944962e-01 1.938138978298018511e+00 -1.092087236159134056e+00 7.607560735021614562e-01 2.095576243494794877e+00 3.614026040898827397e+00 1.298838288911912997e+00 -7.587036248958762830e-01 2.031077807749303243e+00
0.000000000000000000e+00 -1.774284382041826369e+00 3.493751106152488406e-01 2.098342127442316407e+00 1.295685673481653533e-01 1.399745859893773092e+00 6.136171163416161978e-01 3.103788105723840562e+00 1.483741093525606125e+00 -2.413658850189961846e+00 5.174834364122347985e+00
1.000000000000000000e+00 2.781277950060722315e+00 2.225856406071577531e+00 2.256791820718972996e+00 1.865122451130291070e+00 1.741125052972740228e+00 2.187284065922647347e+00 5.248865642185964298e+00 1.573171721151006341e+00 -3.544657652269291859e+00 -7.045440669209954709e-01
1.000000000000000000e+00 4.019005909455944270e+00 2.366482860198329874e+00 2.187665657669188413e+00 1.241873392598613846e+00 5.167232056545989494e+00 2.051784450597723186e+00 6.118832994243796009e+00 1.340726239761439231e+00 -2.298305086234528449e+00 1.786356841574523902e+00
0.000000000000000000e+00 -2.336363466107238551e+00 3.510462820426783759e-02 7.176344902815443572e-01 -6.031855575070721454e-02 2.722081532406230853e+00 2.472532455543946739e+00 3.087408189010924175e+00 2.637563651204816395e+00 -1.168562991256172356e+00 4.982721076400260962e+00
0.000000000000000000e+00 -3.281535122675046434e+00 -9.626856115291366756e-01 2.357267126534068336e+00 -3.466015583980328607e-01 -8.277806030138590287e-02 2.368515086287063642e+00 3.402697215667503272e+00 1.696293181645596393e+00 2.165855980044344431e-01 4.459282453058298401e+00
1.000000000000000000e+00 3.092223224607160148e+00 -2.148069378831398701e-01 4.241108671975574396e+00 3.094349089833985378e+00 5.694540702313392266e+00 1.775583568536720724e+00 5.010620450167037276e+00 7.734794577600676568e-01 -1.916386134619731507e+00 -2.210088721883567420e+00
0.000000000000000000e+00 -2.908187333982967360e+00 -4.194661348477137230e-01 1.585864857733485955e+00 4.810301102151820496e-01 1.437883029391728185e+00 2.970126052579527887e+00 2.834120290301457956e+00 2.097707728734363730e+00 -5.451812977669463489e-01 2.475123113019476850e+00
0.000000000000000000e+00 -1.799703190537303321e+00 2.786205165742071665e-01 3.165425354568836003e+00 1.049940231233128296e+00 4.201445774515035758e-01 2.062495144833180749e+00 3.733013686695330957e+00 2.324368849884816957e+00 -1.723166652983762592e+00 1.883652986462023060e+00
0.000000000000000000e+00 -1.772015976783991587e+00 -1.656789194567913848e+00 2.224630002973851717e+00 8.993752482503155621e-01 1.228819428187404528e+00 1.591601288798581759e+00 1.180335153210593901e+00 2.720178258071626498e+00 -1.139311034678520462e+00 2.473459587120930614e+00
0.000000000000000000e+00 -3.795230432057106640e+00 -1.761472178286809021e+00 -6.600809102216231850e-02 1.498095902839338356e+00 1.051853427250243112e+00 5.202082861204137210e+00 2.399417659104486233e+00 3.586357313295217786e+00 -1.578029045009088582e+00 2.761187417847641878e+00
1.000000000000000000e+00 4.840906224579674344e+00 3.918320341632192116e-01 2.303150983357686421e+00 1.654498245658855504e+00 1.545622245132803663e+00 1.444166586232687566e+00 4.447169996148434556e+00 8.456548422670904230e-01 -1.952103126990601067e+00 8.296092895220770203e-01
1.000000000000000000e+00 4.284599444318009098e+00 9.786903292994785231e-01 4.278516782577144184e+00 2.381655042038119952e+00 2.790023887258618274e+00 2.369182097630705197e+00 3.312523432148080982e+00 1.501879684322137365e+00 -4.713934662720207669e+00 -1.883614658056272706e+00
0.000000000000000000e+00 -4.176577358432897569e+00 3.506118472318474066e-01 3.264388920139247752e+00 8.180008113082511967e-01 1.135329325636259323e+00 2.902888683288524341e+00 3.805629530050072873e+00 1.754802645004691186e+00 -1.799523292306169253e+00 4.333794247531544741e+00
1.000000000000000000e+00 3.437314045750520020e+00 1.382929301422521462e+00 4.754207572927023229e+00 3.716321255337360352e-01 4.626535627649692728e+00 1.631676506192702547e+00 3.030502984904428487e+00 -7.875408350192312223e-01 -2.253849455035382476e+00 -1.053857351405869114e+00
1.000000000000000000e+00 3.722600176539801797e+00 -1.502817378955183081e+00 2.304495453566621777e+00 1.314941276896793632e+00 4.703302075376058156e+00 2.799830004217179535e+00 4.527577327279749930e+00 -9.761067850936950840e-01 -9.681587118066192765e-01 -1.075751891690789774e+00
1.000000000000000000e+00 2.963777528425936669e+00 5.085205398852865599e-01 2.155056715304362935e+00 8.984966486185527179e-01 3.932486113487805746e+00 -1.461024256186200798e-01 5.167842427029344599e+00 5.099851988956329851e-01 -2.945609192298702883e+00 4.597432194351868118e-01
0.000000000000000000e+00 -3.777787267564808094e+00 4.036158523530073983e-01 3.751016759143690038e+00 1.543616421190216137e+00 7.514030583846602607e-01 2.372300548970612155e+00 2.899474072093479737e+00 8.328622111137367057e-01 -1.149557865030248482e-02 4.155377396815006286e+00
0.000000000000000000e+00 -2.170615167385718358e+00 -9.759325438687549426e-01 3.152417711751979823e+00 1.223805234297748123e+00 1.478981201297874470e+00 1.906516422870338179e+00 4.143193716565455986e+00 3.895426236870377146e+00 -6.576412170349835717e-01 4.020609936667528750e+00
0.000000000000000000e+00 -2.996469094858886351e+00 9.890572544915304798e-02 2.219682935649073929e+00 -1.162152497617837232e+00 8.225725028489756507e-01 2.646667399682767208e+00 1.006112121283996519e+00 2.424560183415535697e+00 -1.145909560130915716e+00 3.567855972383895846e+00
0.000000000000000000e+00 -1.987102397141458976e+00 2.199231957694433581e-01 1.301323902051521042e+00 -1.335157096551727873e-01 2.227919489067603287e+00 3.018792149474595732e+00 3.009485865619101919e+00 2.928283171845020405e+00 1.436559057039488163e-02 3.184674594390338065e+00
0.000000000000000000e+00 -1.692347757733928759e+00 7.290699851686623933e-01 2.353952782575575498e+00 1.769095344800450387e-02 1.562924988499794221e+00 3.732080724988636966e+00 4.080725944881740119e+00 4.675827367437102033e-01 -6.430878696717790000e-02 3.533810233526347488e+00
0.000000000000000000e+00 -2.810216481143604561e+00 4.057889671999850290e-01 2.704332400934263969e+00 9.643898128801410286e-01 1.756286775107476883e+00 3.564793533292536676e+00 2.979021164998778559e+00 1.543484639843772488e+00 -2.955411150566427558e+00 2.902193848244472463e+00
1.000000000000000000e+00 3.992587702800887151e+00 -8.544740276469608986e-02 1.961750978477080798e+00 2.341202269704290906e+00 3.785914755455543013e+00 2.809538566674179449e+00 3.884799501310340908e+00 1.466087668103573050e+00 -3.037627056212997889e+00 -8.398802402364449193e-01
1.000000000000000000e+00 4.472621345085431521e+00 -6.559791278404498716e-01 2.698917165159298026e+00 1.444004456404981429e-01 2.955254372441655342e+00 2.314882154134045855e-01 5.548837795075457713e+00 -8.133969828275848801e-01 -3.080094308753451582e+00 5.287926564203546675e-01
