1.000000000000000000e+00 -4.430179177304952809e+00 1.301354729383926268e+00 -5.088638817245619839e-01 -1.766026339709038329e+00 -1.482415400312449671e+00 5.805947680630589858e+00 -5.255459443908216954e+00 2.103375253594669037e+00 5.650315298152097654e+00 -1.416162313412877349e+00
1.000000000000000000e+00 -3.798902295328842715e+00 7.010023808694449965e-01 6.917131615722142968e-01 -2.939680542431786225e+00 -1.624248665266746050e+00 4.252500993512778216e+00 -3.734973546794286836e+00 2.681986213136846153e+00 6.575382048021922721e+00 -7.212234321362647194e-01
0.000000000000000000e+00 3.565010101477319004e+00 3.635587154546462862e+00 -3.917633663677725919e-01 -3.653590722333115437e+00 -1.231912063296184190e+00 1.423483836263198299e+00 -2.080694894371326154e+00 2.852654882915372614e+00 -5.615445522870640360e+00 -7.658436354927183887e-01
1.000000000000000000e+00 -4.411691833845662991e+00 1.219676499630484301e+00 8.246445791693278737e-01 -9.403100068485330532e-01 8.167134408242735510e-01 2.451740689678485019e+00 -4.295167882764727274e+00 3.424933865973973646e-01 5.843771676783962477e+00 -1.965937751920482590e+00
0.000000000000000000e+00 5.429001358098945573e+00 5.614173962988950883e+00 1.969946784918265248e+00 -4.171763706854857645e+00 -1.953782206073139571e+00 6.340296353375208804e-01 -2.479811029317192439e+00 1.043599213751164712e+00 -5.591575959299645682e+00 -7.294189041962551023e-02
1.000000000000000000e+00 -4.756581568874888255e+00 6.855567544941140179e-01 -7.902840802830417566e-01 -1.764290616983888116e+00 -3.266026887747688345e+00 5.170754704682751779e+00 -3.490129997082300761e+00 1.339859072691950370e+00 4.271264206033414723e+00 -3.822220366684712545e+00
0.000000000000000000e+00 3.594396905313542501e+00 4.032127307086931012e+00 1.059241891657298762e+00 -4.276820136313993714e+00 -1.680917708492553508e+00 1.957340490667804911e+00 -2.308919853781016496e+00 7.407261161219582668e-01 -2.999387400006187310e+00 -1.156253453090257954e-01
1.000000000000000000e+00 -5.923834632175937642e+00 -4.299835751290836949e-02 -1.420933763639702807e+00 -2.912988814639955848e+00 -3.017813742334808147e+00 2.370607654427532740e+00 -5.090722524466197108e+00 3.130130746514391049e+00 5.046660475514101130e+00 -1.095592978535020467e+00
0.000000000000000000e+00 6.459517927984114394e+00 4.384803203529750171e+00 -7.745433056521008330e-01 -4.215266860044965647e+00 -8.440417891590343835e-01 4.280852182414758289e-01 -2.453183701563834251e+00 3.100033110261324776e+00 -3.882903403676892129e+00 -4.028033111232089958e-01
1.000000000000000000e+00 -4.075227277310915497e+00 1.517229733551501480e+00 8.299397230212223198e-01 -2.029593518547596176e+00 -3.509183416132180877e+00 5.154122340168300731e+00 -3.724427772441818885e+00 3.144198107788443330e+00 6.347749856457205020e+00 -1.526099994212031463e+00
0.000000000000000000e+00 6.597593250796603748e+00 3.213865023785510200e+00 5.670147330833962274e-01 -5.269078683339364133e+00 -1.064896713030570652e+00 1.823426819423152434e+00 -2.676393585910841644e+00 3.245079096277653896e+00 -4.542099613493961741e+00 -3.000732784549726695e+00
0.000000000000000000e+00 3.864451087274408891e+00 3.626951564858428512e+00 7.358536864279613399e-01 -5.147305141541737683e+00 -1.992504758821982414e-01 2.629569339684254992e+00 -6.803733391019279875e-01 1.077052197699102098e+00 -5.743892378110764696e+00 3.464004120652619534e-01
1.000000000000000000e+00 -4.556839508333064614e+00 2.076052713054376220e+00 5.183693832398068579e-01 -2.612732557349839446e+00 -1.214502050824215695e+00 5.269349280584649797e+00 -4.135087678011685419e+00 3.683503522977978228e+00 3.867515756133913296e+00 -1.190304003015516532e-01
1.000000000000000000e+00 -5.222281706263377288e+00 2.486134152854343693e+00 -3.529091546998122109e-01 -9.402789400097413264e-01 -2.278848226524557319e+00 3.868217709070558730e+00 -3.228961939065299713e+00 3.181066308042876933e-01 4.701263305260476422e+00 -3.217167569353388323e+00
0.000000000000000000e+00 4.689781643441105707e+00 1.941559911555074791e+00 1.955075172165318120e-01 -4.654754558790038743e+00 -3.866535514250473149e+00 2.907624185792919036e+00 -2.007521404593455294e+00 1.429284394952012871e+00 -4.829792504553661381e+00 -2.132115358793287729e+00
0.000000000000000000e+00 3.927559371857648252e+00 4.516602254364565638e+00 -3.550552175800114618e-01 -5.311981246190850214e+00 -1.738098956123737882e+00 7.669982295132482530e-02 -2.495013386045943804e+00 7.549909751203738306e-01 -4.563376729498609841e+00 -1.645873367794623010e-01
1.000000000000000000e+00 -4.296432439788675950e+00 1.086017882937255541e+00 -1.184302667198257053e-01 -3.447164837334988796e+00 -1.650783204076299304e+00 5.285995492438494203e+00 -4.977493612804804179e+00 2.944889198043822098e+00 5.273047370382808907e+00 -6.451170637322450885e-01
0.000000000000000000e+00 4.607378845078112128e+00 4.636076110271982742e+00 4.993856054571481629e-01 -4.936424698518772303e+00 -1.837200774271359638e+00 3.685619647185156555e-01 -2.629061876102331219e+00 1.379893198031740820e+00 -3.224165345718173370e+00 2.314703505706862119e-01
1.000000000000000000e+00 -5.399359080987945703e+00 1.109109798648680867e+00 1.379915730694571963e+00 -1.002264156336881484e+00 -8.887956428459832248e-01 2.848985202453559573e+00 -3.885028287043448714e+00 6.833453417943857744e-01 6.305122405596831570e+00 3.226467630721046032e-01
1.000000000000000000e+00 -5.227754260344992687e+00 7.330526604140301661e-01 1.073188834307681416e+00 -3.083422962613288298e+00 -1.563722499508774400e+00 4.852227197026294903e+00 -4.561371315621149947e+00 1.139101331554186913e+00 6.171744162255341948e+00 -2.351800298247602505e+00
0.000000000000000000e+00 2.866040796553506187e+00 3.173707926401969193e+00 7.158229738172992018e-01 -4.411929052284371267e+00 -1.264163972172301698e+00 2.352607737273273436e+00 3.017401536215973401e-01 4.179634335652625765e+00 -5.170390146458562874e+00 1.099606774667549747e+00
0.000000000000000000e+00 2.442596065438485731e+00 3.572165182108195669e+00 4.758287357354246128e-01 -5.215447981648470233e+00 -2.641364391713464599e+00 7.516873754670649888e-02 -1.785079166706742715e+00 1.077223266692761250e+00 -4.307697451812198430e+00 1.647016539172877270e+00
0.000000000000000000e+00 3.262699654958144180e+00 2.013091601110356343e+00 7.415625439799148344e-01 -5.370570053457162985e+00 -1.951177447209156313e+00 -8.166598499627848451e-01 -6.247341743277115000e-01 9.982403798288442820e-01 -2.625612226244169456e+00 -1.849102900199993904e+00
0.000000000000000000e+00 1.971548224084114231e+00 2.852593215548949956e+00 2.301940635014166348e-01 -5.400147075974167876e+00 -1.759304969545173014e+00 -4.351718702946409945e-01 -2.194693967983847749e+00 3.213996004396926232e-01 -4.292757523979992662e+00 -1.207357014995052769e+00
1.000000000000000000e+00 -5.684359453299119735e+00 1.422609205777394914e+00 7.443501266966431329e-01 -3.955135852095832405e-01 -1.535240058169280220e+00 3.465715741986143072e+00 -4.478164694015828395e+00 1.465938058795832832e+00 3.819723251085843430e+00 -1.363507323853443864e+00
1.000000000000000000e+00 -5.891823279664768265e+00 2.935333434932546615e-01 -1.670784225327596850e+00 -2.488787313641638299e+00 -2.990683946095971990e+00 4.672558201133376166e+00 -3.913552890021133379e+00 6.837714443492213245e-01 4.070460802092167540e+00 4.057608790078326422e-02
1.000000000000000000e+00 -3.724865266569367339e+00 -9.142215590873441489e-01 1.060103414850298131e+00 -2.160914598758797656e+00 -5.422483331854217603e-01 4.601001340526539529e+00 -5.441065313272392068e+00 1.472895632679017686e+00 5.368901905518050022e+00 -8.896934748955851457e-01
0.000000000000000000e+00 4.684752574074812159e+00 4.006306082720515249e+00 1.414208957877422179e+00 -5.267235353800446163e+00 -1.210880747060502971e+00 2.099517698832519041e+00 -3.228756028825258806e+00 2.932502209424862727e+00 -5.166695685991733455e+00 -9.423571387948810330e-01
0.000000000000000000e+00 1.831672803660588489e+00 2.303721841482966326e+00 -9.579757807993045660e-01 -5.529464114536644104e+00 -8.822654461889148925e-01 9.492258443943457635e-02 -1.279820850318517333e+00 -1.209449727451485934e-01 -3.489881070468572322e+00 1.063404490974597882e+00
1.000000000000000000e+00 -5.723766385032696746e+00 1.523627585008902940e+00 -4.508252125040904668e-01 -1.090944611577288281e+00 -1.676524950695655436e+00 5.341585174523999946e+00 -3.576890885559836697e+00 1.130779151040499197e+00 5.778188840663667669e+00 -1.912340612685514696e+00
1.000000000000000000e+00 -4.458044839046298335e+00 1.384038792418939234e+00 6.684462361588315860e-01 -2.213642674181414804e+00 -1.112399785501690275e+00 3.726006833640790994e+00 -5.067220519153706526e+00 1.065218102328439276e+00 3.340989014097710097e+00 -1.363782893942244057e+00
0.000000000000000000e+00 4.322231188257883439e+00 3.468135693335461234e+00 2.104313828671968145e-01 -4.928760684449118301e+00 -2.717672431979351266e+00 3.612888723934426505e-01 -3.148515270701111923e+00 1.996692406814026155e+00 -3.582775690330197271e+00 1.084380258707969391e+00
0.000000000000000000e+00 4.064905123009713073e+00 4.245386087630257599e+00 2.489634620882306582e+00 -3.957404895082969887e+00 -9.117042821200295188e-01 -1.419540264503766025e+00 -1.787789811437584087e+00 2.589696141810602370e+00 -5.263940733151986962e+00 -2.152581108651384412e+00
0.000000000000000000e+00 4.198312048277552222e+00 4.042699576837311071e+00 -1.819257659812252959e+00 -4.752030459725491873e+00 -2.303199190431716392e+00 -2.633663557199827920e-01 -9.386045463233065878e-01 1.959280259184087214e+00 -3.558218932959562153e+00 -4.351070912160781567e-02
0.000000000000000000e+00 6.048434431915795884e+00 3.414648997272732522e+00 1.840023223625422144e-01 -4.241989080056058903e+00 -1.533644325421487764e+00 2.912290990856535089e+00 -2.482664974806959357e+00 1.288912727944487413e+00 -5.299366893692430303e+00 4.916195324635153074e-01
0.000000000000000000e+00 3.529483440519912030e+00 6.207562574261460853e+00 -1.286889145263714118e+00 -5.882534093662594721e+00 -1.184049369133860274e+00 4.529381987048994862e-01 -1.995000123799366643e+00 5.684472447491422109e-01 -5.055764019985451441e+00 -5.134199641850312190e-02
0.000000000000000000e+00 3.521688504488771354e+00 2.495421486884350504e+00 1.870985221460185199e+00 -5.397302044803707233e+00 4.953458405153670085e-01 7.423066450637192393e-01 -1.765373416753321267e+00 9.149314716542134018e-01 -3.746565889249827475e+00 1.048779566127251428e+00
1.000000000000000000e+00 -5.365587229025202021e+00 1.580389337180033493e+00 -6.441118820703073400e-01 -3.063227198341365920e+00 -2.109227128479009394e+00 4.884869540011298028e+00 -2.688800187302610389e+00 3.481018823165794362e+00 3.492800590055237020e+00 -6.649682798579421572e-01
0.000000000000000000e+00 4.212922549665537808e+00 3.753129005132983309e+00 -7.791152335324957878e-03 -4.493009249199225508e+00 -4.563470672697411690e-01 1.211852905599140717e+00 -2.138371575002423697e+00 3.500486292328796267e+00 -4.804592391445301480e+00 -5.531481566834087760e-01
1.000000000000000000e+00 -4.468633040669505618e+00 1.465046298292218996e+00 -9.009315564480246952e-02 -2.338631220589883597e+00 -2.232496679367777404e+00 5.332892329652332286e+00 -4.413356053123597356e+00 2.280025713561789402e+00 5.277341914904606135e+00 -8.508849975379957353e-01
1.000000000000000000e+00 -5.759886269668145431e+00 -8.069869081060909721e-02 -7.934123411205624699e-01 -3.061459733604100730e+00 -4.734633644401984309e-01 5.210823019789785349e+00 -4.573317843068947397e+00 2.756379023880402457e+00 5.064970984508233798e+00 -1.230968395847803265e+00
1.000000000000000000e+00 -3.999545540768694174e+00 4.014344020743916830e-01 1.152490734456436350e+00 -1.279592938337738239e+00 -1.136280105656565009e+00 5.064596525441055874e+00 -5.279225499076391159e+00 8.642733172590448820e-01 6.367308159397307321e+00 1.523650777121465794e-03
0.000000000000000000e+00 4.349216548409591709e+00 5.949271869700348603e+00 -1.308131063889794943e+00 -4.708251323305518987e+00 -6.508794248593112730e-01 -4.824124084920606848e-01 -3.837312088085575112e+00 1.833671498143010892e+00 -4.628650633586980589e+00 -1.602546098681469466e+00
1.000000000000000000e+00 -4.814740214936001017e+00 4.444742060600741507e-01 -1.578687233148920122e+00 -2.643860359409849092e+00 -7.709577204783688575e-01 5.321861128099113714e+00 -4.529929976952535853e+00 1.165903647508932384e-01 3.641116190562878163e+00 -7.926065406285763837e-01
0.000000000000000000e+00 5.969579270770064561e+00 4.724454435292227750e+00 1.446632704916681389e+00 -4.657490076550690361e+00 -2.189182255588304038e+00 6.167771819322567239e-01 -1.084416109374884307e+00 1.824768672190286711e+00 -3.287324485375491712e+00 -3.043879422188029427e-01
0.000000000000000000e+00 1.899255032527172649e+00 3.876675102452547428e+00 8.712395991399155548e-01 -4.955792317339808406e+00 -2.040390440735704303e+00 1.385175059068077585e+00 -1.088743047490035032e+00 1.332992445848836027e+00 -5.526585042728449082e+00 -1.923927981663153819e-02
1.000000000000000000e+00 -6.193587310707359350e+00 -4.964800429586369024e-02 -1.626334242657690998e-01 -3.272539264489336297e+00 -3.322127599763466499e+00 4.804321611356645150e+00 -2.605866976563233184e+00 1.255717340746295596e+00 2.977727301721009301e+00 -5.235648366457370528e-01
1.000000000000000000e+00 -4.547313505221824315e+00 2.530675307596780055e+00 -8.189865992849154619e-02 -1.777318653250577585e+00 -1.420660244359704061e+00 5.185805087226205146e+00 -4.646872240247568620e+00 1.520403491618887548e+00 4.969161502274036302e+00 5.819649384643277301e-02
0.000000000000000000e+00 3.902888810331814007e+00 4.679541396112915308e+00 -4.157038433735743554e-02 -4.864283580401425056e+00 -1.299770429251604575e+00 5.641184739307976148e-01 -1.957135527579544787e+00 1.656443585839990851e+00 -5.428701204812986347e+00 2.738673828719674352e-01
1.000000000000000000e+00 -4.834634927362449375e+00 1.498137086627409964e+00 3.542336948759619020e-01 -2.303267480204203022e+00 -2.440085005271769969e+00 4.428253946723632595e+00 -5.663768080141659667e+00 3.051592582354285543e-01 3.183892973927674674e+00 -7.469232734104842564e-01
0.000000000000000000e+00 4.415880193109685159e+00 3.520675498280062765e+00 5.896721712588903763e-01 -3.712085962028126573e+00 -3.368702283224558336e+00 1.529090412827774248e+00 -2.623170710024889551e+00 1.674532528352759009e-01 -5.491099191006424185e+00 -1.466941217717976365e+00
0.000000000000000000e+00 3.800087647294328352e+00 2.452829016319363564e+00 2.779498058105486780e-01 -6.368357766769859651e+00 -2.046910154006162053e+00 1.329339206015267560e+00 -5.602285990204425303e-01 9.013986895577519309e-01 -2.579650099946773967e+00 -1.038035687408378260e+00
1.000000000000000000e+00 -4.651609220877855222e+00 1.678580910385933933e+00 -9.385777816062801371e-01 -4.062695960370003689e+00 -1.758634513912987751e+00 4.831168747917305772e+00 -4.681194490827047971e+00 1.430511652122876232e+00 3.860173946667406319e+00 -1.030861284544724699e+00
0.000000000000000000e+00 3.852033011185815425e+00 3.312726454763947448e+00 -1.138939629739796677e+00 -5.700333893706519994e+00 -1.049301359968941139e+00 1.291857646605384158e+00 -2.029601774434683037e+00 1.517178702447409711e+00 -4.595740879073381358e+00 -1.856302815373535031e-01
1.000000000000000000e+00 -3.908320823378213404e+00 -6.481684737064044022e-01 7.071162140746859448e-01 -4.148006562670099040e-01 -1.822656125915779857e+00 3.620823955255090709e+00 -5.375785346652842023e+00 9.745544032836254145e-01 2.887596313844327689e+00 -4.873889769875080491e-01
0.000000000000000000e+00 6.377811373599333145e+00 3.179092831499680027e+00 -7.742203537342449149e-01 -3.571700766463933086e+00 -5.940369598916110938e-01 6.912457289711878561e-01 -2.728196123994832689e+00 2.154352831295386128e+00 -5.614747271477591894e+00 -1.776354877644646946e+00
0.000000000000000000e+00 3.979854962780540628e+00 6.108260407883308929e+00 1.074338644445059776e+00 -4.242410437833098236e+00 -2.430115478698696485e+00 9.546625835918725045e-01 -2.338305534904518090e+00 3.250566316383311616e+00 -4.640174314146061185e+00 -1.057960241583897121e+00
0.000000000000000000e+00 4.372774509545512167e+00 2.726236087907015992e+00 -2.418094886814858846e-01 -5.799264320649928806e+00 -1.377581665288736712e+00 1.219172351795212661e+00 -2.849413801424855563e+00 1.527722829334540622e+00 -4.325157724690826377e+00 -9.344358903805514149e-01
1.000000000000000000e+00 -6.300710659642805744e+00 6.984012557804990529e-01 -4.623685189765691650e-01 -1.793294201268973875e+00 -3.160729185327624258e-01 2.327607393575569006e+00 -5.598261260634035175e+00 2.639654656778641417e+00 5.491818667387708075e+00 -2.998658335548867182e+00
0.000000000000000000e+00 4.009977316237158362e+00 4.464406966912060071e+00 2.448187782200066387e-01 -4.171023936643860175e+00 -4.279249522128552030e+00 1.495889837932711020e+00 -2.513666695866587641e+00 7.951379981992341417e-01 -4.367498249688328116e+00 5.352680075746065747e-01
1.000000000000000000e+00 -2.855517289651762880e+00 -2.378685794664097131e-01 1.065656384002225732e+00 -1.514378508885685370e+00 -1.154891281417503635e+00 2.300923227412750016e+00 -4.768225564895123725e+00 1.645840677291370069e+00 5.385179790594061267e+00 -5.482444713481490206e-01
0.000000000000000000e+00 6.193851903485597887e+00 4.861476945716990627e+00 1.121395871487353091e+00 -6.207893139144539774e+00 -3.612711719656569453e-01 1.800772005771869022e+00 -1.802429885032888368e+00 3.948723672838239107e+00 -4.359502366286349684e+00 3.415228899471512980e-01
1.000000000000000000e+00 -6.561709972889170572e+00 1.579535795150805999e+00 1.890248549277845358e-02 -1.415194249051593189e+00 -4.101634074310943845e+00 4.780113508757461105e+00 -4.917232800647028945e+00 1.412378834499345093e+00 3.220778154082468703e+00 -2.376392109467373448e-01
1.000000000000000000e+00 -4.091331956968693007e+00 5.915744747269759962e-01 4.501693902375210055e-01 -1.913058489475456314e+00 1.167256613810085941e-01 2.763841175247556237e+00 -4.695058589688898110e+00 2.800725123891224300e+00 3.898216949607765880e+00 -1.339280914150807522e+00
0.000000000000000000e+00 4.620519803061037045e+00 5.805628277185146402e+00 -3.093541907062450358e-01 -3.633696506027826345e+00 1.340113529822382077e-01 1.959706105838207701e+00 -1.539534583130662604e+00 -1.828051359563209743e-03 -4.960329718955517109e+00 5.871938056063275013e-02
1.000000000000000000e+00 -5.085089044194380570e+00 1.397705432113002466e+00 1.434357277927469809e+00 -2.053098050257967433e+00 -8.434002378355405227e-01 4.512403642378106206e+00 -5.105573889350184302e+00 1.936177854409668830e+00 5.377234586479135103e+00 -2.066434762366480271e+00
1.000000000000000000e+00 -5.171738055133083378e+00 8.211700489341300369e-01 2.529897321057513748e-01 -1.449700114058371181e+00 -2.417988106598351727e+00 3.390986537285456848e+00 -4.776431890566012584e+00 8.072547099232719736e-01 5.811444724567032871e+00 -2.087793974265864883e+00
0.000000000000000000e+00 3.262698504757740370e+00 9.717579173056822839e-01 -7.716607389656200411e-01 -4.081962708850281452e+00 -2.202803468226791850e+00 3.257735598789441855e-01 -1.625242897339830295e+00 1.700207593069051892e+00 -3.535266183897712189e+00 -2.594808711252527544e-02
1.000000000000000000e+00 -3.912713584935974431e+00 6.452601487785747381e-01 -4.846475121848455858e-01 -1.517994705150279566e+00 -7.303343564604367621e-01 5.025488288760298516e+00 -5.237528760202805778e+00 2.176943946902361482e+00 5.197246495208941219e+00 -1.692495104339262424e+00
0.000000000000000000e+00 4.470538573980438635e+00 4.094404402071907256e+00 -1.189428652438277112e+00 -5.476048196868703144e+00 -2.405208207567242518e+00 1.737473663913130295e+00 -1.583921507914330284e+00 3.080183423061221948e+00 -3.845408432885326633e+00 -1.593259941413281089e+00
0.000000000000000000e+00 3.884493849152268030e+00 3.914820958926475303e+00 -1.913673846520146937e-01 -4.916303419643212713e+00 -1.769794516256052219e+00 1.720480523197484457e+00 -9.719344887803504918e-02 2.683416922366733903e+00 -2.131655923095664651e+00 1.066637850482393679e+00
1.000000000000000000e+00 -4.534472447736598077e+00 7.963260779375036513e-02 5.539139262408451225e-01 -1.922440034689393507e+00 -5.435698464295368737e-02 4.587655543320163787e+00 -4.253305866319645467e+00 1.955255364845970290e+00 7.396113289243383626e+00 -3.791765497575931843e-01
0.000000000000000000e+00 3.677389110493586966e+00 3.923056291144326746e+00 7.458174034872909752e-01 -2.996726454978062115e+00 -4.728517256618585130e-01 1.421456185840026309e+00 -1.047635810129889933e-01 1.630043687111467632e+00 -5.650440458791914367e+00 -9.995663806477452784e-01
1.000000000000000000e+00 -4.507222712539600273e+00 9.046757654833292861e-02 5.283050368873016822e-01 -3.541707332123031904e+00 -1.939897681401874463e+00 4.610354867309418125e+00 -5.085948981507632638e+00 3.825421603802338755e+00 4.312641047659535154e+00 -2.346539794501407705e+00
1.000000000000000000e+00 -4.391410574253741039e+00 6.693048528057418123e-01 1.293304897813774890e+00 -1.916187196575124485e+00 -1.180330816054113052e+00 4.767166104931664705e+00 -5.366248797173455820e+00 1.503093964031882557e+00 4.395474472382533193e+00 -2.296647400225594104e+00
0.000000000000000000e+00 4.171801498895105986e+00 1.639425875619347384e+00 -2.236137126684347720e+00 -5.299153969846684298e+00 -2.283639826586596477e+00 1.621564385794001861e+00 -1.691530011232876829e+00 1.884908911724621605e+00 -4.995243890909061513e+00 -2.537713274177946787e-01
1.000000000000000000e+00 -3.689161324293271704e+00 -8.776371566371876654e-01 1.664061110273818977e+00 -3.229537899050328953e+00 -1.340882400566619337e+00 3.998441050267955710e+00 -4.612473834021314723e+00 3.474496133478562676e+00 7.935732171405298629e+00 -1.094548471939202017e+00
0.000000000000000000e+00 5.261696427410042176e+00 3.371517289693628516e+00 6.714740666731432439e-01 -2.340592505489503594e+00 -2.470863160928561175e+00 1.579585779106329246e+00 -1.900494039037828431e+00 9.198200069208908314e-01 -4.700203525241809288e+00 -5.077353223044819286e-01
1.000000000000000000e+00 -5.666068148226603540e+00 -6.000090242555686793e-01 -9.385051682027767406e-01 -1.499242623585882228e+00 -2.056965537468610883e+00 5.278662419463626243e+00 -4.365950448986868793e+00 8.383114337750388056e-01 5.536589092288132008e+00 -2.382525514787153131e+00
1.000000000000000000e+00 -5.587730328292990656e+00 3.043817038938677055e-01 1.963129742058451921e+00 -2.128535759467444777e+00 -1.362721362710321849e+00 5.130048668200286599e+00 -2.369811137056787143e+00 7.244279081598570258e-01 2.783196355202884664e+00 -8.221504586168982831e-01
1.000000000000000000e+00 -5.381585017718182762e+00 -1.229169308974704666e-01 -6.622124055577274238e-01 -7.402133451027432809e-01 -2.202271469542164795e+00 3.184218753924185297e+00 -3.354722412568736267e+00 8.783709344265907548e-01 4.892559787228750956e+00 -2.371525146214968682e+00
1.000000000000000000e+00 -4.838954263528577826e+00 9.941654844235743305e-01 1.048831087635750503e+00 -2.614584441270424886e+00 -1.447999448580317594e+00 4.735845715595406347e+00 -4.990152121340775793e+00 2.244732321616869530e+00 4.953844815578262839e+00 -2.261761301620519582e+00
0.000000000000000000e+00 5.529817653086214868e+00 4.190508385251123791e+00 7.589431732155369481e-01 -5.990231478924319397e+00 -1.725984116449108319e+00 -6.802992456110046327e-03 -2.040739814809640063e-01 1.048471652500552409e+00 -4.699390606599648024e+00 2.217529974388452452e-01
0.000000000000000000e+00 5.098819151319360365e+00 4.996094017547485500e+00 2.824564721481667706e-01 -4.143734460405655184e+00 -2.145635484353080713e+00 -8.597347241417097052e-02 -1.494087566939023670e+00 3.017182633159571914e+00 -2.247085922763929489e+00 4.740326487326904648e-01
0.000000000000000000e+00 4.390307830263886046e+00 1.575417601296589254e+00 -7.389475985644877731e-01 -4.011468288816198324e+00 -1.801748144431612131e+00 8.438775250651648907e-01 -1.240125964145487369e+00 2.351043208990936328e+00 -3.184899211094029070e+00 -2.813562531169293002e-01
0.000000000000000000e+00 4.397209045808715189e+00 4.521285556645198156e+00 -2.134274884292850949e+00 -4.498388260086247037e+00 -2.148371248492573660e+00 9.538122026758388827e-01 -2.621709938230403658e+00 1.339257647304084475e+00 -4.108621403347307854e+00 -8.537624983360412312e-01
1.000000000000000000e+00 -4.736305256264097707e+00 -1.145864710470820391e+00 -9.678301901471175750e-01 -2.043550216350910276e+00 -2.779582767077116046e+00 4.927789722870618228e+00 -4.570204936482697100e+00 1.736270499427676528e+00 4.870298893540421226e+00 -5.480282607216188095e-01
0.000000000000000000e+00 5.461631092096035367e+00 4.416301473671530253e+00 -2.374970949989548274e-01 -4.998996206988351787e+00 -1.077704226898181350e+00 5.288468802231092170e-01 -3.187731786488363639e+00 2.418358572417210084e+00 -5.513436396892260838e+00 -8.524758890725223637e-01
1.000000000000000000e+00 -5.377705810642189554e+00 -3.107002553631359465e-01 1.671059813084252887e+00 -1.958020842751635682e+00 -1.624726554745577367e+00 4.339098943737324632e+00 -6.007104751496767037e+00 9.685866693481108847e-01 4.668442440498190571e+00 -2.134539123067913380e+00
0.000000000000000000e+00 5.496202107755996380e+00 3.652138817209620303e+00 -4.867590643925945870e-01 -3.645152601912342583e+00 -3.402783746887828364e+00 -2.532786452590493287e+00 -1.542216913022242952e-01 1.701331516142002620e+00 -4.619544021912832754e+00 -1.228197130279663485e+00
0.000000000000000000e+00 5.164361913850737729e+00 5.025942440118123855e+00 -2.889405587253423224e+00 -6.203703541705431590e+00 -2.497543701042016728e+00 4.721818332624945214e-01 -2.786991305526183016e+00 1.132302026880028567e+00 -2.633147069533524398e+00 -1.347987266340625379e+00
0.000000000000000000e+00 2.829631832650097323e+00 4.179171577411731064e+00 -7.668718844058753925e-01 -3.952349982674986162e+00 -4.660250309006044311e-01 1.047959633956712100e+00 -4.678441557156982178e+00 2.295801968057245901e+00 -7.612044065343269494e+00 1.606168416024352563e+00
1.000000000000000000e+00 -2.809138081484134908e+00 -2.152445695218996313e-02 7.479761123675722212e-01 -1.929593690278068374e+00 -1.281417890514661373e+00 3.679865447773253528e+00 -5.028962389592749993e+00 2.880946047916830288e+00 5.364325160586872698e+00 -4.981221102540636103e-01
1.000000000000000000e+00 -3.092638134757126345e+00 2.302436447985409362e+00 1.239406298615384650e+00 -1.967555972315915280e+00 -9.557635727528210889e-01 4.994202991416370807e+00 -5.098350275271976706e+00 1.787875313574974534e+00 4.911468459637283956e+00 -1.056898861788773125e+00
1.000000000000000000e+00 -5.974975939172309403e+00 -2.050601819535424752e-01 -1.197719429819785075e+00 -1.748041154185440815e+00 -3.624392869703111586e+00 3.763079856179496918e+00 -3.751016582669438826e+00 2.700544735673101382e+00 4.460246765724013684e+00 -8.978204940489235009e-01
1.000000000000000000e+00 -4.658387458409215753e+00 3.476378140608702982e-01 1.569235853065063413e+00 -8.085417591299612905e-01 -1.696466182820519419e+00 3.994319167383969749e+00 -2.617638681874565609e+00 2.956794876890635138e+00 5.567534576874619390e+00 -1.542330433190520100e+00
1.000000000000000000e+00 -4.350845697772820486e+00 1.562771898632850931e+00 3.090313638468403790e-01 -2.038367267480355682e+00 -6.876015707479414818e-01 2.187515328085761546e+00 -4.866673868594581620e+00 1.325704980122919485e+00 4.046326620652322958e+00 -1.098585011500912811e+00
0.000000000000000000e+00 3.179261666179458601e+00 2.491982899483453640e+00 7.576078529256623506e-01 -5.558950855452501116e+00 -1.525762765211241323e+00 1.265379365311831483e+00 -1.992537457620730645e+00 1.729383866242710566e+00 -4.194760501815916420e+00 2.840878151801276008e-01
1.000000000000000000e+00 -4.051518542549823465e+00 -4.550955366104334487e-01 -4.865585155975306053e-01 -1.494312380486729097e+00 -3.267124256427466289e+00 2.780950120832104133e+00 -4.487502180204741009e+00 2.507829347576928214e+00 7.162769635096283061e+00 -8.462513846845418630e-01
1.000000000000000000e+00 -5.859025644682493095e+00 1.769831813541570265e+00 -2.366879999445443694e-01 -2.465363513725830735e+00 -1.737831922586706268e+00 6.072131982467696254e+00 -3.655739160866764426e+00 1.828456145635086738e+00 3.817599047244510047e+00 -1.417341089059831472e+00
