0.000000000000000000e+00 5.745391061784852482e+00 3.688946774133479600e+00 1.379240006922148876e-01 -8.976114357732116744e+00 9.035954603086585379e+00 -3.050437152922210515e+00 -3.659892516879508229e+00 8.890283688730420408e+00 1.286324858226920886e+00 -7.035528256223645194e+00
1.000000000000000000e+00 1.782201472852825486e+00 -4.898474647552028216e+00 6.738310804252170882e+00 6.986354364425753083e+00 3.487455392367044382e+00 7.433357986737073375e+00 -3.226898432708386277e+00 2.612442460327319527e+00 -6.608005119272583272e+00 2.336662547211068031e+00
1.000000000000000000e+00 1.215878829216002321e+00 -2.922530892818440584e+00 9.880280525549393289e+00 5.484524917263090771e+00 3.425467601506000381e+00 4.731204991119815517e+00 -5.474088449844082049e+00 2.170295543912806657e+00 -6.996025478489811711e+00 2.801148940157029976e+00
1.000000000000000000e+00 1.179954424915575562e+00 -6.221829756688819657e+00 8.651182761050666414e+00 6.066149451917619118e+00 2.502570204288414146e+00 5.955094794399986569e+00 -3.996097289478760306e+00 4.045288413400591310e+00 -7.242661544370947446e+00 2.570057768395881403e+00
1.000000000000000000e+00 -2.868127939136622118e-02 -3.630342044605392893e+00 8.000537194537098884e+00 4.886718786871734110e+00 4.176715604021239869e+00 5.786054965888241419e+00 -4.512542805897014730e+00 3.302488824280794155e+00 -7.035821580660761576e+00 2.212700992993166249e+00
0.000000000000000000e+00 3.763129102437482665e+00 5.264123933863768201e+00 1.880018839576244938e+00 -7.735626577272496363e+00 9.002657902472314788e+00 -3.212772045515705166e+00 -3.460973282022207442e+00 6.959297246730734798e+00 1.446629499869229063e+00 -7.496731006427314270e+00
1.000000000000000000e+00 2.633816140274126916e+00 -3.802208951718264007e+00 9.132585142353653040e+00 5.913576146436278158e+00 3.219329253640195176e+00 5.487752147715453610e+00 -4.531171824403559256e+00 2.996102902565590309e+00 -6.770342885413792366e+00 2.930706877918277442e+00
0.000000000000000000e+00 5.504009640130387737e+00 5.056421393600441405e+00 6.374413249406729598e-01 -7.175252555759007222e+00 8.755261783889690008e+00 -1.863137128119258135e+00 -4.114853226168900591e+00 8.568608049356333467e+00 5.546708548318448617e-01 -7.986468182845278818e+00
1.000000000000000000e+00 9.884390192443210932e-01 -4.164964394776611734e+00 9.881422913799612573e+00 6.591987814638047283e+00 3.097280177488492381e+00 5.687767512563967287e+00 -3.799194672312845800e+00 4.171164001582191361e+00 -6.218070309064304801e+00 1.051876966704038630e+00
0.000000000000000000e+00 4.626566760335022011e+00 4.295574582029868083e+00 3.432178172289614970e-01 -7.856565974499376992e+00 8.630684754829424321e+00 -2.134976567998572161e+00 -4.175937556666962536e+00 9.041160393069523238e+00 2.208549742289684481e+00 -7.580933093533063882e+00
1.000000000000000000e+00 1.591236524581231215e+00 -5.036599174859865968e+00 8.999727101722672984e+00 5.275170976135305168e+00 2.709075546684180047e+00 4.593992342100502668e+00 -4.032525433018844474e+00 3.180994795949691589e+00 -7.196629894297382535e+00 1.791859104146452886e+00
0.000000000000000000e+00 5.042958135030612077e+00 3.428108569403243600e+00 3.287041818743589583e-01 -7.902209795207313370e+00 8.752055358227170956e+00 -1.453397894794942857e+00 -4.070220749887685230e+00 6.988107045342337287e+00 1.093687859790415384e-01 -6.594967712245728642e+00
0.000000000000000000e+00 6.138952047801251588e+00 4.481849323434007992e+00 8.871341275996150744e-01 -8.496963975721872231e+00 7.997496082801379913e+00 -3.178925034494175517e+00 -4.319553664428338990e+00 9.094238652546245305e+00 1.713553968638059866e+00 -5.455822319433564438e+00
0.000000000000000000e+00 4.236239964571846706e+00 3.271616730125625594e+00 1.795577196905238093e-01 -7.854210455474419206e+00 9.849055738696213425e+00 -1.172039933483862484e+00 -3.951098544161054882e+00 8.445623362192847594e+00 1.987035391704682130e+00 -8.403495858195777046e+00
1.000000000000000000e+00 1.323297688827816732e+00 -4.575221591645346031e+00 9.504047627391038588e+00 7.194318220693685539e+00 3.396564954534169622e+00 6.284639315698242079e+00 -3.582212482586319524e+00 2.364785558660965847e+00 -6.492037763375679837e+00 1.103653962726407478e+00
1.000000000000000000e+00 1.702568267057112728e+00 -5.034035944476540791e+00 1.109243108685933699e+01 4.406431188909576413e+00 3.798997257515272619e+00 5.746296869201581892e+00 -4.658565037833510836e+00 3.747112179157743750e+00 -6.484236961378281983e+00 2.769875316775524343e+00
0.000000000000000000e+00 5.277167825588588990e+00 4.460965653526310248e+00 6.021649400895974225e-01 -7.446233524506422619e+00 7.655475350143581714e+00 -1.398036237668642379e+00 -3.281702168285576704e+00 7.792300642393887422e+00 9.014791697529549452e-01 -8.211302184993007458e+00
0.000000000000000000e+00 4.884170023042698539e+00 4.347322340409782271e+00 1.452637237780594059e-01 -7.992569988536120107e+00 9.579829937646739069e+00 -2.356825495587222541e+00 -4.199429253923235628e+00 8.701287492262904877e+00 4.642594486777331664e-01 -7.588333777907026345e+00
1.000000000000000000e+00 2.348083160533068536e+00 -3.691474555569842053e+00 9.760807216621593341e+00 6.428893649588252934e+00 5.368790608324725433e+00 5.804736193837468861e+00 -3.277443116290648994e+00 3.769616495554426017e+00 -5.772016033199496299e+00 2.317247338677062007e+00
0.000000000000000000e+00 4.907633772881631273e+00 2.928194737739435283e+00 1.130202483571273619e+00 -7.733073141505275139e+00 9.082466953220938777e+00 -2.486474056675020528e+00 -2.984183924879371563e+00 8.088584987203056187e+00 6.724702901619765694e-01 -8.734734373836840149e+00
0.000000000000000000e+00 4.772008050498826925e+00 4.939406703536263876e+00 2.755364277641281223e-01 -8.705693167090197804e+00 9.105859036094601677e+00 -3.335197699927714865e+00 -3.286607674531137668e+00 8.249549461364781067e+00 1.637321798315506394e+00 -7.432460332749969645e+00
1.000000000000000000e+00 2.372875977978426754e+00 -5.968767541710241709e+00 8.935568849476384301e+00 7.164779068691222719e+00 4.211290654857143601e+00 6.200507885212088510e+00 -3.322309428804039566e+00 3.309007309124242457e+00 -5.993705228044233557e+00 1.273096767896921611e+00
1.000000000000000000e+00 1.379727327402747949e+00 -5.013634776973940888e+00 9.848418286702994351e+00 4.614928221861037017e+00 3.244795831552246490e+00 6.222880520995146547e+00 -3.930913628810410287e+00 3.216389423556622607e+00 -7.273377503671415667e+00 1.462279205923411540e+00
1.000000000000000000e+00 2.806143848867041157e+00 -3.679011861473203915e+00 8.784741429569059790e+00 6.593998926349366130e+00 3.351998707637379837e+00 4.451971348252000027e+00 -3.353997972024818530e+00 3.727767695008072035e+00 -6.778497210404315076e+00 1.959131507560842422e+00
0.000000000000000000e+00 4.360465323970164064e+00 5.738225576938363659e+00 -1.058417138799058188e-01 -8.080195628431845023e+00 9.151097885538309384e+00 -1.896322435251491800e+00 -3.614909512595363417e+00 7.877699853618727488e+00 1.286625716117259843e+00 -7.667454811937054693e+00
1.000000000000000000e+00 2.289052785334706019e+00 -4.205834941135746519e+00 1.163849192039824310e+01 5.660893844957666232e+00 3.651744144482362397e+00 7.404963312327196512e+00 -4.896619150079871474e+00 4.354418838279322301e+00 -6.627335431625189344e+00 2.721205222971303517e+00
1.000000000000000000e+00 4.457606615312474929e-01 -3.329297412215678875e+00 8.584678150697691024e+00 5.511699904569706376e+00 5.067140878215950828e+00 5.766188861041912084e+00 -4.562489098241303331e+00 2.804324571056283855e+00 -5.253164473611992236e+00 2.721945926163322760e+00
1.000000000000000000e+00 2.244841297693880744e+00 -4.114839937167023010e+00 1.013675458647886174e+01 6.191672230472078375e+00 3.753556652469235200e+00 6.151421069032091182e+00 -4.108960489921966719e+00 3.393423992265452771e+00 -5.368896318437835546e+00 2.541094343404599609e+00
1.000000000000000000e+00 9.537468833528536249e-01 -3.904531084470486135e+00 1.078854447685951357e+01 5.703561587591739368e+00 2.529332322063687410e+00 7.229025873886823383e+00 -3.710516036023879582e+00 2.535150294925393677e+00 -6.589700960904464111e+00 2.126490945949917055e+00
1.000000000000000000e+00 1.825118068671489402e+00 -4.686138390715647972e+00 8.540330926045042403e+00 5.829934486646729752e+00 1.446229448973950227e+00 6.930135102699854777e+00 -4.987190303960881366e+00 2.454185144718817657e+00 -6.981701914898088113e+00 2.817505722090325904e+00
1.000000000000000000e+00 8.317512948642755699e-01 -5.446282492601906000e+00 7.910104485229778604e+00 5.356545291280140120e+00 3.829932741508204064e+00 6.941050681621709018e+00 -3.008093129933500975e+00 2.177757443311492569e+00 -5.729685080588628132e+00 3.108526439404747599e+00
1.000000000000000000e+00 1.623992036530521155e+00 -5.374061284348361056e+00 9.047567247007190616e+00 5.522523916969498181e+00 4.160787075142374114e+00 7.155245300228401106e+00 -3.131232451554847529e+00 3.775129739547096186e+00 -6.814394746157632632e+00 1.282250860572340390e+00
1.000000000000000000e+00 2.427549059164743284e+00 -5.016597387250707918e+00 6.620965526525283806e+00 6.362193136009307359e+00 3.583154078367678963e+00 7.239706429532246190e+00 -4.245713067366395421e+00 3.709991275489594287e+00 -6.693329910093763324e+00 1.518254867511537931e+00
1.000000000000000000e+00 2.225686333246354121e+00 -4.378642209379162153e+00 9.007494073284018299e+00 5.442676273151099586e+00 3.798131704027646549e+00 6.637119760734683460e+00 -4.323832141515827843e+00 1.416877462870501647e+00 -6.345493761241159270e+00 3.266157224576428764e+00
0.000000000000000000e+00 5.383131936576180721e+00 4.876514827914629535e+00 -5.649001670904790773e-01 -7.384742758659239570e+00 8.418935442193948404e+00 -3.102922748285707577e+00 -3.670957987902569997e+00 1.027684970025153177e+01 2.363797978413863632e+00 -7.461853168199188424e+00
0.000000000000000000e+00 5.574042504065670478e+00 4.164316384092654033e+00 7.327270062984369003e-01 -8.010791518330201200e+00 8.161192955590998110e+00 -4.045830300722715656e+00 -4.400538074299712221e+00 8.415149031118318135e+00 5.544003041711698110e-01 -7.322920198789699242e+00
1.000000000000000000e+00 9.303671790022871591e-02 -5.840469174380721107e+00 8.943015164002433792e+00 5.736397297605925871e+00 2.548223049064976209e+00 4.415529550556605010e+00 -5.255050556876450507e+00 2.560192930090464003e+00 -7.724485033531254707e+00 2.978386667372872054e+00
0.000000000000000000e+00 4.698556765785364853e+00 4.297229391171612178e+00 3.338917115810694503e-01 -7.916339289296638881e+00 8.265569716178058357e+00 -2.592471365890174351e+00 -2.997451903613053137e+00 8.872167900152268416e+00 4.582798762009416826e-01 -7.387443119811474723e+00
0.000000000000000000e+00 5.538836689905683563e+00 3.879077755742863953e+00 1.055012477317658792e+00 -7.924884564275147092e+00 8.941234197435491637e+00 -1.434102369613213357e+00 -3.027405209869396430e+00 9.936868535727880314e+00 4.013158558393439268e-01 -8.009901767437980880e+00
1.000000000000000000e+00 2.304872165044779209e+00 -4.938638330880122496e+00 8.877181564976639905e+00 6.517980218152069405e+00 4.353912942038424383e+00 6.084732863747025711e+00 -5.001162016750766881e+00 2.631599009198017036e+00 -5.959919123240036143e+00 1.719101523825165012e+00
0.000000000000000000e+00 5.924243790514449159e+00 4.099576066997038915e+00 3.467068293717948113e-01 -8.058926534043012069e+00 8.001551883589101521e+00 -1.423138892314006032e+00 -2.477484276757420556e+00 8.587373229702480515e+00 1.820853711036104272e+00 -7.459362960823810340e+00
0.000000000000000000e+00 4.600162154564925387e+00 4.190134785162403119e+00 1.519281696445237140e+00 -7.762265489349682746e+00 9.474605000000435595e+00 -3.262156511963873573e+00 -3.037346790202802183e+00 8.442116557423865686e+00 6.409151197247782150e-01 -6.987066825450098051e+00
1.000000000000000000e+00 2.342778349261415816e+00 -4.002058653495161877e+00 1.053179532782587202e+01 7.709253565995677349e+00 3.167664326225847926e+00 6.226603843157583640e+00 -4.414684366843050434e+00 2.778457903434523590e+00 -7.336303882301288937e+00 1.907146640566609319e+00
1.000000000000000000e+00 2.132994650091563749e+00 -4.423943782265684632e+00 8.849870645044896733e+00 5.472396223852611818e+00 3.938623734796491416e+00 6.657097571450652396e+00 -2.440168290265439133e+00 2.846446903741725265e+00 -5.966168768677906797e+00 4.396985535149052993e+00
1.000000000000000000e+00 -2.175948762587198715e-02 -4.813758952538654157e+00 7.025445278250796122e+00 4.700491013673681273e+00 3.587793891698889848e+00 6.480120488846405458e+00 -4.287909575779704774e+00 5.030799280432776577e+00 -5.840782798765848938e+00 2.378874906147877777e+00
0.000000000000000000e+00 3.751016787010206244e+00 3.497547275176062342e+00 -6.780612646327647264e-01 -9.584559989530362145e+00 8.723041715931271867e+00 -4.301034608640097900e+00 -3.298923244328495041e+00 8.439411332791022957e+00 1.581132153057954515e+00 -7.349021144942663675e+00
1.000000000000000000e+00 1.806822004194287956e+00 -4.137431749894929567e+00 7.709252274324393639e+00 5.964870182259900844e+00 1.579647196526486441e+00 5.358430848293099125e+00 -3.919358071661465548e+00 3.229747010861889311e+00 -7.043896863797918684e+00 1.532146142692968560e+00
0.000000000000000000e+00 5.683557414299414745e+00 5.115167987042652520e+00 -6.494964501381446098e-01 -6.978680256374675039e+00 8.788121218920890598e+00 -1.848341410542485352e+00 -1.709703766676043957e+00 7.520903658925206514e+00 -9.256825018129313243e-01 -8.375409120508576777e+00
0.000000000000000000e+00 5.112824493094793254e+00 3.861426858085686753e+00 -5.086369242967744841e-02 -6.517848169743722053e+00 7.121582752260272819e+00 -3.696593324642877043e+00 -2.982329553917709042e+00 9.911307118782808345e+00 2.065226357104918531e+00 -7.242061155109422721e+00
0.000000000000000000e+00 5.813084588823189236e+00 4.480403857989469607e+00 -1.031155688564126205e+00 -8.970060062950583557e+00 6.393472852664626060e+00 -2.849665994016111092e+00 -3.253970406660387393e+00 9.089417057022261659e+00 8.892658190082478598e-01 -6.313826907703398383e+00
1.000000000000000000e+00 1.754492258262003279e+00 -3.955623928077562468e+00 8.387808525488031464e+00 5.438987902288099363e+00 2.907392003112467371e+00 6.008370882940030633e+00 -3.676404179778166359e+00 3.340294047486105811e+00 -6.447021457768907560e+00 1.483282729934757072e+00
1.000000000000000000e+00 1.270321681829021054e+00 -4.484193142399371723e+00 9.080866142704463684e+00 4.575408106356391613e+00 4.657056863891448906e+00 5.931515637832912802e+00 -4.682259903025729919e+00 2.879485092608223162e+00 -6.906231230272316779e+00 3.625487810493378760e+00
1.000000000000000000e+00 1.199902909935636419e+00 -4.935114430325385548e+00 8.324442015734247136e+00 4.074522264601527333e+00 3.660473351915888518e+00 6.507912258235861280e+00 -4.370339345310692458e+00 1.208482993586087240e+00 -6.230858588499218698e+00 2.863753869668467011e+00
0.000000000000000000e+00 4.731010199567430519e+00 4.909004024954152001e+00 1.100515792055692721e+00 -8.678124763066973557e+00 9.235704684005154874e+00 -2.547562399727567151e+00 -4.387926726351377482e+00 7.671877268856066578e+00 3.371295430372334145e+00 -8.592905082471350653e+00
0.000000000000000000e+00 3.611079357528366174e+00 5.454493414582985977e+00 7.558582140300076357e-01 -8.036520192659477146e+00 9.003626794253452914e+00 -2.189290300227978658e+00 -1.486628339080193761e+00 9.864135138456747498e+00 1.542731287720338074e+00 -7.786678845816433103e+00
0.000000000000000000e+00 4.551267858494574270e+00 4.888205798545287806e+00 6.668523574048481617e-01 -9.802810155709455131e+00 7.745515293955092417e+00 -3.202188263270737245e+00 -3.581736858786437327e+00 7.949562711249937408e+00 2.367412802934071081e+00 -8.423153371184303850e+00
0.000000000000000000e+00 4.612313636249131932e+00 4.085512425900514444e+00 -4.091674699411081972e-01 -8.432355110406918541e+00 8.917676647034964432e+00 -1.481859606788207273e+00 -2.465701058951236480e+00 9.670666955551435962e+00 2.716941868057640708e-01 -7.182069331807426238e+00
0.000000000000000000e+00 4.860311437702113047e+00 3.211516846095002986e+00 -1.389158899385760648e+00 -7.142693598134890465e+00 9.433906370956268717e+00 -2.262241671466526327e+00 -3.604014073759507220e+00 8.924699702026083870e+00 1.510315105045993533e+00 -7.114797994419284066e+00
1.000000000000000000e+00 3.600720847351740694e+00 -4.606374272860674246e+00 7.604363773606689136e+00 6.799846620806484943e+00 3.204502757112338784e+00 6.368387308758572729e+00 -4.133939603529810825e+00 5.093801267973884883e+00 -6.254992657575606074e+00 1.783846590311196190e+00
0.000000000000000000e+00 5.005744850572992455e+00 4.404402504483702963e+00 -7.913441386671343780e-02 -8.217841992442078691e+00 8.357773182815284585e+00 -3.056587913317301286e+00 -2.450950973437063141e+00 8.355605929087044359e+00 3.019409894165105079e+00 -6.333126202515858338e+00
0.000000000000000000e+00 5.290995615605364577e+00 4.161963438212692878e+00 1.366160782590783107e+00 -8.453990423365247864e+00 7.277884610313067881e+00 -2.074873072726902912e+00 -2.803166510877453721e+00 7.899735131842652081e+00 1.036705872852343280e+00 -6.953930312401562119e+00
0.000000000000000000e+00 4.921920599095438220e+00 3.124289720907266421e+00 4.898653191597422407e-01 -8.195954804192153276e+00 9.188767854026707482e+00 -3.086925300010606499e+00 -4.868309638239416870e+00 8.117051174860748119e+00 1.412078824855905967e+00 -6.392925090993968773e+00
0.000000000000000000e+00 5.285799458567649545e+00 3.977650246223809472e+00 2.957805429648600049e-01 -7.327405896725434076e+00 8.951258871341609691e+00 -3.198207106820974754e+00 -3.281504055185098245e+00 7.936554225885861236e+00 -5.429080370437544545e-01 -6.294686066223549759e+00
0.000000000000000000e+00 4.741611529205392195e+00 3.478709226883861305e+00 2.029479955686374348e-01 -8.068281594157532766e+00 1.005894427523253931e+01 -1.988230605033056264e+00 -3.141608449451589902e+00 7.076554854194180955e+00 1.253362830911696424e+00 -7.738460494028057468e+00
0.000000000000000000e+00 4.269278252844133092e+00 4.522928494397986832e+00 -1.348305395011589192e-01 -6.932141355147683370e+00 1.007902389855040859e+01 -3.257371231948794410e+00 -2.370639524774306395e+00 8.084634834487623323e+00 2.531554533855253197e+00 -6.835877301680695517e+00
0.000000000000000000e+00 4.561407967890272808e+00 5.965099175033998335e+00 -1.616951445104583551e-01 -6.836566234636667794e+00 7.789056722001860500e+00 -2.538924757293562706e+00 -3.234167705687438943e+00 7.588397388689480216e+00 2.825137373855229228e+00 -8.422731850545662979e+00
1.000000000000000000e+00 2.464161392618134272e+00 -4.730313140321184662e+00 8.193818847482873480e+00 6.404759140460992484e+00 2.463145309385502468e+00 5.230975029003923638e+00 -4.223467861873826834e+00 2.147996534213814535e+00 -6.524122094658880044e+00 1.012703094953182337e+00
0.000000000000000000e+00 6.177400087577096244e+00 4.684781219848944467e+00 -2.528122501850701975e-01 -9.104354618162197710e+00 8.288221874855407734e+00 -3.334168723141395674e+00 -2.215463814366466888e+00 1.002878868686856251e+01 1.589227229098313598e+00 -8.829503572422687796e+00
0.000000000000000000e+00 4.044807197281174993e+00 7.009261284431848260e+00 -8.396233175107961078e-01 -7.351235247128704131e+00 8.152315943402895115e+00 -3.005145147152829654e+00 -5.127549694512371303e+00 9.163988349856971638e+00 2.926727639224417032e+00 -6.946595392560666049e+00
0.000000000000000000e+00 5.226354542701232120e+00 4.156609589868786259e+00 -2.161995507450326093e-02 -9.214661232156847959e+00 8.688552216910485626e+00 -3.786209107865925905e+00 -4.762598208383517218e+00 8.048125344454145846e+00 1.153254132631670092e+00 -7.519125901322240679e+00
0.000000000000000000e+00 3.967851201658314952e+00 4.654407528354719048e+00 4.600219721857666255e-01 -7.062027958459610844e+00 7.522572814296347055e+00 -1.994013977752241651e+00 -3.124950229869866813e+00 8.631151169012500901e+00 7.410256496088798439e-01 -1.018148480816242518e+01
1.000000000000000000e+00 -1.383220201089563339e-01 -4.523648977537067850e+00 1.007394427685605010e+01 4.826269083589784792e+00 2.628158161142391869e+00 5.809760780642668543e+00 -4.296363388095963742e+00 4.522106367039530284e+00 -6.510491559193414268e+00 3.523067540196833214e+00
0.000000000000000000e+00 5.937394882290916165e+00 3.650557837421680496e+00 9.110713839338072662e-01 -8.642763083102536825e+00 8.274915187889980928e+00 -3.192428671343333857e+00 -3.346030913970751364e+00 7.147835205126913394e+00 1.137103176103094526e+00 -7.907477714125947799e+00
0.000000000000000000e+00 4.094219330593105610e+00 3.092675329242438931e+00 8.915935551964910832e-01 -8.966318783432974726e+00 8.356724004740176071e+00 -3.677578827754163893e+00 -1.845375130141509334e+00 8.566784184814244085e+00 2.070883277338209094e+00 -7.360226412525138429e+00
1.000000000000000000e+00 1.563093079797243767e+00 -4.968408987109656394e+00 7.945841276810098108e+00 6.214669327416661559e+00 2.540223760602598357e+00 5.909324677540816140e+00 -4.559006899298278626e+00 2.416773246906538830e+00 -7.201543375579207762e+00 1.286910325510984610e+00
1.000000000000000000e+00 1.907445156058944047e+00 -4.745419984647305967e+00 1.082759861808420432e+01 5.149720540301065519e+00 2.886743400474225396e+00 5.841276145242362716e+00 -3.938600197740647069e+00 2.063394046458282727e+00 -6.106937996828426307e+00 2.357738054707774644e+00
0.000000000000000000e+00 4.431641406673676897e+00 4.202902795081422838e+00 -2.835834950300243351e-01 -6.971717323640581832e+00 9.690772216422498531e+00 -2.863556371855738636e+00 -2.168869451252479763e+00 8.890527835448780891e+00 1.507779574124867850e-01 -7.541604250040771618e+00
0.000000000000000000e+00 5.823447218688504456e+00 5.033724679883978759e+00 6.885713058525079200e-01 -9.032144770900265129e+00 8.186061426296349808e+00 -3.643625564309871834e+00 -3.511969139343765089e+00 9.052430102461890726e+00 1.571374061672360156e+00 -8.839493794122686765e+00
1.000000000000000000e+00 1.984940666788110653e+00 -3.961758543782968989e+00 1.031184314374851496e+01 5.022278174608676871e+00 4.735089304618934847e+00 7.149084356234374660e+00 -3.104718383875768595e+00 2.731275759780778856e+00 -7.295669446520943957e+00 2.667655657477217002e+00
0.000000000000000000e+00 2.874221290406424156e+00 3.735279906319346033e+00 -5.524632163466618451e-01 -8.142570258137755701e+00 7.858968568988169423e+00 -3.290018080935958267e+00 -3.270693041467965578e+00 8.682847107529294561e+00 1.731122228184257317e+00 -8.594390964392568222e+00
1.000000000000000000e+00 9.378219515025996156e-01 -5.050147455454212952e+00 8.948765343909258263e+00 5.049985642419605014e+00 3.711225203328603062e+00 6.139340699274000279e+00 -5.487743196243902943e+00 3.851130556435775176e+00 -6.260019276828056256e+00 1.763085049017153905e+00
0.000000000000000000e+00 5.528734648701547627e+00 4.411810751029369371e+00 1.294656601181989997e+00 -9.318993902094096171e+00 9.627949703827802352e+00 -2.957161434932756627e+00 -4.045925595123901708e+00 9.089647168946694222e+00 1.440138436644351261e+00 -6.544057871320726250e+00
0.000000000000000000e+00 4.373904446349643926e+00 4.617653587089336042e+00 -4.683788632451635348e-02 -7.945061581937585160e+00 8.738486951565207050e+00 -3.850677284701036207e+00 -3.090365530854068510e+00 9.376255611035649196e+00 9.822467023113570228e-01 -6.817864545787439390e+00
0.000000000000000000e+00 4.419000457073069654e+00 4.342203667059497008e+00 -5.863825370989979024e-01 -9.677408239780280752e+00 9.350859520121931112e+00 -3.562126599142381167e+00 -3.318276815112915834e+00 9.290194330627871366e+00 4.854911277486784194e-01 -8.888817887659959283e+00
1.000000000000000000e+00 1.201527589306627508e+00 -3.801524796605572298e+00 9.558253768251326221e+00 4.553982489558214830e+00 3.731766009172424070e+00 7.117204636502894921e+00 -4.469865810246514748e+00 1.921507100322301875e+00 -6.288686860784495458e+00 2.576754782939074229e+00
0.000000000000000000e+00 4.607439894423159821e+00 4.128488314857564845e+00 7.144916725315108019e-01 -8.769492387420733337e+00 8.802974974026712474e+00 -1.989893249768181160e+00 -2.125765785530192353e+00 8.848314182466660682e+00 1.554769657961545537e+00 -7.796661462242883367e+00
1.000000000000000000e+00 2.528371886765308219e-01 -3.896498781784289100e+00 1.004851979327759892e+01 5.064840397216039847e+00 3.451556061474185810e+00 5.523580459421837396e+00 -2.878464938981459831e+00 1.512808488179881561e+00 -7.983307247054693079e+00 2.239342207975959731e+00
0.000000000000000000e+00 4.894445287498002450e+00 4.135721662844147772e+00 -5.443937344396440059e-01 -8.227949478223454349e+00 8.290370426258165892e+00 -8.848173767561711145e-01 -3.181219083715109974e+00 8.399794083288488977e+00 2.352646522933424578e+00 -7.789447734304119741e+00
1.000000000000000000e+00 2.529981582418817432e+00 -5.907355449225636157e+00 8.882729012199574115e+00 5.702170415164550477e+00 2.809933654301895345e+00 5.743039958837995229e+00 -3.851098436348530107e+00 2.988005997213971199e+00 -6.854487542295460756e+00 1.599503563748356338e+00
1.000000000000000000e+00 9.898727878108680711e-01 -5.372086293334375817e+00 7.868265518963305283e+00 6.134465681109392499e+00 3.797043794757752444e+00 5.125206845929527688e+00 -3.849846913771528989e+00 2.923462691062614471e+00 -7.222179315237074348e+00 3.496791376013820951e+00
1.000000000000000000e+00 1.003180099726536767e+00 -4.963310660044769840e+00 9.194213965506886410e+00 7.422437480622487094e+00 2.862841408186386882e+00 6.021943771005022761e+00 -5.279167579034407254e+00 1.730598665756272636e+00 -7.370367528408912072e+00 2.837875777044207126e+00
0.000000000000000000e+00 5.306195942998431114e+00 5.483484279993876775e+00 2.896988767693498001e-02 -8.156362544358863431e+00 7.941478626213253733e+00 -2.675319392290497422e+00 -3.044084633205309753e+00 7.870219022731036240e+00 8.610939818856128136e-01 -8.366891567359662218e+00
1.000000000000000000e+00 -6.256594267956705480e-02 -6.959353181591509951e+00 1.069976703954122677e+01 4.948429298107016372e+00 4.534028858635415382e+00 4.271135807957472608e+00 -3.451694958989496520e+00 3.513042447947884117e+00 -6.611743323796563487e+00 1.375779624781566124e+00
0.000000000000000000e+00 4.623956638914007655e+00 3.784019819091542391e+00 4.398818741021602308e-01 -8.961458351315689796e+00 8.926896162004789304e+00 -3.299735907934226109e+00 -3.791201490523989470e+00 8.654467749818952171e+00 2.992367347302284930e-01 -7.544447906484101019e+00
1.000000000000000000e+00 9.448805942528399893e-01 -5.166071209713035906e+00 9.914552589470389421e+00 5.635629820818038205e+00 3.848460440334740440e+00 7.349329577473053376e+00 -4.258370468467464143e+00 2.214918370621091981e+00 -5.434520291620371424e+00 2.370980720942617026e+00
1.000000000000000000e+00 -7.501731502539619179e-01 -5.992327352907833138e+00 9.091310465202486313e+00 4.714385186604455491e+00 2.820457763710204624e+00 6.674366133859652273e+00 -4.164171905908952809e+00 3.462404229487617613e+00 -6.775197440014927075e+00 7.138677045308223779e-01
1.000000000000000000e+00 -2.369026782729883873e-01 -3.635664895129210095e+00 9.480809422624226102e+00 5.271860491256463277e+00 2.977957300930190065e+00 5.941120001441718479e+00 -3.082178421753842379e+00 4.148905596220988201e+00 -6.858793682170721162e+00 3.399765695171145463e+00
1.000000000000000000e+00 1.346387890436934853e+00 -6.634030967377873012e+00 8.446475718422705725e+00 6.240822351578545479e+00 4.531993513039513033e+00 4.972530015594544217e+00 -4.459322046531290162e+00 3.154191228932921476e+00 -6.348915182080742348e+00 1.196756015687772567e+00
1.000000000000000000e+00 1.962569906887545068e+00 -4.203242883156728560e+00 6.911188043869583630e+00 6.579064227153561539e+00 2.639241333033333081e+00 6.631903943385816902e+00 -4.750819315892012895e+00 4.428461253310052470e+00 -6.774807526994232276e+00 2.314648632663531824e+00
1.000000000000000000e+00 1.299159187446288888e+00 -4.472743533641972746e+00 1.007926614876330085e+01 6.637335275132429047e+00 5.267810567036134373e+00 7.016978379460381277e+00 -4.146002088954160669e+00 1.917231567235352818e+00 -6.767547091469602094e+00 3.950569768622097744e+00
