1.000000000000000000e+00 3.666149702524551746e+00 7.299022565424713171e+00 4.879448121087772705e+00 -4.862100950457532988e+00 3.928316423408247715e+00 -1.025574989981275742e+01 8.065588378030227323e-01 -2.926359809864782946e+00 -8.522096055135330417e+00 -6.190048159744259149e-01
0.000000000000000000e+00 -1.707630926909834201e+00 7.412607271334596071e+00 -1.758884322513969978e-01 5.179218288295423633e+00 -1.442549934360465080e+00 5.586843646659035656e+00 -3.092812782154076956e+00 -7.230699318048737112e+00 1.027975985275128501e+01 -1.020725058522999795e+01
1.000000000000000000e+00 3.022859881926823977e+00 6.972695693026877528e+00 4.925947566688056334e+00 -5.102233228038185686e+00 2.383800307079489755e+00 -9.422256739837386874e+00 -2.721436684086618873e-01 -4.509538215345431311e+00 -8.916179617731541995e+00 -1.843179536162257826e+00
1.000000000000000000e+00 2.091963525076399932e+00 7.048449089207784013e+00 5.974403575078341966e+00 -4.846691910909508572e+00 2.465770603130069016e+00 -1.111206479830492810e+01 5.877310887053633914e-01 -4.161049988614174744e+00 -9.601187369418878959e+00 -9.612458426418805102e-01
0.000000000000000000e+00 -2.522613280680054082e+00 6.097974842115193361e+00 6.637576761028939343e-01 6.013944805294475060e+00 -9.636987337275677579e-01 5.724053721579792864e+00 -3.210373056079436793e+00 -6.411197540919652660e+00 7.654723378516610666e+00 -8.938607637206876788e+00
0.000000000000000000e+00 -1.769437509351501792e+00 6.604925623809334567e+00 -6.973237082105442353e-01 4.298307528832790325e+00 1.604102012160671942e-01 6.348931528298528804e+00 -3.261989976168459648e+00 -7.158449058275760279e+00 9.816102008526190303e+00 -9.873904561349164055e+00
1.000000000000000000e+00 3.238515974558181298e+00 6.520176178272284240e+00 4.756095509157148626e+00 -5.223848745824515305e+00 3.578758353788273894e+00 -1.074931706091503258e+01 -2.103949600935313968e-01 -3.555604541793901063e+00 -9.333762728530526687e+00 -3.828041723733870416e-01
1.000000000000000000e+00 1.616638067403565637e+00 8.354250044876977199e+00 5.561417379442318953e+00 -3.983342128049123243e+00 2.872937865088474929e+00 -9.673489541846956641e+00 -3.819546203908599780e-01 -4.106170467122518097e+00 -8.196333869967123320e+00 3.781833361080786382e-01
0.000000000000000000e+00 -1.940307931685899767e+00 6.120161353606697219e+00 6.088178498910488123e-01 5.443918437433326041e+00 5.843407731141470052e-01 5.873502703385721446e+00 -1.985590743172729100e+00 -8.018231563173740639e+00 9.335682234680643177e+00 -1.084799286215671899e+01
0.000000000000000000e+00 5.601926107172499059e-01 5.309547577353441739e+00 -1.296676649687836524e-01 5.569372162587378661e+00 -4.444723938904746041e-01 4.760874707737125178e+00 -2.786280470774855189e+00 -8.244023038062744391e+00 9.780997416012821688e+00 -8.793767540469360711e+00
0.000000000000000000e+00 -2.328577006546126427e+00 6.667979434450571397e+00 6.796009867053746101e-01 3.722633781385796592e+00 -3.589356081474548432e-01 7.409510674621532900e+00 -2.630768277548323208e+00 -7.424552966012336164e+00 9.064538631085724774e+00 -1.045688048423855854e+01
0.000000000000000000e+00 -7.389032942433788609e-01 6.551173404917555843e+00 -9.025893353660180418e-02 3.374544771974370860e+00 4.432063128063594704e-01 6.881296570333355511e+00 -4.232472205865451365e+00 -6.884462849573179888e+00 9.785045393093904309e+00 -9.792994932960713328e+00
0.000000000000000000e+00 -8.787968202844771426e-01 7.020499409195810614e+00 1.615258988605511314e-01 5.297990288204420750e+00 -1.217844545994311467e+00 5.540423609068031219e+00 -1.732900456574045789e+00 -7.711587578380271424e+00 9.454795573028738076e+00 -9.175528193234004704e+00
0.000000000000000000e+00 -8.836860444419950555e-01 7.874348214823770675e+00 -1.062282564960350228e+00 6.106939209999517892e+00 -9.269846956933148752e-01 6.895203459041336913e+00 -4.218987011888581939e+00 -7.433030169006777044e+00 9.421956654175804857e+00 -9.672026188791200241e+00
1.000000000000000000e+00 3.247311095816853843e+00 6.609521647445889769e+00 5.744114488496578019e+00 -5.121401228607413536e+00 3.401203572611574355e+00 -1.017323043912122671e+01 1.176767042349054160e+00 -5.311777868739600450e+00 -9.384170859694858535e+00 7.080976993381498108e-01
0.000000000000000000e+00 -8.681656437948537253e-01 5.807814957541318712e+00 -1.608762400613184207e+00 6.107972978928080998e+00 -4.125455327332215316e-01 6.938585563400735623e+00 -3.446599950652007749e+00 -7.695137431970420216e+00 9.543199309737856240e+00 -9.557729788242237845e+00
1.000000000000000000e+00 3.417910075301715089e+00 5.931548267065590352e+00 4.797102963371007611e+00 -4.218644637886208137e+00 1.870985412965394001e+00 -9.019324041307474005e+00 7.722032795557493001e-01 -3.773316314418311279e+00 -8.576752203716191403e+00 -5.548038889222093317e-01
1.000000000000000000e+00 4.532211684080618141e+00 9.675537746918131177e+00 3.661223572950121685e+00 -4.927768066075348230e+00 2.247619398559194792e+00 -8.869317472396058832e+00 2.399742230227664419e-01 -5.446783409235481876e+00 -7.960993724359722634e+00 -1.410835641526158479e+00
0.000000000000000000e+00 -1.076478923195006487e+00 6.416409036813376154e+00 -3.840840448228565185e-01 5.939428679231305352e+00 -5.773057352833942391e-01 6.777186117615542571e+00 -2.758965032314735666e+00 -7.299631720942824309e+00 1.073627613705156492e+01 -9.290721624907975595e+00
0.000000000000000000e+00 -2.513658560129552022e+00 6.418251957336782887e+00 -1.962966572675312937e+00 6.959712739473990162e+00 -4.165257647326865431e-01 7.064403285243471942e+00 -4.431129848515361402e+00 -7.570070805535294767e+00 9.195562523319193104e+00 -1.014143701061486524e+01
0.000000000000000000e+00 -2.707634781389567813e+00 6.672646129629059786e+00 -1.131311711201901549e+00 5.459783402871572378e+00 1.665419194457985475e-01 5.687170595339598123e+00 -3.833136039168866027e+00 -7.124285213253978455e+00 1.001729260929766241e+01 -1.082556814167205772e+01
0.000000000000000000e+00 -1.625738785826480681e+00 6.420786988197196621e+00 6.596296067639224603e-01 5.481773491088249628e+00 -1.622201964565515908e+00 6.466874418485475395e+00 -3.010247729441370534e+00 -6.238074792595761586e+00 8.943091499604834738e+00 -1.031251216149266092e+01
0.000000000000000000e+00 8.962445700755150568e-01 7.444992848156472220e+00 1.099035684570706106e+00 5.973764330950857904e+00 -7.151990712196710787e-01 7.570572374196219201e+00 -3.602406132214107437e+00 -8.614258766660014999e+00 9.134798073319686296e+00 -1.031433188716128058e+01
0.000000000000000000e+00 -1.380392154305792873e+00 5.515640311488260394e+00 6.034772386507707420e-01 4.404671690279689855e+00 9.621095428404122796e-01 8.112176291287562790e+00 -2.853616746412471095e+00 -7.165693960418998643e+00 9.222252105590829530e+00 -9.751545665835719134e+00
0.000000000000000000e+00 -1.322517076089914756e+00 6.608965393065552085e+00 -1.484418009536879524e+00 5.953597330237508700e+00 1.766745283021334822e-01 5.864638501692102324e+00 -4.680131440758898087e+00 -7.679384811622676388e+00 9.982990462859278935e+00 -8.876611422126869044e+00
1.000000000000000000e+00 4.165303621616292418e+00 6.577852940720973152e+00 6.063848593222687988e+00 -3.710780433972593162e+00 2.396129598713968356e+00 -9.333579170457483087e+00 1.162785213407269813e+00 -5.089720868835257761e+00 -7.350702481353939888e+00 -1.220478367002223175e-01
1.000000000000000000e+00 3.140930103096114312e+00 6.717091504003730229e+00 3.742644431596388266e+00 -4.554866149522407426e+00 2.895293334599797763e+00 -9.667730878058335975e+00 3.509263887667227744e-01 -6.486516623776544144e+00 -7.035867358268355076e+00 1.374484795691049754e+00
1.000000000000000000e+00 3.431788015122382962e+00 7.023050808052579086e+00 4.595367617466480148e+00 -3.839857975354931341e+00 2.605292272097017303e+00 -1.092324799839314942e+01 -4.374553572939174351e-01 -3.620068826645901794e+00 -8.899426451055138187e+00 -6.593247334827120332e-01
1.000000000000000000e+00 3.558194310243259384e+00 7.823768870932344299e+00 6.908182412649536808e+00 -4.430473467838508483e+00 3.087457682961226357e+00 -9.628083690334616307e+00 6.900789842924034967e-02 -3.773813258082428401e+00 -5.494197573140293223e+00 -1.805059207108595354e+00
1.000000000000000000e+00 3.782629367055749370e+00 6.147712109299504846e+00 6.630542092468072468e+00 -3.545573645485616598e+00 3.108717638381356618e+00 -1.032503702880607221e+01 4.265010747934898649e-01 -5.238465183919940316e+00 -7.489097163052753636e+00 -1.460263212346205375e+00
1.000000000000000000e+00 2.196265583563453916e+00 7.304293578411080290e+00 6.662554069200348650e+00 -3.303614615003815480e+00 3.954596644420474760e+00 -9.754830734310205642e+00 -8.268071016909697146e-01 -5.488032131551761950e+00 -1.057064648750461267e+01 8.829991144022188987e-01
0.000000000000000000e+00 -1.878796855618736217e+00 7.635321469728679311e+00 -1.219052525202699577e+00 5.579069709624473461e+00 1.269612004030504782e-01 7.842657442108770027e+00 -4.451969062971484981e+00 -6.677797628693085130e+00 9.350527409646003818e+00 -1.016020245088072826e+01
1.000000000000000000e+00 2.349337667207289648e+00 6.745349111695341016e+00 5.511152886323387179e+00 -3.776842834256549430e+00 2.719914735072173517e+00 -8.883341227983843069e+00 -5.842712428908862776e-01 -4.798723205498731659e+00 -8.900993301218463216e+00 -4.053738575383611376e-01
0.000000000000000000e+00 -1.368855790370644865e+00 7.297377711282151402e+00 4.528743838006040745e-01 4.716252695512592297e+00 8.307033141377055951e-01 5.973039106808463394e+00 -1.620808537354927026e+00 -5.598293732510386533e+00 9.471851750754886723e+00 -9.517399481730723920e+00
0.000000000000000000e+00 -1.650813892112602987e+00 6.120392066639777973e+00 8.033361827423866064e-01 6.382537460626452663e+00 -1.714356500152161011e-01 6.230168049120585749e+00 -4.107647854710796409e+00 -7.291375062080068581e+00 8.297566190374581652e+00 -9.962726371833298344e+00
1.000000000000000000e+00 4.272161745026492596e+00 5.947689341096506155e+00 5.184198950045373344e+00 -4.648088395016908514e+00 3.962336584694292618e+00 -1.219015074211362659e+01 -6.122471119029452291e-01 -4.470368520473687823e+00 -9.534801935556243890e+00 1.523534198956846719e+00
0.000000000000000000e+00 5.995307774906193377e-01 6.451423666024987291e+00 -6.423126736330321274e-01 6.272854552994650668e+00 -3.831914946916968323e-01 6.807323828800883270e+00 -2.370869492056732586e+00 -7.723550665799139736e+00 1.001081909659152913e+01 -9.611184088559525662e+00
1.000000000000000000e+00 4.679818401294700614e+00 7.587869732840219150e+00 5.816868587328285933e+00 -3.463271983280536759e+00 4.848657049701730060e+00 -8.070957752328014934e+00 -3.055818031410082458e-01 -4.105131264869736007e+00 -8.320051191452737527e+00 -1.204509694670260034e+00
0.000000000000000000e+00 -1.647064553885343230e+00 6.810145743727344048e+00 -1.253131974382028169e+00 5.522497486634283526e+00 -3.173695312466537355e-01 6.809984292667604855e+00 -3.111587452609124504e+00 -6.676886826043896050e+00 9.963002006350027528e+00 -9.205179140021655826e+00
1.000000000000000000e+00 2.528410568415219828e+00 6.853156703144149375e+00 4.636393236579309907e+00 -4.586615716167015577e+00 2.071116036314740949e+00 -9.228406511260111245e+00 2.504123956133891271e-01 -4.179302176329606766e+00 -8.898079308032693646e+00 -7.283866867930993694e-01
0.000000000000000000e+00 -1.915324100448957623e+00 7.829344265409911685e+00 -7.980925287981320837e-01 5.749848344174915304e+00 -2.997838123175766700e-01 5.917436716845911882e+00 -1.559379958112846687e+00 -8.137380053638608501e+00 9.674745988640818695e+00 -8.806150676630268848e+00
1.000000000000000000e+00 3.447820322971181461e+00 7.241230015622226013e+00 7.265370972813399497e+00 -3.574263455067822282e+00 1.826987470057702900e+00 -1.061854874297186768e+01 6.547215212335134593e-01 -4.604661595489931258e+00 -1.054724761414776424e+01 -4.826448455222480671e-01
0.000000000000000000e+00 -1.992379941220516759e+00 6.799818244518331056e+00 3.860174641049889388e-01 6.830127721484696046e+00 -1.454515138701994337e+00 7.130877587974983278e+00 -4.290516687070074831e+00 -7.824356185045000522e+00 9.350421651152664992e+00 -9.690114698079502986e+00
1.000000000000000000e+00 4.846523270906141434e+00 7.136606619053917910e+00 5.883186449151964759e+00 -5.598874876398674871e+00 2.685826179726669594e+00 -9.982773822255131435e+00 -8.038562870195395393e-02 -4.315175959371139847e+00 -8.332355454580703480e+00 -6.708695968297266887e-01
0.000000000000000000e+00 -2.690876464435473459e+00 6.162352744655511749e+00 -2.650800965372256401e-01 6.366413880769350442e+00 3.890402687865395226e-01 6.421431057416802091e+00 -3.350623840252407337e+00 -7.377408992421665701e+00 9.383542454014648371e+00 -1.063392474883582928e+01
1.000000000000000000e+00 4.253092252776637494e+00 7.745446801388694347e+00 5.378719848570273854e+00 -4.597919719134312189e+00 2.099776048652053362e+00 -9.479303749467048235e+00 1.331823672219538457e+00 -4.357352387379000547e+00 -9.123314592451597704e+00 -8.141148116377388000e-01
1.000000000000000000e+00 4.583525802724421006e+00 7.675806304943091796e+00 6.599197241658738555e+00 -3.700912528874313878e+00 3.786874439866376729e+00 -8.507109142901565946e+00 -4.557694229729776225e-01 -3.927478547505970585e+00 -9.299856933063697539e+00 -5.270593360102169278e-01
1.000000000000000000e+00 2.991844604287043907e+00 6.512177957563505259e+00 4.857067716331424201e+00 -3.350768213937302065e+00 2.438523169150162762e+00 -9.558749216185349340e+00 5.373207411270007894e-01 -4.264351357407110577e+00 -9.306593677689813049e+00 1.766352260864634816e-01
0.000000000000000000e+00 -1.788878117554356884e+00 6.362572694291109165e+00 -1.021546731178194223e-01 4.723182478883636293e+00 -1.868528578298942699e+00 7.040250997139493983e+00 -4.324501432877463358e+00 -7.417095676271185489e+00 1.040372538921089429e+01 -1.054155602501539057e+01
0.000000000000000000e+00 -1.242587319300895388e+00 6.285758972492573093e+00 -1.032316274617164131e+00 5.996506060193925514e+00 -2.358976485663079714e+00 6.055538483633595703e+00 -2.936769912230059454e+00 -8.617245750071074184e+00 1.005303443636721994e+01 -1.117795077094543466e+01
1.000000000000000000e+00 4.527004761275452260e+00 6.824827139971816337e+00 4.990215138646875381e+00 -4.542192721470685868e+00 1.946947261069944979e+00 -9.827118062616376548e+00 5.336475766477158933e-01 -5.477450873073459015e+00 -8.633136788134930129e+00 -4.207396734869472410e-01
1.000000000000000000e+00 2.383760247378035935e+00 6.299064486330102852e+00 4.422525436363462958e+00 -3.577587411603753598e+00 1.797867114779188924e+00 -1.003397315909998078e+01 -2.436989672605743618e+00 -3.789887472841767746e+00 -8.175043446555772420e+00 1.031270272577943237e+00
0.000000000000000000e+00 -4.524446326081780212e-01 6.717916974296681332e+00 3.480209808774170632e-02 4.406813749756282483e+00 -6.549410375718526245e-01 6.186555235742850378e+00 -2.820361198654686152e+00 -7.859159296395539229e+00 1.039949657894702106e+01 -9.290844983895103937e+00
0.000000000000000000e+00 -1.758114562895747301e-01 6.530933871483436626e+00 9.251603218668864592e-01 6.056848022942931564e+00 1.864503767786873656e-01 5.030718070000764541e+00 -2.142697355392238823e+00 -7.545049605536607196e+00 9.788368385674672822e+00 -1.034711214640504373e+01
1.000000000000000000e+00 3.995269763051775058e+00 6.322201462208312250e+00 4.334962216636494503e+00 -5.474016333171649151e+00 3.466809276861153588e+00 -9.925079707791006456e+00 2.315943051254308882e-01 -3.057600418544565102e+00 -8.780423317493525559e+00 -7.449953825159638665e-02
0.000000000000000000e+00 -9.941536232352092828e-01 6.785126868929400423e+00 -4.446866630824448663e-01 5.161311366603525741e+00 1.982785892539012718e+00 6.118657700467149851e+00 -2.929760748584715913e+00 -7.219404142543314862e+00 9.667595838917572237e+00 -9.546348931300091323e+00
0.000000000000000000e+00 3.220813017167964976e-01 6.569412013110662585e+00 -1.331956830495478972e+00 7.326445898673323853e+00 -4.508623545875965477e-01 5.766456444177679330e+00 -3.203795698818447057e+00 -7.296479394326493839e+00 8.722137144845468981e+00 -9.061322500314103578e+00
0.000000000000000000e+00 1.072085828182611777e-02 6.401659237113994649e+00 3.494125303526793846e-01 5.675870982002329868e+00 3.765432163944726351e-01 5.722132262616905329e+00 -1.310672268631093651e+00 -8.528727294273162229e+00 1.105854498164679001e+01 -9.775035227501538415e+00
1.000000000000000000e+00 4.301502744207011730e+00 7.118334252572156906e+00 4.926549281544416736e+00 -3.803570015616440259e+00 3.420210183028330686e+00 -1.049772204281882537e+01 -9.480586176597244341e-01 -3.218218831166704597e+00 -9.446375322411924458e+00 1.686918126265435913e-01
0.000000000000000000e+00 -1.914935077942928832e+00 6.187189581085081436e+00 -7.305463878801248256e-01 6.040655264187593687e+00 1.036793654809711196e+00 7.208300835830087294e+00 -4.490312020024603612e+00 -6.930862003410623196e+00 8.710306100824281472e+00 -1.045697223661653830e+01
0.000000000000000000e+00 -9.909681625887398759e-01 7.496842562159842238e+00 -8.090992893683285336e-01 5.339786524642977206e+00 -1.112166445153388583e+00 5.635708560812925150e+00 -2.732338986655546087e+00 -8.009720005125860354e+00 1.066478443034332457e+01 -9.167898365615732459e+00
0.000000000000000000e+00 -2.044408716777060597e+00 6.496605268966926694e+00 -5.683279365402150729e-01 5.531657275356375969e+00 7.975680206346447143e-02 7.194689655558661023e+00 -3.937646822938098534e+00 -7.111911429514156779e+00 1.066958381430861458e+01 -9.041810006349798812e+00
1.000000000000000000e+00 2.983947701925553364e+00 6.359233160635153759e+00 4.110152227049619356e+00 -5.290075042927172788e+00 2.695969852240148512e+00 -9.577524212363764278e+00 8.568107895181475975e-01 -4.215257277008482184e+00 -9.233669849722614842e+00 -1.359399291037083624e-01
1.000000000000000000e+00 3.356900802861155331e+00 6.371639567694362682e+00 3.463950875233932969e+00 -4.521547257723539381e+00 2.489819379004349020e+00 -9.195157362120889744e+00 -3.500144312959788673e-01 -3.545339167215743270e+00 -7.804935249859729751e+00 7.375177578658067556e-01
0.000000000000000000e+00 -1.402474873703465130e+00 6.959504523842594992e+00 6.669303541022097992e-01 4.816075007245688155e+00 -1.380298198252972730e-01 5.986919595780243242e+00 -5.332336474592052511e+00 -7.750557082996729186e+00 9.808967822110394863e+00 -9.746059473046731370e+00
0.000000000000000000e+00 -5.193577349196547566e-01 6.909232502769605766e+00 -1.427353217485467951e+00 4.257543208038343963e+00 -1.372142255288508195e-01 5.996735552221592158e+00 -1.812459999910275954e+00 -8.548932314975727920e+00 1.016952083659035821e+01 -9.401185652613317956e+00
1.000000000000000000e+00 3.212174692403041210e+00 7.408316518914963567e+00 4.046009082873377238e+00 -4.841666645987520390e+00 4.413413470309400566e+00 -1.068670777441981201e+01 -1.496279763506429106e+00 -3.927973802997366981e+00 -9.537302681637548574e+00 -5.184333978040744917e-03
0.000000000000000000e+00 -9.894992492092202774e-01 6.026105759292356367e+00 -1.790757133224841757e+00 4.277432486986899818e+00 -2.692957748947191199e-01 6.591436785076035143e+00 -2.600874839815576767e+00 -9.379674815943207733e+00 1.103459412541220352e+01 -9.036399756402866856e+00
0.000000000000000000e+00 -2.263027434791744508e-01 7.554127325513718461e+00 -1.148076570254010498e-01 6.101370170408951132e+00 1.414968778172399855e+00 6.199263236875252048e+00 -4.167005043026191125e+00 -7.101948054858223003e+00 9.941509271846074469e+00 -1.075532018064314066e+01
1.000000000000000000e+00 3.911543096896165306e+00 6.291818403072541699e+00 5.282463023405270519e+00 -3.699803600226908351e+00 1.931114846533307006e+00 -9.099569355392565839e+00 7.872625639164311240e-01 -3.862263405629747570e+00 -8.526048707972076812e+00 -1.090187980183084715e+00
1.000000000000000000e+00 3.636085558370866000e+00 7.997315681055821024e+00 6.353515937449257578e+00 -4.630788523749021834e+00 1.645437859850117590e+00 -8.278176418267262804e+00 4.838840772042088956e-01 -5.056874834498522375e+00 -8.064304945616559195e+00 -7.509859778686596155e-01
0.000000000000000000e+00 -1.669161554174992013e+00 5.893049271904316377e+00 -1.051389895079116066e+00 5.774548745009221662e+00 -1.421166949955942727e+00 7.840498642852628208e+00 -3.606737008598738914e+00 -7.371665014542699623e+00 9.480839878074226235e+00 -9.008426830561877097e+00
0.000000000000000000e+00 -9.155991196413888478e-01 7.151043272865054590e+00 -1.780901121164935264e+00 4.303897140903282015e+00 9.661116542742995694e-01 6.461826026379858590e+00 -4.515114579265972594e+00 -8.814510120141168414e+00 9.377105789442804706e+00 -9.308887744450816015e+00
0.000000000000000000e+00 -9.869509846499818773e-01 6.185394169980759749e+00 -3.736711290387367157e+00 4.691242212493724750e+00 -9.921529889311060391e-01 5.360326234665212297e+00 -2.805390560975317360e+00 -8.756180857039243648e+00 9.194835354465130450e+00 -1.078116556305155349e+01
0.000000000000000000e+00 5.741278454582343649e-02 7.445327647818779759e+00 -5.149586546643892815e-01 5.752194392660967104e+00 -2.825749655822946127e-01 6.033393844057680866e+00 -3.769237992589884900e+00 -7.258198768747615048e+00 1.053994004302579590e+01 -9.416703144119791702e+00
0.000000000000000000e+00 -2.535884271018713942e+00 6.902971682392039732e+00 -1.805686580524054063e+00 6.027886663871455220e+00 4.605207186628008653e-01 7.744688434129249899e+00 -3.542056403967704270e+00 -6.882461635620494178e+00 9.129495583819261739e+00 -9.414674740614664472e+00
1.000000000000000000e+00 3.633378722601810829e+00 7.142732263554860239e+00 3.533564685128409266e+00 -6.078405773271128965e+00 2.578689834331271857e+00 -9.741979936916145277e+00 -1.073983245750055993e+00 -4.398046271002208130e+00 -7.749657982402752943e+00 -9.105277315745082811e-01
1.000000000000000000e+00 3.586350575623143744e+00 7.212662206897957340e+00 6.060975191753014357e+00 -4.373621379113418861e+00 3.894085735110783375e+00 -1.026155666330938665e+01 -7.625968867233043902e-01 -4.660393414718170924e+00 -6.449065906720539587e+00 2.486866269891770953e-01
1.000000000000000000e+00 2.508253391693413548e+00 6.810215086888127267e+00 4.194745401996732070e+00 -4.912301042649088068e+00 2.775280479007217860e+00 -1.084082339538558770e+01 1.080413942554938389e+00 -4.220635943260357514e+00 -8.872370024539394606e+00 6.596445344969960045e-01
1.000000000000000000e+00 3.757140965479535133e+00 7.547564079784995883e+00 5.208074373572283200e+00 -5.055679433563396330e+00 2.176376032857893605e+00 -1.007551643658580431e+01 -4.569978977321584312e-01 -4.611468827474944909e+00 -7.572184548869407728e+00 1.615797923220762544e-01
1.000000000000000000e+00 5.473252046059490006e+00 7.923570188908161782e+00 6.450637142837965854e+00 -4.292446636686364059e+00 2.164880507869987092e+00 -1.059806381505495132e+01 4.991798619449018259e-01 -4.494020818488261071e+00 -9.927307465094148853e+00 -1.988541630406550076e-01
0.000000000000000000e+00 -2.067336585289615059e+00 6.022494879907840826e+00 6.175970401436170487e-02 3.681268060850535040e+00 6.073792036831200392e-01 6.927455540234451092e+00 -2.647419789626876518e+00 -8.323464875561134235e+00 1.081644462915569171e+01 -8.885510362936356543e+00
1.000000000000000000e+00 3.320371791458808453e+00 6.495670680006453424e+00 6.071404295495680614e+00 -5.924136167718302204e+00 4.052815384194582649e+00 -8.495359642512006815e+00 3.463412481259732223e-01 -2.490343289385737346e+00 -9.764860637601556093e+00 -1.374704736738806110e+00
1.000000000000000000e+00 3.242326144702903257e+00 6.015759179281483071e+00 5.894440551218404600e+00 -4.206415909900093730e+00 1.531904328310134122e+00 -1.016059877539927747e+01 4.721806743518998095e-01 -3.125760273284964086e+00 -9.496829404122012264e+00 1.998317547574492981e+00
1.000000000000000000e+00 3.511311325680155804e+00 8.071787829738601872e+00 4.308812440243870334e+00 -4.921768990289382195e+00 3.266446725888119129e+00 -1.050684938129095514e+01 7.510216997365176672e-01 -3.523126045499018311e+00 -7.117037727322205853e+00 -1.406638374695886595e+00
1.000000000000000000e+00 4.076717929337537960e+00 7.973045835242475121e+00 5.527691932156122867e+00 -4.738235701044149373e+00 2.767644288903600369e+00 -9.747204606948997707e+00 -1.655929131415866840e+00 -5.384103316623286339e+00 -9.371752417187101614e+00 -9.336440489288231337e-01
1.000000000000000000e+00 1.987266385787902490e+00 6.365469863219567870e+00 5.274889993368938157e+00 -3.692302335975923722e+00 3.480460270793388933e+00 -9.794828621634270149e+00 -1.458341617611958796e+00 -3.974636581627356335e+00 -9.687610954603551150e+00 -6.941023702526736283e-01
1.000000000000000000e+00 2.265475234854317677e+00 6.484248285075582707e+00 4.901466054461994126e+00 -3.367707454741944328e+00 1.903703091870254216e+00 -9.640497001131564048e+00 1.063384673734769414e+00 -4.005886051978058582e+00 -8.497097475807809275e+00 -4.859408613664289445e-01
0.000000000000000000e+00 -1.218634208483355907e+00 7.036629678168510260e+00 -2.038889175604526038e-01 4.755227355314220361e+00 -9.504351035484932542e-01 7.338706593342354090e+00 -2.683927481564471140e+00 -7.757351992596960955e+00 9.831440768037635891e+00 -9.639563222393078945e+00
1.000000000000000000e+00 3.640111960667360869e+00 8.211045766279919889e+00 4.325006731794187154e+00 -4.030012685076063583e+00 3.050437556876568035e+00 -9.767280983381802173e+00 -6.973251590906325292e-01 -3.228979761155956751e+00 -8.175964222673970383e+00 -2.559961262791340397e-01
1.000000000000000000e+00 3.405944893013751251e+00 7.328289377295427620e+00 3.796749808806858972e+00 -4.033214852849420495e+00 3.460377276671743108e+00 -9.991946048509149136e+00 -2.197575537110955324e+00 -3.546945811614572008e+00 -8.922573735610470180e+00 6.798971358631080708e-01
1.000000000000000000e+00 3.111782689042719152e+00 5.628305334359263057e+00 5.467035093704807558e+00 -4.354925836252558469e+00 2.337874236964633035e+00 -8.714517569281447606e+00 1.010956231067921207e+00 -4.442760108855206447e+00 -7.969641040144520794e+00 -1.185702798215002796e+00
0.000000000000000000e+00 -7.057335484607437648e-01 6.346934805213183317e+00 -3.499750401439962744e-01 3.338088216625054283e+00 -1.048612726418930219e+00 8.611090482026078519e+00 -3.129878574986126871e+00 -7.218058209169610606e+00 1.017616750962108263e+01 -9.189530510639309924e+00
1.000000000000000000e+00 2.931802605123988492e+00 7.262791453768798533e+00 6.371630460677726759e+00 -2.846655128727874295e+00 4.271585718549582467e+00 -9.797743823132959662e+00 -7.368134893852663625e-01 -5.992533341374880251e+00 -9.351147296617449811e+00 1.058081448935268565e-01
1.000000000000000000e+00 3.545298787592036316e+00 6.827890806114458755e+00 4.921551255181184636e+00 -4.976822046364108409e+00 3.025272745979430411e+00 -1.032981907794491150e+01 3.472107365869093742e-01 -4.807417085911377619e+00 -7.682300383182020020e+00 -5.181959092159635905e-01
0.000000000000000000e+00 -1.368268035165004948e+00 7.485111252582917096e+00 -7.806553870635819514e-01 6.737998908809699650e+00 1.234981808273308168e+00 7.598908485947658775e+00 -5.210071536526629465e+00 -6.271194536571075062e+00 1.047068382894500616e+01 -1.078233071976365132e+01
1.000000000000000000e+00 4.108134448229656677e+00 6.964569841694927099e+00 4.085001802248632963e+00 -5.177619807522649609e+00 3.950456807679104898e+00 -8.486225289213924938e+00 -1.735923678007566640e+00 -5.488948798009521290e+00 -9.670305218880974607e+00 -1.209119152163959043e+00
0.000000000000000000e+00 -9.021392484475727613e-01 6.736157035824509975e+00 -5.204326512516005421e-01 5.477860095924631523e+00 -1.380196778880907305e+00 8.834845407528622019e+00 -1.080414518843443972e+00 -7.808911108940718826e+00 9.688332847381758484e+00 -9.949056552531855502e+00
1.000000000000000000e+00 3.096255875595640195e+00 6.273206666489577366e+00 5.309760319127496686e+00 -3.407141934813184392e+00 2.353806848357628212e+00 -9.326596108915682137e+00 -5.804750229580737247e-02 -1.823886220140608305e+00 -7.130377548440810287e+00 9.367970950670434505e-01
0.000000000000000000e+00 -8.044666063096103104e-01 6.810699504586600561e+00 -8.078764636125432830e-01 5.810761956739254330e+00 -8.946209290571862649e-01 5.736623346731032136e+00 -2.635874756242210459e+00 -8.213593022148172551e+00 1.010856737412910711e+01 -1.059313724724061956e+01
