0.000000000000000000e+00 -2.836865219365167778e-01 -3.584449233924430267e+00 1.158793989935477331e+00 -8.115821689396559568e-01 -5.135028449866635647e+00 -3.211752643498722026e+00 -3.944104252742707040e+00 -3.435097472801447616e+00 -3.964007990907630896e-01 -1.067175119513525949e+00
0.000000000000000000e+00 -1.084450367373639423e-01 -5.365690900784356288e+00 3.480001761543906724e+00 1.293633502056540374e-01 -4.793662235942142580e+00 -5.306281303693473284e+00 -4.055646619593684221e+00 -4.086906335002367996e+00 -8.862242207052438703e-01 -1.470723751478000718e+00
1.000000000000000000e+00 -1.177903107041788910e-01 2.346516538176960598e+00 -5.786660631618067541e+00 4.716089995361405052e+00 4.075149203109150520e+00 -7.772154875144623443e-01 4.995695482704525681e+00 5.780922954505605116e-01 -5.153422048352087614e+00 1.435476018193140302e+00
0.000000000000000000e+00 4.725629190586522199e-01 -2.301525463419266337e+00 3.560422221661081021e+00 2.753060466106962423e-01 -5.638116175190336143e+00 -4.344717759602181317e+00 -2.815741426030147654e+00 -4.922936578252341988e+00 -9.621527354548973232e-01 -1.832001188101145983e+00
1.000000000000000000e+00 1.583430964357547488e+00 2.675944336080199548e+00 -5.960553079221162065e+00 3.629127699254397932e+00 3.994615661800367867e+00 -2.471030978711277193e-01 4.027870934863091890e+00 1.651824229530025390e+00 -2.308033762236429975e+00 2.168270351321249123e+00
1.000000000000000000e+00 1.078942257543071825e+00 1.856785156430527550e+00 -4.143743248760614506e+00 4.827549755685653921e+00 2.744704075223360462e+00 -2.846365866381162513e-01 4.886755333879387209e+00 2.607754006087147580e+00 -2.985961799980129339e+00 6.573751867727417597e-02
1.000000000000000000e+00 1.007456463003421954e+00 2.448545419447251792e+00 -6.069456610407167219e+00 4.216502527827640456e+00 3.637245362561237982e+00 -5.524551472718886025e-01 5.728397002113648995e+00 -8.964742777303869037e-02 -3.938212113140056925e+00 1.231320415973982563e+00
1.000000000000000000e+00 1.916025670366616751e-02 1.566291972386251174e+00 -2.394991593551155873e+00 4.690062581101602568e+00 4.871817158218124000e+00 -1.433293635431102109e-01 7.204830383273756134e+00 1.349032814351398990e+00 -2.279458230040618982e+00 2.971937324913719314e-01
1.000000000000000000e+00 1.426525572465405567e+00 2.248449704176114228e+00 -5.112471736655974652e+00 3.786811270465022083e+00 4.914106795701496111e+00 1.480285543934553472e+00 2.763527655343540168e+00 1.676401076292928449e+00 -1.987184236343138233e+00 2.792077924058925520e-01
1.000000000000000000e+00 5.698370486428139259e-01 3.721345848438136983e+00 -3.716891900439198704e+00 4.836759835895533044e+00 1.074668295247079630e+00 -2.503626523890672972e-02 3.738112733665477361e+00 3.021777140405648154e-01 -4.093403192270878677e+00 6.740207068658451428e-01
1.000000000000000000e+00 5.794578406205230792e-01 5.117381281979215046e+00 -3.011481124037796775e+00 4.572035478247294726e+00 4.379402963865314469e+00 -1.618334889742892302e-02 3.615827162837236042e+00 9.275985174863174976e-01 -2.469158376152757128e+00 -5.435743098374319349e-01
1.000000000000000000e+00 9.410432047529393440e-01 3.826340557515066187e+00 -4.528392537711279253e+00 4.884326193600940336e+00 5.432806172860127347e+00 1.598347514767118005e+00 4.100018900570302272e+00 8.969921763321542230e-01 -4.647792935728088715e+00 4.980229349722252730e-01
0.000000000000000000e+00 3.587044934387796369e-01 -2.153716806206495971e+00 9.487648523916909493e-01 -1.348392247501397634e+00 -8.057581873592837951e+00 -3.552776256091763507e+00 -2.834180462970847802e+00 -3.055151146572359089e+00 -2.349969740781984839e+00 -3.374616226801409269e+00
0.000000000000000000e+00 8.163801701378338160e-01 -4.608799808071704973e+00 2.579785103898923460e+00 -4.515909073313352784e-01 -5.291581847494774671e+00 -6.114482887781488074e+00 -3.197342713244674783e+00 -4.343230354260849246e+00 9.779882495650706886e-01 -3.206534031721763434e+00
1.000000000000000000e+00 4.004529588250739236e-01 3.344426066043823198e+00 -4.759904619183191521e+00 4.635924332087394184e+00 3.350320961466793257e+00 -1.662838857191421438e+00 2.998569486059524003e+00 1.050451685334766960e+00 -2.982871941654724246e+00 1.829528085060152520e+00
1.000000000000000000e+00 1.027959325745729791e-01 9.702975075776461011e-01 -4.242634569310590464e+00 3.126287708159384060e+00 4.136949685100606011e+00 2.561911596832222582e+00 5.581213713343556648e+00 1.570037859348059617e-01 -3.870133313556352483e+00 -4.851478551951879936e-01
1.000000000000000000e+00 1.037434688372134595e+00 1.316611257365383203e+00 -6.930162009028667747e+00 4.266581844547897795e+00 2.468898383217064119e+00 9.561552021553832992e-01 6.415519519085902900e+00 5.926572948915378447e-01 -3.264322116311085598e+00 -4.040644970330722341e-01
0.000000000000000000e+00 1.306981561388714241e-01 -2.897698700273480199e+00 3.244586594332370399e+00 -2.200924566523150272e+00 -6.532694705940629731e+00 -6.473601674491543889e+00 -4.291036979676006169e+00 -3.050930529979170913e+00 -2.269355837171307400e+00 -2.137763674186370366e+00
0.000000000000000000e+00 -1.273996167558355541e-02 -3.122398540029129865e+00 3.626655116608729301e+00 -5.206206429716790929e-01 -3.310404169945510233e+00 -5.822646946970417403e+00 -3.163983976850190505e+00 -3.812867748750332186e+00 -1.309770865039315613e+00 -3.757780591906332290e+00
0.000000000000000000e+00 8.951048915600197109e-01 -3.472740113369166437e+00 2.495988043984262106e+00 -1.035534061176656584e+00 -4.998074924567981192e+00 -5.496658082090659647e+00 -4.216795017572918525e+00 -4.025957701507044462e+00 -1.556263461159633543e+00 -2.197960919899025978e+00
1.000000000000000000e+00 1.258105189281621961e-01 1.801620602560427109e+00 -6.164594508516475280e+00 4.063861465586316335e+00 3.748621691922402022e+00 2.277560967234623313e+00 4.882232658879001264e+00 1.206555838813343051e+00 -2.738043869927073271e+00 6.731717227128950487e-01
0.000000000000000000e+00 1.617840361972375796e-01 -3.397546334297295800e+00 3.525301240625262622e+00 7.206787285586269132e-02 -6.660117176786818582e+00 -4.352520352587939456e+00 -3.233519220370327574e+00 -3.848295301864128604e+00 -8.308647741474471937e-01 -3.916736824438609155e+00
0.000000000000000000e+00 5.459870763393930293e-01 -3.011433861875631113e+00 3.523526000870837560e+00 -1.280652248095244694e+00 -3.755064497744390106e+00 -2.630185618795257696e+00 -2.753980109309758451e+00 -3.205595013932058812e+00 -9.737584897526083694e-01 -1.932767165987272495e+00
0.000000000000000000e+00 1.509486005710271250e+00 -4.415100810439259504e+00 1.472152749377517500e+00 -7.336020354996571902e-01 -4.244427367653005767e+00 -4.749032306301982587e+00 -3.592923314239322874e+00 -4.845335083913886898e+00 5.046762596924339039e-01 1.835152230507191007e-01
0.000000000000000000e+00 -6.771535801145369682e-01 -5.216638214718340549e+00 3.117766846711405027e+00 -1.422292229485342396e+00 -5.378978353583473648e+00 -3.653581606080935185e+00 -3.817699156589676512e+00 -2.527450812559100868e+00 -9.751719821383186826e-02 -6.848507675045822918e-01
0.000000000000000000e+00 9.546359012299416857e-01 -2.979428603758075056e+00 2.526640803328442875e+00 -1.050155447727768587e+00 -5.283043957239419441e+00 -5.888526634241301849e+00 -4.237472862216790759e+00 -2.440835107268766180e+00 -1.768820236448495731e+00 -1.931379477353089014e+00
1.000000000000000000e+00 1.405707647929128612e+00 3.400374089292701019e+00 -6.115496720862989122e+00 3.702196661153558832e+00 4.380252135178224648e+00 -2.653700538990017010e-01 3.756795879889242240e+00 5.878954969949636844e-01 -2.229398968060501307e+00 1.772035871072408897e+00
0.000000000000000000e+00 -5.089855763374591113e-01 -3.964780723162698806e+00 3.934840630577984832e+00 -1.457322370033742320e+00 -3.088098762539802422e+00 -4.377350386343068500e+00 -2.386971245759218263e+00 -3.668518199013886871e+00 -1.158939493788572195e+00 -2.806470716958761713e+00
0.000000000000000000e+00 -4.052176386401472596e-01 -4.062010494829468854e+00 3.223975127020412668e+00 -1.360412151158532090e-01 -3.885551885118351034e+00 -3.146923352405186058e+00 -3.505047166580569584e+00 -4.090481663563379833e+00 -9.745202816019046255e-01 -1.409113562687066779e+00
0.000000000000000000e+00 -9.966570975101831653e-01 -4.603226035569593755e+00 1.278719452663727107e+00 6.201759025313655638e-01 -5.896303215903300199e+00 -3.709380198316581279e+00 -4.813638094597721739e+00 -4.810531681169043949e+00 -2.202709814503669428e+00 -2.398384838490541071e+00
1.000000000000000000e+00 1.228024135655761739e+00 1.555488664455785486e+00 -4.800083620461841782e+00 5.200921674883274726e+00 5.548113654587410792e+00 -6.111259504670314424e-01 3.044246012472449081e+00 1.849570603356776699e+00 -3.056506487497956837e+00 2.104426952291451158e+00
0.000000000000000000e+00 4.670101689788132560e-01 -2.788134287962027891e+00 4.272904428494917362e+00 -1.227126532582429874e+00 -5.872085128726127756e+00 -5.092529201946764950e+00 -3.552810945077826243e+00 -3.403964120888622880e+00 -1.441396205617966775e+00 -1.609874494762455255e+00
0.000000000000000000e+00 -1.656910653930719346e-01 -2.449526576891191798e+00 2.072310854999110497e+00 -2.047819997258367719e-01 -3.651483858812119454e+00 -5.989443548466494960e+00 -2.067808379668098606e+00 -2.808360676816609391e+00 -1.614209556028243675e+00 -2.405588006739470597e+00
1.000000000000000000e+00 1.614094266749696249e+00 1.407449879388438019e+00 -3.796601298663592861e+00 3.043151318529499605e+00 3.054586743692876638e+00 2.189232458134188875e+00 4.262538458248060103e+00 -5.704559123962278377e-01 -2.822292511465222198e+00 1.167197203921371385e+00
1.000000000000000000e+00 1.723931303129808690e+00 3.301639032752659908e+00 -3.009714479036468049e+00 3.995132567231609144e+00 4.303403964592122044e+00 -4.819452765938002647e-01 5.061848447514840643e+00 1.966253837163076890e+00 -3.298123245448276286e+00 8.962799320521670499e-01
1.000000000000000000e+00 -4.300010106678915367e-01 1.311571326318407005e+00 -4.061633084673480276e+00 4.239451331519026311e+00 4.402668514454989968e+00 -9.447002410695317653e-01 5.991554509592415201e+00 -1.033729561886592263e+00 -3.009083708198319052e+00 1.673698682244484814e+00
1.000000000000000000e+00 5.785515087413772850e-01 3.591147604539037808e+00 -4.314979576579037079e+00 5.638259425126374680e+00 1.502732569127674722e+00 -1.408763459091785686e+00 5.377561349623301901e+00 -3.896126708344639367e-01 -2.530512787799644059e+00 1.139120382824302835e+00
1.000000000000000000e+00 8.613113563278355089e-01 3.175347414332696072e+00 -5.276939443832106669e+00 7.646318182049837375e+00 1.477211643669050112e+00 -4.014146170632497679e-01 5.247920602984614824e+00 -5.930498114828728351e-01 -2.527124688500226757e+00 -1.039047059836639697e-01
0.000000000000000000e+00 1.241613832060332934e+00 -3.482789941704246939e+00 2.325392634964074556e+00 -1.706575423655743551e+00 -4.022658524178783779e+00 -2.848936871668410475e+00 -4.039954325842181504e+00 -5.649558828363925755e+00 -2.493559677358534454e-01 -1.371932749771911819e+00
0.000000000000000000e+00 -1.511425407153143663e+00 -4.113855962383953901e+00 3.061236041856675527e+00 -4.176392448317867712e-01 -4.878232545772775985e+00 -5.115998768564622878e+00 -4.732169771046427442e+00 -3.112012925507675831e+00 -5.206245745589378471e-01 -2.469011972069420580e+00
0.000000000000000000e+00 -1.130312199114883231e+00 -3.041626200480736397e+00 3.870294458498121148e+00 -9.890997760894281177e-01 -6.660000234574704692e+00 -3.744153438879760820e+00 -4.937492130222124409e+00 -4.157175890387636130e+00 -9.183464805333865222e-01 -1.537209402434198235e+00
1.000000000000000000e+00 -2.919853721525758061e-01 3.331019517963544896e+00 -2.964781151522694280e+00 5.159373991633840362e+00 4.448728060355922942e+00 2.244820497534859571e-01 5.075642932836490928e+00 -3.221120903021550408e-01 -3.820391497611975939e+00 1.936832215855356143e+00
1.000000000000000000e+00 1.799167812036994718e-02 9.624862638470670362e-01 -3.773796392835747859e+00 4.943382777826286656e+00 4.205056646391240882e+00 -3.719464113581085751e-01 4.738763882672469840e+00 -1.591615912075398320e+00 -6.059739793441059064e+00 8.458721406956296596e-01
0.000000000000000000e+00 1.280539345534514872e+00 -3.270322132552304417e+00 8.671749919739391022e-01 -1.145846468849895494e+00 -5.342282338555732757e+00 -3.322450162424934739e+00 -4.547227381503844867e+00 -4.475837785562067239e+00 1.313076220462867649e-01 -7.966984479252936513e-01
1.000000000000000000e+00 1.075821976703595917e+00 1.559015458069729299e+00 -5.500056045071476163e+00 4.331048592416663290e+00 6.123064804931258820e+00 2.123377226028276554e-01 4.960379772612664162e+00 -1.879421566522526454e+00 -3.417388604769156402e+00 1.794484233075965829e-01
1.000000000000000000e+00 -9.159826797972863144e-01 2.242366531669194973e+00 -3.757988429020362897e+00 5.974382553039514043e+00 4.826840747514498986e+00 3.067873734438511857e+00 3.628979884073700202e+00 1.838930182548985437e+00 -1.881887657984491646e+00 1.043355391391469933e+00
0.000000000000000000e+00 6.183844059155267914e-01 -3.198408032515993149e+00 3.826676384405496734e+00 2.564694961875368939e-02 -3.830183839210801633e+00 -4.380468918760389130e+00 -3.827683928026788251e+00 -2.220450378360733890e+00 -3.869114904210936290e-01 -7.818696667227635899e-01
1.000000000000000000e+00 1.104849568385474656e+00 3.203261032619094451e+00 -4.904843073150273014e+00 5.101952614796353203e+00 4.896821624577579080e+00 6.599920475648716200e-01 4.408182803555480866e+00 5.285678065481208554e-01 -3.196548568285899172e+00 2.344453436599975404e+00
1.000000000000000000e+00 1.770312740316667188e+00 1.635829018729396456e+00 -4.582028599428135784e+00 5.755229225300410256e+00 3.704895040615567847e+00 -3.493004145163105534e-01 3.100917616609693006e+00 -7.352079132551772034e-01 -2.663502405409738039e+00 1.446316974790224474e+00
0.000000000000000000e+00 1.073871649930361605e-01 -3.235622881932725736e+00 9.657285447420460578e-01 -1.331029061259693780e+00 -5.426840350428642878e+00 -6.093234927705159620e+00 -4.295205897258200345e+00 -2.946161584065232653e+00 -1.567209839004769290e+00 -2.915076400536661616e+00
1.000000000000000000e+00 1.552507927624307227e+00 2.088690077878859519e+00 -2.812320466136342567e+00 5.085661821904326807e+00 3.770643529842052200e+00 5.489919168714543218e-01 3.947490111328358253e+00 -9.183096391937730640e-01 -2.296684186777778525e+00 1.835624584956544458e-01
0.000000000000000000e+00 1.376203908934454434e+00 -4.234849419948973015e+00 2.091842444440129345e+00 -2.879466424067806951e-01 -4.775919258866398565e+00 -4.049638023578590484e+00 -2.512516922931895103e+00 -4.097693186925276621e+00 -4.170530746821742296e-01 -1.808626544315606210e+00
1.000000000000000000e+00 6.145914334499149589e-01 2.716026278547444051e+00 -6.195274315043386437e+00 4.912918597362261330e+00 4.325542748596260978e+00 1.124251761050353071e+00 4.650503987081988200e+00 1.057598451989771871e-02 -4.504719531136131216e+00 1.763152406061539335e+00
0.000000000000000000e+00 -5.488870096687666900e-01 -4.919723113421644811e+00 3.279196460054486728e+00 -4.949397712121176851e-01 -4.588654560052569664e+00 -5.260665952421492264e+00 -3.424662233812332257e+00 -4.142506776283053860e+00 -8.491264636969753088e-02 -1.172755160848660161e+00
1.000000000000000000e+00 1.250943489985877566e+00 2.368189289992367996e+00 -4.752177755114529667e+00 4.601909197444648214e+00 3.556521252663690014e+00 -2.093807272770458749e-01 4.764732216966012679e+00 6.358450321388880999e-01 -3.494943620656892236e+00 3.458408606913475403e+00
1.000000000000000000e+00 1.018498074281336319e+00 3.113068403374503745e-01 -4.131188130287602789e+00 2.626037645188421976e+00 3.515213233824491468e+00 -4.454955392113453261e-01 4.475393525553346130e+00 -1.049999646821231147e+00 -4.032712762454348621e+00 2.116586860053835117e+00
0.000000000000000000e+00 1.373697753041624781e+00 -4.075037710436453686e+00 2.707925064996578701e+00 -2.288304747588255417e+00 -5.143209617355683605e+00 -3.555990596168861373e+00 -4.127496701811111279e+00 -2.536024473464751239e+00 5.509347773874928578e-01 -1.206139285692392260e+00
1.000000000000000000e+00 5.104410493494292433e-01 2.125777787731299995e+00 -5.380454813366499778e+00 4.268272212575287661e+00 2.953253703309665745e+00 -5.114121542353562422e-01 4.319032478741066328e+00 1.198447791465339307e+00 -1.022225654393740246e+00 1.017916493591086047e+00
1.000000000000000000e+00 7.972182943568713043e-01 3.148334596386332507e+00 -3.295291558126668630e+00 5.328425608437955319e+00 4.425745785336083316e+00 7.603473656463892727e-01 5.052533838672896849e+00 6.172826563944279199e-01 -2.054134330115321649e+00 2.584532578487488408e+00
1.000000000000000000e+00 -1.065194986575868086e-03 1.376500131885932898e+00 -6.277954983509657083e+00 5.961830743744979344e+00 3.455939079094241251e+00 2.177676589782052974e-01 6.272326872700305422e+00 2.245883266079244933e+00 -3.824621926903907898e+00 9.393235425503747571e-01
0.000000000000000000e+00 1.170738908521037569e+00 -4.423551828342646708e+00 2.186686717277841918e+00 -8.904720214307442205e-01 -4.625305734070300545e+00 -2.644795126977523836e+00 -3.898128609148698409e+00 -2.625619989622615780e+00 -2.888621161795709824e+00 -2.410958117595805028e+00
1.000000000000000000e+00 8.276875481986065708e-01 1.392669162001414884e+00 -4.850125863599345166e+00 2.470953083121878002e+00 3.575111732687285659e+00 2.836999293734651650e-02 4.175569765851516735e+00 2.020391324313536519e+00 -5.342290715290880954e+00 1.825007256796691735e+00
0.000000000000000000e+00 8.439265839649797707e-01 -4.822161503692846019e+00 1.905687006376728387e+00 -9.638294284990376326e-01 -4.999803666719802919e+00 -5.290909608304136036e+00 -3.413038773592553810e+00 -3.186231610712779272e+00 -9.336087856330851364e-01 -1.875461319289976947e+00
0.000000000000000000e+00 -9.712634639627046873e-01 -3.741594529903808475e+00 4.045095390453090189e+00 -9.172313480992233536e-03 -5.916323884076810202e+00 -4.378247377128562157e+00 -5.923606934654019440e+00 -3.256236635451786654e+00 -1.730097137374545291e+00 -5.594632380419675144e-01
1.000000000000000000e+00 1.637388438440125382e+00 2.003807084511199488e+00 -3.727855148922072370e+00 5.801280469544648710e+00 4.366831199674996888e+00 8.713395786042991142e-01 4.787189348041250625e+00 1.610344943639082649e+00 -1.664957025793657452e+00 2.278243362550901985e+00
0.000000000000000000e+00 1.229887345019597067e+00 -2.393999150872146320e+00 5.226832501444493850e-01 -2.256658890735662837e+00 -4.852167045297862025e+00 -4.042971325943228500e+00 -1.861915365987811377e+00 -1.403589118411009418e+00 8.838234314944171111e-02 -2.438318747157241173e+00
1.000000000000000000e+00 9.463109474883428796e-01 2.400934833667448309e+00 -4.760601292236934512e+00 4.405603326053626922e+00 3.607826336782200993e+00 3.737579121099267043e-01 5.092326990751805837e+00 7.511902515125413737e-01 -3.846739487418114223e+00 6.222540329409134152e-01
0.000000000000000000e+00 1.397352440098593274e+00 -3.247872952184681861e+00 3.303330810094987413e+00 -5.401972708377666965e-01 -3.948025264884687857e+00 -4.317018039278575081e+00 -4.151947980153533280e+00 -2.375658436289242559e+00 4.136611173656645768e-02 -1.878649335649108076e+00
1.000000000000000000e+00 8.949554811653899211e-01 3.301701894754268007e+00 -4.944931829808193235e+00 4.114241642387170828e+00 4.742920626426548658e+00 -7.104131036700492841e-01 4.672130139223470202e+00 -3.150388166148582192e-01 -3.044299820202776008e+00 2.562478949083094371e+00
0.000000000000000000e+00 -3.230094771971377954e-01 -3.815417928789580859e+00 2.467575356406320974e+00 -1.956441308752125741e+00 -5.391452728508928871e+00 -4.902024946431454921e+00 -4.091603412068447909e+00 -3.206261189461967032e+00 -1.227121819501138189e+00 -3.126816812775601306e+00
0.000000000000000000e+00 1.371047776804069196e+00 -2.747968312556266834e+00 3.837473218568748123e+00 5.442068272141986629e-01 -5.432874065420211451e+00 -4.570100096629011510e+00 -4.721004220196368451e+00 -1.945976180169844749e+00 -2.325376156493285329e+00 -7.245793044552870654e-01
1.000000000000000000e+00 -7.132516899791885301e-02 3.662372692787084993e+00 -4.920521781410645445e+00 3.496647992895168588e+00 4.256607538722043671e+00 -6.938482546602261491e-01 3.624928687240755565e+00 7.894588072123458478e-01 -3.717123813714572567e+00 9.626018972813669139e-01
0.000000000000000000e+00 6.053280674754697444e-01 -2.877247860013140812e+00 2.904195732485204129e+00 -1.573440590751474799e+00 -5.072818349468921184e+00 -4.777313000529033182e+00 -3.195265113346479779e+00 -3.185823433698937723e+00 -1.575301555459621028e+00 -1.796381947992528705e+00
0.000000000000000000e+00 8.378117939579544649e-01 -2.755975469355730123e+00 2.847085651290960140e+00 -6.383495312993591186e-01 -3.377287249385104495e+00 -4.807667621719249773e+00 -2.736659950622890136e+00 -4.863471397104923710e+00 -8.391836133143184551e-01 -2.405931563408184815e+00
1.000000000000000000e+00 1.304528305805542798e+00 4.417518381163847430e+00 -4.957450527885237435e+00 5.382123024704723591e+00 4.776553728341865757e+00 1.410071629589258579e+00 4.987621614927834734e+00 3.397128422971201767e-01 -2.438553257295552168e+00 8.025775574582386662e-01
1.000000000000000000e+00 2.247696241971056441e+00 4.448463218974798572e-01 -1.557926355892986781e+00 3.929729376557376419e+00 3.260593270485836470e+00 -1.376319623746207199e+00 3.352703876398398286e+00 -1.668246471528630481e-01 -3.776618698646097005e+00 1.470210750707261038e+00
0.000000000000000000e+00 7.733980711767056704e-01 -3.937467742745472066e+00 2.760040246721665369e+00 -5.382061597408589471e-01 -6.037087249753927409e+00 -4.652699798248339569e+00 -3.566980925584378070e+00 -2.813918553240170262e+00 -6.801903001169137264e-01 -1.870033711737623339e+00
1.000000000000000000e+00 7.528978890468648322e-01 1.421532315896659959e+00 -4.999720882222125518e+00 5.266455531395931366e+00 2.921968513962656111e+00 -1.655776662715942482e+00 3.700024924687596695e+00 1.198102293802198348e+00 -2.911174204971809676e+00 1.507128002760454555e+00
1.000000000000000000e+00 2.623128566530953165e+00 2.938578243033120874e+00 -4.101892545581071303e+00 4.747320418144624909e+00 4.922537630139846243e+00 -1.044871825341138649e+00 4.126113773184470368e+00 2.886783673798855032e-01 -2.261198755935157401e+00 1.481344626701223799e+00
0.000000000000000000e+00 1.398122514490556245e+00 -5.017357120138958848e+00 1.687167818894702576e+00 -9.332276071593816891e-01 -3.375063666275145202e+00 -4.851425372069814834e+00 -1.625084732510392094e+00 -2.878080705897549940e+00 -1.705500459715645567e+00 -1.249383590348690287e+00
1.000000000000000000e+00 6.310502986809964909e-01 2.522102576811984243e+00 -5.445337977920713612e+00 6.294273798743822645e+00 3.533088190937683226e+00 -2.905446120911800434e-01 3.747158570360230367e+00 -7.332323036998020793e-01 -4.444908789197749677e+00 -2.197151791486967376e+00
0.000000000000000000e+00 1.151572915775934902e+00 -1.924448121086596020e+00 1.003945929544168392e+00 -1.914385291705267944e+00 -4.926253657193482738e+00 -4.531291824673125745e+00 -3.074371233509348489e+00 -4.082524703234755137e+00 -5.853455337338508979e-01 -7.642639962723194458e-01
1.000000000000000000e+00 7.904760977157117008e-01 1.879210013719781802e+00 -6.514100534963782607e+00 4.336806929600790284e+00 3.046212936371926361e+00 -1.748378629691712538e-01 4.009795481228544567e+00 1.210921584485228575e+00 -2.297075236514702912e+00 8.620135808622104712e-01
1.000000000000000000e+00 1.131069721156412022e+00 1.550254986203548180e+00 -4.290479693650731008e+00 4.322646401171962971e+00 4.662609705103183622e+00 -1.822459007208424797e+00 3.128336280338792186e+00 7.785766737537249682e-01 -2.898302816267705140e+00 -4.215204707996806910e-01
0.000000000000000000e+00 8.232247012528431940e-01 -3.778033498077287167e+00 3.131506625101900365e+00 -1.141267168630367257e+00 -4.701199428832597782e+00 -4.212003479289780472e+00 -4.918141587034107864e+00 -3.599393937193905657e+00 -1.515149795048831294e-02 -1.983124910246997441e+00
1.000000000000000000e+00 1.325768389870797037e+00 3.073074781659292043e+00 -4.968195622735534833e+00 3.436434111615194631e+00 4.371220207032515681e+00 -8.538235540740761742e-01 3.568465161625452353e+00 1.438701304283138693e+00 -3.370996209533347887e+00 2.086293613366562383e+00
0.000000000000000000e+00 1.033079701184896892e+00 -4.829991218939480468e+00 3.659691576600112128e+00 -3.984182807052262798e-01 -4.411731444389441315e+00 -3.784489866016229609e+00 -2.639760473418125919e+00 -3.814929751829117865e+00 -2.515613155555542768e+00 3.162325636038603172e-01
0.000000000000000000e+00 -7.550247123612547906e-01 -4.776059875082871997e+00 2.375193974831582899e+00 5.090886675567682929e-01 -4.197970153810421934e+00 -6.733769746012757906e+00 -3.756122090801064406e+00 -2.748694891068069079e+00 -2.171845354945325823e+00 -1.163993068297282329e+00
0.000000000000000000e+00 1.754295987124395273e+00 -1.714545942361112241e+00 1.841752015470185855e+00 -7.793917213280298073e-01 -5.916687149773872889e+00 -3.330008766473999682e+00 -3.120829022822974252e+00 -3.690356381463826274e+00 -1.755325287921879251e+00 -2.284790864961717016e+00
1.000000000000000000e+00 5.561278739150168349e-01 1.512847251750847999e+00 -3.204075309421898776e+00 6.393025916297657041e+00 4.943686658691824221e+00 7.119655059277049114e-01 5.382031835019198240e+00 2.196107513930725119e+00 -4.496492689760123618e+00 7.818253801242122103e-01
0.000000000000000000e+00 8.784162151207495217e-01 -2.866151119512857282e+00 2.777193167105224347e+00 4.233047856587799362e-01 -7.090575186518363715e+00 -5.283789262487429639e+00 -2.213322477749347872e+00 -3.071611525764684991e+00 -1.214931293569637694e+00 -9.133780869147454240e-01
0.000000000000000000e+00 -6.665784643061909431e-01 -3.412782251493215568e+00 2.630887073223584505e+00 -1.175674717305144945e+00 -4.168675237500072406e+00 -3.304999836352205733e+00 -3.691519947832603066e+00 -2.966545953618378473e+00 -1.088266841289997400e+00 -1.556219912895405511e+00
1.000000000000000000e+00 1.485732808322219878e-01 2.437708029646205254e+00 -4.709681584615196925e+00 4.965534345991741816e+00 4.047105723317351078e+00 -2.332958772576518847e+00 2.594713806446721893e+00 5.199578364628243410e-01 -1.987312837700537349e+00 6.970564858068519776e-01
1.000000000000000000e+00 1.192685943545867877e+00 2.561295410346998924e+00 -4.304584861750491598e+00 5.725510075717402003e+00 4.234040479777918975e+00 1.413460998298338822e+00 3.667989309210867521e+00 3.831264535953903816e-01 -3.129483835642007161e+00 1.102533536501628886e+00
0.000000000000000000e+00 2.238324340086808029e+00 -3.034774979659256466e+00 3.621262774632577397e+00 -1.073360661940102601e+00 -5.318622233566713042e+00 -5.163127426394032327e+00 -3.652956779226520734e+00 -3.289222207525522634e+00 1.334842756575948641e+00 -3.307256119870428890e+00
0.000000000000000000e+00 5.639067195007274602e-02 -2.116906061121129667e+00 3.320900265355452241e+00 -2.710507789312493365e+00 -5.009474127204489591e+00 -4.100213488859407285e+00 -2.812250223627460244e+00 -3.263675195040439903e+00 -8.480140087820973172e-01 -3.384127725257695118e-01
0.000000000000000000e+00 -7.537938956264572665e-02 -3.222803952376130709e+00 3.569949011297924635e+00 -4.947390431448521197e-01 -5.826825837227981530e+00 -3.364491887998071196e+00 -2.972696307186572184e+00 -3.524660333016658598e+00 2.081667001190359301e-01 -1.789631987759416010e+00
0.000000000000000000e+00 -1.373325767165653799e+00 -4.043996357675390563e+00 2.867965414447827044e+00 4.136518140918221675e-02 -4.619154114170548553e+00 -4.106945575032854734e+00 -4.945624818058460548e+00 -4.140021417137201176e+00 -1.151128780305068489e+00 -2.077367570179460277e+00
1.000000000000000000e+00 2.162060025088591964e+00 4.348981874892532851e+00 -5.466066658664807676e+00 2.512577294321165056e+00 3.332565931152079663e+00 1.012656242273343832e+00 4.775391591933543012e+00 4.591253443272225176e-02 -2.979205781375578344e+00 9.255676139904033262e-01
0.000000000000000000e+00 -1.381700926739743096e+00 -3.069011344135694319e+00 1.967028999799431022e+00 -8.983548505233217574e-01 -4.993917350116277021e+00 -4.081610953830479005e+00 -3.555982501729118006e+00 -3.040933239216278672e+00 -2.028670080166686596e+00 -2.764641720530694791e+00
