1.000000000000000000e+00 -2.688008003064351392e+00 -8.621657764653447131e+00 -6.209297920583606967e+00 3.733535085918299856e+00 -4.969511754151484162e+00 -1.718958792311533035e+00 1.222368700014130116e+00 -4.069173564366661999e+00 2.382116774041237672e+00 -2.501945205150354568e+00
1.000000000000000000e+00 -3.215283259477218269e+00 -7.982284460348775035e+00 -6.582158314930866894e+00 3.305569569496602522e+00 -4.637080322984274083e+00 -9.867814136282482274e-01 -2.446966688126883671e-02 -4.054851970464415700e+00 6.873656707282476130e-01 -4.742785345245695838e-01
1.000000000000000000e+00 -3.908974321333836155e+00 -7.586286593205224804e+00 -6.995098175987982891e+00 3.869319336494528194e+00 -4.999611920987852898e+00 6.550122046099164930e-01 1.637370724814074974e+00 -4.358811650063400656e+00 1.302399765337936888e+00 -8.418321197150585578e-01
1.000000000000000000e+00 -3.859450856085623105e+00 -9.170335406786390919e+00 -6.772689584370489513e+00 3.475452039627510814e+00 -5.487167939355570567e+00 6.670542996094757093e-01 1.085328469080085512e+00 -3.682154058914993033e+00 1.119770847384938817e+00 -2.924115588444164970e+00
0.000000000000000000e+00 -4.221085505887733014e+00 2.333829170627304883e+00 -9.266319687573167485e+00 1.977342378783712717e-01 -3.667812304195535500e+00 -4.922263888791328368e-02 -2.838942778079995399e+00 2.205360596896491998e+00 -9.985532644460407781e+00 -4.377945081703837005e+00
1.000000000000000000e+00 -5.120316755479295878e+00 -7.995104415376772522e+00 -7.036582407597869349e+00 4.184376800901030258e+00 -5.743312755959332883e+00 2.772254607475318489e-01 1.422407844255995091e+00 -3.406037914975838632e+00 2.579641816193066983e+00 -2.250797472417203515e+00
1.000000000000000000e+00 -3.546852785563936461e+00 -7.429111046428758414e+00 -6.622486518647111353e+00 2.538208470019061025e+00 -4.933329799650520542e+00 3.663042573742972818e-01 -7.135269560395280930e-01 -4.675846757250842423e+00 2.971066850334688425e+00 -1.282757545265420740e+00
1.000000000000000000e+00 -3.994750766980524226e+00 -9.541133038228604590e+00 -6.629072245199346902e+00 4.184515140353691542e+00 -7.010560061795105824e+00 1.427026012553666456e+00 2.103397725506988447e+00 -4.166366942656402728e+00 7.105209491329473881e-01 -1.748467484324385035e+00
0.000000000000000000e+00 -5.345836907019210216e+00 3.408131116390362259e+00 -7.902564634305873525e+00 9.333643243416981372e-01 -4.521260783746148704e+00 -5.990938950405291230e-01 9.249820719961898696e-02 1.792732637527892914e+00 -7.339381788515959570e+00 -5.456916512198554337e+00
1.000000000000000000e+00 -3.694428642586265799e+00 -6.086208870797822357e+00 -6.154320981307511929e+00 3.216033832050141594e+00 -5.494696765047359932e+00 -1.489912342183330018e+00 3.835508811336945656e-01 -3.419727535093804338e+00 2.108584681524436455e+00 -1.496043822122206546e+00
1.000000000000000000e+00 -3.012376281114790721e+00 -7.759966591080195819e+00 -6.557529048609463729e+00 2.883366292946608400e+00 -6.786398981988133627e+00 9.273638920647566675e-01 5.942490255258893184e-01 -6.113393784438532208e+00 2.688449212461340387e+00 -1.401939940946755003e+00
0.000000000000000000e+00 -3.716394068468997780e+00 2.727737977615699361e+00 -8.932787156053448641e+00 1.124593125957358691e-01 -4.221384146420051664e+00 -6.077994430910621526e-01 2.149338383721000056e-02 2.151242865873334686e+00 -9.218985189309940154e+00 -5.633376996815816717e+00
0.000000000000000000e+00 -3.917215100750216283e+00 2.712537424077571480e+00 -9.382351596615773559e+00 -5.530752509596585931e-01 -3.106751973481313378e+00 -2.508070173667908964e-01 1.374496737599760765e-01 1.762012078421842043e+00 -6.723346825540090776e+00 -4.946533196635975571e+00
1.000000000000000000e+00 -4.335257375642247446e+00 -7.579693501857098781e+00 -7.029594486652133156e+00 3.942463424104058145e+00 -3.885077427749893619e+00 -1.055928683113310562e+00 7.322741445356888423e-01 -4.411708964778950914e+00 2.455439525204545781e+00 -2.332002187547199679e+00
0.000000000000000000e+00 -4.102014622081201267e+00 1.308485110964300091e+00 -9.885944050921848358e+00 -2.893245864212866114e-01 -2.836738195351958147e+00 -1.512906849229106676e+00 -8.913461774913545854e-01 1.375414860900243674e+00 -8.348622537009312339e+00 -6.523630578893359733e+00
0.000000000000000000e+00 -3.852339041037710743e+00 2.562076559032262946e+00 -9.659683619351524086e+00 -5.169497052118297853e-02 -4.650930970825645439e+00 5.696339369675567088e-01 -2.131809289388403528e+00 1.220441474389820202e+00 -8.788896488683391794e+00 -5.496478090999792343e+00
1.000000000000000000e+00 -6.138227366499126703e+00 -8.616759687442886673e+00 -8.473311724954587731e+00 2.900929804497473175e+00 -4.688296344494999879e+00 4.796125391851419062e-01 1.573725849379136732e-01 -4.273037842070873005e+00 1.274749497070794879e+00 -9.927317596701024094e-01
0.000000000000000000e+00 -4.180643586702506020e+00 3.339575357966371172e+00 -9.689493225833722079e+00 7.044896019831048406e-01 -4.702093902050573426e+00 -5.156126719623471688e-01 -1.426252027752624718e-01 8.613782554232906064e-01 -6.890598729963949509e+00 -6.301487930718119301e+00
0.000000000000000000e+00 -3.147790162782639900e+00 3.831072802129999122e+00 -9.638331839261992329e+00 3.316292441548076564e-01 -4.321496791982484709e+00 -4.169160018167730186e-01 -1.353570251376910782e+00 1.381463993903180087e+00 -8.174216865386716435e+00 -5.612561017636870986e+00
1.000000000000000000e+00 -4.025034262915616168e+00 -7.507274023352207948e+00 -5.663989953402773558e+00 2.751875859406953673e+00 -6.577670991490958130e+00 -2.389700002319707473e+00 8.251768734538980077e-01 -5.116997509340625250e+00 2.728365902699892764e+00 -1.461680076064641787e+00
0.000000000000000000e+00 -5.376473078894443702e+00 4.774064654306396704e+00 -8.350916710397164877e+00 -1.901701026097846192e-01 -3.508278146171487588e+00 3.245410780809803164e-01 -1.961666111560354420e+00 1.709318264903780804e+00 -1.013011852352869369e+01 -4.980169838290090745e+00
1.000000000000000000e+00 -3.876539790533168439e+00 -7.265736380446081277e+00 -5.998142574042987896e+00 3.110703091697503364e+00 -4.350720444901936546e+00 -1.342464776256469428e+00 1.208992347016040636e+00 -5.847345284488025818e+00 2.764003292419217939e+00 -2.216470703416564270e+00
1.000000000000000000e+00 -3.252090411341620690e+00 -7.730115987317963011e+00 -6.154758080860928793e+00 3.328437807660763692e+00 -5.553866655165562882e+00 -5.639482698573986541e-01 1.591013204364460476e+00 -4.825943546133786732e+00 1.890863510108409473e+00 -1.026311799088696741e+00
1.000000000000000000e+00 -4.096353528394281795e+00 -7.763402634927417445e+00 -7.379949289555116643e+00 2.637884643510851390e+00 -5.131198885713144087e+00 -2.118251470959126692e+00 -4.233855003392761329e-02 -4.124031707698545546e+00 4.804311544306596460e-01 -2.533366028757116695e+00
0.000000000000000000e+00 -3.981425923762278885e+00 3.941438164530863375e+00 -8.165783573986741928e+00 5.277430807370194765e-01 -2.233094234692826419e+00 1.282648489078338949e+00 1.152810824777574794e-01 2.815422356159739348e+00 -7.047309038592279862e+00 -5.579957061864059042e+00
0.000000000000000000e+00 -3.978499845257309708e+00 3.349207128510924392e+00 -9.392165240991275255e+00 -1.124923027411968590e+00 -3.399383922754504184e+00 -1.003184383733578544e+00 -1.408340260115568565e+00 9.203354956107474560e-01 -7.939014123047603455e+00 -4.912919862154215167e+00
1.000000000000000000e+00 -4.404946637682757071e+00 -7.167486881660654952e+00 -7.686185618837432010e+00 3.559572465015756748e+00 -6.108753600621716906e+00 -1.328022073736414344e+00 -9.463962947484660937e-01 -4.799026377005445099e+00 1.633100447348712514e+00 1.212964875969897438e-01
0.000000000000000000e+00 -2.510548107099901838e+00 3.383737723482435733e+00 -9.216225996241371732e+00 5.714485524591945698e-01 -5.138696616069882595e+00 3.805988960795740894e-01 -1.260397013595304649e-01 2.473279129082464500e+00 -9.366889620337270017e+00 -4.626644911782707759e+00
0.000000000000000000e+00 -3.932305301862346614e+00 2.329340767521092648e+00 -9.413390696887802278e+00 1.230287324855267705e+00 -3.949292465396875507e+00 -1.793464022879591280e+00 6.360435267462944964e-01 2.694891359058345426e+00 -6.034753450004520126e+00 -5.799154804561958088e+00
0.000000000000000000e+00 -4.722971140532042256e+00 3.590652861222869419e+00 -9.253217601341706455e+00 1.130016164600562423e+00 -4.077441798415827101e+00 -7.276781245188568281e-02 -3.998430552529498860e-01 2.594885396145668821e+00 -8.476229173624924229e+00 -5.109491863843720338e+00
1.000000000000000000e+00 -3.657092980893505541e+00 -8.535438723839810393e+00 -6.447413926992244804e+00 3.597631723951583815e+00 -3.845585180574206952e+00 -2.950264959770603213e-01 4.616316024451241340e-01 -5.637642090347388724e+00 1.454908768418818221e+00 -1.871824463357190993e+00
0.000000000000000000e+00 -3.867991142735625498e+00 3.014428528313097377e+00 -9.560441635926689941e+00 -7.589202383992160739e-01 -5.074145246594746084e+00 -1.055745190316894400e+00 -4.917564872841268531e-01 1.021642884208334046e+00 -9.550829454956867082e+00 -4.549687760230723299e+00
0.000000000000000000e+00 -3.836580338608440055e+00 3.463152366499344659e+00 -8.900838816000339548e+00 -6.401213366788505166e-01 -4.322272979291265749e+00 5.059433320113415622e-01 -7.676232247553822496e-01 1.994418108623625674e+00 -9.791321978630461942e+00 -4.175101442831871346e+00
0.000000000000000000e+00 -5.758576240786921652e+00 4.039846932078884123e+00 -1.033114909024734196e+01 1.002610881749596228e+00 -3.740312469492771630e+00 -3.114382481301264161e+00 -5.454986196049762537e-01 1.726546045152100639e+00 -5.842552022647937271e+00 -5.992396317180919141e+00
1.000000000000000000e+00 -3.643502641732919045e+00 -7.846271782181226229e+00 -6.551174816425842984e+00 3.507781898621425309e+00 -4.428198241867502993e+00 4.909348909322938104e-01 8.983791903117722688e-01 -5.323361794550518944e+00 2.134961759418158245e+00 1.213785574140313628e-03
1.000000000000000000e+00 -4.751463740845044192e+00 -6.440158580611770489e+00 -8.031867478995840415e+00 2.162003281232405705e+00 -6.989790075513111489e+00 -2.213761540853717680e+00 2.109493329229575331e-01 -5.170526924579703199e+00 1.572691056425057354e+00 -1.411600612507331931e+00
0.000000000000000000e+00 -4.698486977085023497e+00 2.507208634193047292e+00 -1.003856712648052074e+01 -7.675031197401024352e-01 -3.573094930132629798e+00 -1.288774048423567464e+00 -1.747935229859035378e+00 2.425839070987787505e+00 -9.479782546881681426e+00 -4.566145259921047028e+00
0.000000000000000000e+00 -4.121594908219381459e+00 2.878296397397491102e+00 -8.028939062817000760e+00 9.828614784495199874e-01 -5.642785175524432262e+00 -1.098524682408777764e+00 8.435347568580919830e-01 1.989398213917610958e+00 -8.261733993864002201e+00 -5.011578320269572728e+00
0.000000000000000000e+00 -3.979586392482765689e+00 2.750528602975440329e+00 -9.186869173946737632e+00 -8.830000621618236956e-01 -4.355982980949171690e+00 -3.640512688135242314e-01 -1.367136761372615084e+00 2.798086412924311706e+00 -7.822966120727421924e+00 -4.262972574570973450e+00
1.000000000000000000e+00 -3.623547366343430554e+00 -7.219076090257357414e+00 -6.297747422038471043e+00 3.271313684440195768e+00 -7.179398340952738877e+00 -4.288259546821596713e-01 -1.742407722724800045e+00 -4.950627150248296360e+00 2.411026478725927902e+00 -1.371930870270578584e+00
1.000000000000000000e+00 -4.378539609217539486e+00 -8.795465237096180999e+00 -5.866913569053246569e+00 3.002520053721763116e+00 -4.108469699924328644e+00 5.243058609193577135e-01 4.737746430199372139e-01 -6.673529546324883377e+00 2.672316734828595219e+00 -2.170075255599711372e+00
1.000000000000000000e+00 -4.614078180447576116e+00 -9.806468263230406990e+00 -5.874281227716642739e+00 2.657315133468473256e+00 -5.597689292764300717e+00 -1.823484545463460726e-01 -2.347603665760154446e+00 -5.144146235273967527e+00 2.642486092941504605e+00 -7.660992034972584630e-01
1.000000000000000000e+00 -4.107398693312639182e+00 -8.551604193696620726e+00 -7.032211255861205323e+00 5.841861494542039068e+00 -7.023244383699741356e+00 -1.717451092132316504e+00 1.099042102437199908e-01 -4.584378931180214778e+00 1.207370493449010596e+00 -1.358940587857572435e+00
1.000000000000000000e+00 -4.466652874610600676e+00 -7.722512061445275577e+00 -6.508658718562648104e+00 4.154144379690526634e+00 -5.690266620976858647e+00 5.895847809391578931e-01 1.438863513070684164e+00 -5.057734369041428479e+00 1.091290291421610714e+00 -1.983283780376239980e+00
0.000000000000000000e+00 -3.405298825074948077e+00 1.673816547725944792e+00 -7.689579838247341925e+00 6.600491077283748842e-02 -4.830481019538430232e+00 -1.543492281329103877e+00 1.126721269624133326e+00 1.182151097575381282e+00 -9.985411556825365409e+00 -4.685585744626240334e+00
0.000000000000000000e+00 -4.511759427825094981e+00 3.930525366557060085e+00 -8.464214411784372061e+00 -7.533248730836992202e-01 -4.443597998554944084e+00 -2.479255165943238026e+00 -2.007402451155085643e+00 2.663811018476672565e+00 -1.087066588351168761e+01 -4.318961547441251270e+00
0.000000000000000000e+00 -3.811116345869163702e+00 3.960741244997647126e+00 -8.878720829116778290e+00 4.275623693358550637e-01 -4.478641065030905644e+00 -9.689470652338179057e-01 -2.168057103131063812e+00 3.167209100432879509e-01 -9.343504204203430419e+00 -5.991355823108736267e+00
0.000000000000000000e+00 -5.082253549702852702e+00 4.000792143915147037e+00 -9.361359397800875115e+00 -8.902030921611478465e-02 -4.822302495467502226e+00 -3.644882626994068731e-01 -2.369800203028226804e+00 2.669272724642516526e+00 -9.312484828028281925e+00 -6.396405610548097087e+00
1.000000000000000000e+00 -3.591395044131266090e+00 -7.840231426030652706e+00 -6.184212156662232118e+00 4.353837424775120368e+00 -5.078098411121939826e+00 1.329825204853759546e-01 1.313570007056257705e+00 -5.535784813212717204e+00 1.223927741253081347e+00 1.766560249417499229e-01
0.000000000000000000e+00 -4.779278138617796046e+00 3.580720270956855522e+00 -9.990202631931236255e+00 5.107732865268561628e-01 -5.248032279653940257e+00 -4.509976315604899977e-01 -7.594039180875810091e-01 5.128394691027517993e-01 -8.651087706991251736e+00 -5.029983750732431425e+00
0.000000000000000000e+00 -5.130068543904452660e+00 2.819764952271937020e+00 -9.019405822259827232e+00 1.642686919562010850e-01 -4.923262591435155322e+00 1.418557253496371073e+00 -3.152101746220877798e-01 3.160145335732448935e+00 -9.926443526026886843e+00 -4.347168607952776043e+00
0.000000000000000000e+00 -5.569011107561479434e+00 2.701004119601670972e+00 -1.001917087990979027e+01 -1.075471471549018787e+00 -4.144780491450152482e+00 -1.197905286648954792e-01 -1.761990000078408780e+00 6.832320600927084264e-01 -7.732544604300840341e+00 -4.618995268943837829e+00
0.000000000000000000e+00 -3.362502714591657060e+00 2.847902100345608201e+00 -9.012875203073337005e+00 -5.186300156906088477e-01 -3.415320199922579292e+00 1.549789836706814139e+00 1.692886182597991285e-01 1.205498060753580569e+00 -7.885542499620274093e+00 -5.836598886002098752e+00
1.000000000000000000e+00 -4.479111790923935743e+00 -7.164485790121362996e+00 -6.963613749399993225e+00 1.953948066928452798e+00 -5.258211779457003132e+00 2.713060371411760485e+00 -1.888216989918402033e-01 -5.653430038035468286e+00 1.795068285353732085e+00 -7.201665209824865688e-01
0.000000000000000000e+00 -4.280942586421399021e+00 2.690449872650490626e+00 -1.021342524619203651e+01 1.366313958678903262e+00 -5.612587383004972175e+00 3.621531483806793572e-01 -3.896301847102526805e-01 2.882844181445959997e+00 -7.733835585561115167e+00 -4.179768590011272877e+00
0.000000000000000000e+00 -2.266564473360664245e+00 2.877447542010240333e+00 -9.846980001404425309e+00 5.972074678473884290e-01 -4.754492726986007334e+00 -1.279888947175989333e+00 -1.107600149861744931e+00 1.114808217260114143e+00 -7.765742659926762492e+00 -4.188214046590577944e+00
1.000000000000000000e+00 -3.716985778931867657e+00 -7.457151208038666823e+00 -8.628367514636817504e+00 2.728283777737611437e+00 -3.084606959480727273e+00 -1.290721278952530193e+00 8.445365594251251773e-01 -5.062373076254247373e+00 2.593388700731003915e+00 -5.024052967261720681e-01
1.000000000000000000e+00 -4.642713865991538569e+00 -6.971030933402442287e+00 -7.617074945495867055e+00 2.805507525141136327e+00 -6.526125023266889258e+00 -1.744675300334669332e-01 3.141369815852674274e-01 -5.143986620162892542e+00 1.129636121642594082e+00 -1.568427549122750175e+00
0.000000000000000000e+00 -4.674966591271405569e+00 2.573619127596603384e+00 -8.490070271982048666e+00 5.291487860093337103e-02 -3.886137841490803435e+00 -2.151294373368190516e-01 -2.076681172921417406e+00 8.425151702080717619e-01 -6.874680681612438171e+00 -6.321857876754970462e+00
0.000000000000000000e+00 -3.940739398259721860e+00 2.735277208783284397e+00 -9.511086758103310501e+00 -2.972713912511076861e-01 -4.440681997759689636e+00 -7.417135284965457043e-01 1.494035279990345355e+00 1.487827835251401609e+00 -8.720062451573387108e+00 -4.252758030577895809e+00
1.000000000000000000e+00 -4.888013058394987453e+00 -6.652492641192806033e+00 -8.022607867239615942e+00 3.475758389597987552e+00 -6.819008503512553609e+00 -4.692280159325382116e-01 1.205409354182005899e+00 -4.214883800195130092e+00 1.457398794313537138e+00 -1.461963098128614913e+00
0.000000000000000000e+00 -4.047399528415189351e+00 2.774063283589089934e+00 -7.916992448298953988e+00 -4.040223749232088601e-01 -3.436731341474815071e+00 -2.661650206811599917e-01 -1.602322114757868121e+00 1.069692029658889876e+00 -6.722653753023323908e+00 -4.129657645609887240e+00
0.000000000000000000e+00 -5.212232130515412010e+00 3.335290886301268465e+00 -8.476953413174184604e+00 1.197597337859726441e+00 -3.986993974185576661e+00 -2.123829368578090460e+00 -2.300118136401151370e-01 1.954523902383844325e+00 -7.998654642169839235e+00 -4.841348518784832855e+00
1.000000000000000000e+00 -3.892201048253058016e+00 -6.460578323619240670e+00 -6.555130332646868396e+00 4.497534992971557344e+00 -5.410346959448032678e+00 -3.961639384920108142e-01 1.709165686062279033e+00 -6.721630915675318896e+00 6.042883043173723490e-01 -1.136943809610217793e+00
1.000000000000000000e+00 -4.593269669656843135e+00 -7.355672766601283996e+00 -7.496624718378233077e+00 4.848549573038403615e+00 -6.399866964571427452e+00 -1.700065720611548814e-02 -1.060081225109187342e+00 -4.639888393100174646e+00 1.669608655297819322e+00 -1.186340535379918792e+00
1.000000000000000000e+00 -3.901195906335626074e+00 -7.712103570115798057e+00 -7.120847229384439814e+00 4.301716655035450643e+00 -5.357125118527925167e+00 -1.122014895285328828e+00 -3.478830755480878389e-01 -3.973435933162458689e+00 2.754891290469000609e+00 -2.201782674680085705e+00
1.000000000000000000e+00 -5.058378953426372782e+00 -5.900782954377465472e+00 -6.921525902144309406e+00 4.546424033613597260e+00 -6.391542750926941352e+00 -3.027600013426379189e-02 3.870675995267117142e-01 -2.154413989480271407e+00 1.706856948438078669e+00 -2.055945361065231403e+00
0.000000000000000000e+00 -4.625823979808857622e+00 3.186994913581599587e+00 -7.603094552663975492e+00 -2.961185488873477878e-01 -3.542099326048453012e+00 1.473657471970160504e+00 -2.008268826206638380e+00 1.558265576104306271e+00 -8.051158045143688824e+00 -4.537524092348030891e+00
0.000000000000000000e+00 -4.068008240563176336e+00 2.810728878814304998e+00 -9.285793694178828162e+00 -2.594506851893759736e-01 -4.487703556554307305e+00 4.710505326695930695e-01 1.446781304861721740e-01 1.356357297790935057e+00 -7.271653117702584268e+00 -5.467681151353704472e+00
1.000000000000000000e+00 -2.572975858732967858e+00 -6.933994363572939079e+00 -7.613301708767011178e+00 4.373505207535162143e+00 -5.251556688005114104e+00 -2.952886795431725053e-02 5.831292333572479780e-01 -4.834389025108673188e+00 4.193431096887521470e+00 5.163678259206105903e-01
0.000000000000000000e+00 -3.634631774089357670e+00 3.153334284782394636e+00 -8.386649864626246398e+00 -2.071065316262086786e-01 -3.978461144644056091e+00 -1.305323925075111191e+00 4.115524265167391782e-01 9.117997908551803699e-01 -8.138378276892233032e+00 -7.136332166793973641e+00
1.000000000000000000e+00 -3.453346827544047759e+00 -7.980004080330701299e+00 -5.796733867203319512e+00 3.335418335186199901e+00 -4.337517112020174537e+00 -2.055655951287938876e+00 -1.283865156881442093e+00 -5.270549753451275521e+00 2.827837709512128317e+00 -7.332399553768278455e-01
0.000000000000000000e+00 -3.552021519161844942e+00 3.760988568055644521e+00 -8.555366773946250447e+00 1.209041122351771858e+00 -4.363716568311454047e+00 1.315292738573180520e-01 -1.238195591068111723e+00 7.099319682536693321e-01 -9.838202901166191339e+00 -5.802020988809686308e+00
0.000000000000000000e+00 -5.192608269483437233e+00 2.041570737402633284e+00 -9.183198467399780185e+00 -3.883664705383805815e-01 -5.865701662982831799e+00 2.286987518880950754e-01 7.170318539103199829e-01 1.070782049211166154e+00 -8.071845406455008032e+00 -4.329546424958635953e+00
0.000000000000000000e+00 -3.060343012387771289e+00 2.214991845304785656e-01 -9.208584423912375527e+00 3.120080247346135871e-01 -4.766969996646446717e+00 -6.057644542541600341e-01 -8.952330922391876777e-01 2.012786457425906672e+00 -7.164368132619436835e+00 -5.615726222962194036e+00
0.000000000000000000e+00 -4.426705322320661828e+00 2.226584906061706448e+00 -1.022002472197770118e+01 7.700390676133689327e-01 -3.080943462366577013e+00 -1.462560414615695414e+00 7.750584471501897887e-02 3.124196070187415408e+00 -8.526102738142100179e+00 -4.833580635124754998e+00
0.000000000000000000e+00 -3.557650170273154444e+00 4.317671756154006779e+00 -9.809112219270790689e+00 7.705454328381222684e-02 -4.335348696897791676e+00 -1.148718186681587206e+00 -1.219468699646898857e+00 2.652131832211351625e+00 -7.669011588557345327e+00 -5.908850046506514353e+00
1.000000000000000000e+00 -3.474271186757218910e+00 -8.423947788884023069e+00 -6.492246543369453171e+00 2.572750474283633793e+00 -4.078283797101294184e+00 -1.218976229269544742e+00 -8.005602282089239186e-01 -4.407259623810924509e+00 2.536222270550901214e+00 -1.410645971912491303e+00
1.000000000000000000e+00 -2.698867539627390677e+00 -6.141168083697456481e+00 -6.750136761787836726e+00 3.077446387365900815e+00 -4.672340693295679692e+00 -2.752217826239202192e-01 8.660536074354859837e-01 -6.651161562730981913e+00 2.737061389071100859e+00 -1.147019302909970895e+00
1.000000000000000000e+00 -4.154170216903493973e+00 -5.540703402666455446e+00 -7.444105768624963204e+00 3.503024552169311967e+00 -4.352540910390381157e+00 -8.813265334914641702e-01 1.867504457397892503e+00 -4.764807821763833218e+00 1.177439705525081370e+00 4.029170859481863154e-01
1.000000000000000000e+00 -4.588252688187995254e+00 -9.792090772753768491e+00 -6.574516240422634716e+00 4.800910330838227935e+00 -5.522128526687428263e+00 -6.626490404534259859e-01 -5.997062778545867445e-01 -4.534116264974863419e+00 2.279928722860656620e+00 -4.712452423130008006e-01
0.000000000000000000e+00 -4.481253923498928593e+00 2.157638783922921188e+00 -8.748057153665541819e+00 1.632559890919667023e+00 -3.926865395486956789e+00 9.038850090977017526e-01 -2.044208341522828931e+00 1.714743248904160522e+00 -8.436924665411257962e+00 -3.721928937761180833e+00
1.000000000000000000e+00 -2.628661493451203590e+00 -7.056084093687712055e+00 -5.830393895635464396e+00 3.170729437484593127e+00 -5.485542318115864013e+00 -1.217457853584575922e-01 1.035438098389554473e-01 -5.205218532517055685e+00 1.490773406601886730e+00 3.687430308744961138e-01
1.000000000000000000e+00 -4.047730419090020071e+00 -9.335568233947908467e+00 -7.548522159169660739e+00 2.189273827661683214e+00 -5.558806325962712513e+00 -1.254731554042467057e+00 1.876589819515233515e+00 -4.369830785333475021e+00 2.429925270497309775e+00 -1.218294417270554986e+00
1.000000000000000000e+00 -4.108399843927181827e+00 -7.254615635467054346e+00 -7.313584890145385486e+00 3.967107284643702325e+00 -3.509098703310465250e+00 -7.141614425480247164e-01 9.617775936410353221e-01 -5.170992342929789487e+00 1.615406923982300347e+00 -1.638143669956111603e+00
1.000000000000000000e+00 -3.345397081150003782e+00 -6.467940537790947353e+00 -8.254359016927566017e+00 4.452199672729018509e+00 -5.478270487257928423e+00 -1.589351305277559856e+00 9.050410970769631192e-01 -5.162776653061213139e+00 1.637700000445831083e+00 4.021311083937817443e-02
1.000000000000000000e+00 -4.483167236480822382e+00 -9.466419976083720655e+00 -6.761595592969894319e+00 2.813899359967817482e+00 -4.410588204605288887e+00 -2.181087339607705178e-01 7.898413480012238530e-01 -5.129907525351907971e+00 1.515420779092989445e+00 -9.800477051352562974e-02
0.000000000000000000e+00 -3.794848215407031766e+00 3.720055795010987598e+00 -9.354117537083203260e+00 6.136586793843313847e-01 -3.864935678726624690e+00 -1.630381987173759484e+00 2.456293369009334704e-01 2.946314408669033824e+00 -8.632954586561789156e+00 -5.211840750074737016e+00
0.000000000000000000e+00 -5.179388210193692998e+00 3.060852028475841813e+00 -8.318197317174659489e+00 -4.310843453946611170e-01 -3.054672562900629273e+00 2.075251286494639302e-01 -2.484349588740794035e-01 1.280159464407409686e+00 -8.138388343430635885e+00 -6.673760134426801827e+00
0.000000000000000000e+00 -3.675267157000821516e+00 3.492061981632462064e+00 -7.832283337709073479e+00 -3.426148703132201878e-01 -4.471970656792427334e+00 1.366882992255793461e-01 -4.918934177927815066e-01 1.701635092545122685e+00 -9.200241270205742339e+00 -4.483782236370934093e+00
1.000000000000000000e+00 -2.316806327454076886e+00 -7.484738719431474507e+00 -7.886368490892171401e+00 3.844079858322043908e+00 -4.449090357027523090e+00 -1.086002681872137110e+00 -4.553468847472308401e-02 -4.252834786446844539e+00 1.044182053784447728e+00 -9.346181805381442720e-01
0.000000000000000000e+00 -3.887353274460674690e+00 2.386490842910458099e+00 -9.210370718658824174e+00 3.536969365537300791e-01 -3.184985376126118872e+00 -1.341832324219077721e-01 -1.613514813134658832e+00 1.673440226200271663e+00 -7.718424900070453454e+00 -5.272102851354243391e+00
1.000000000000000000e+00 -2.701949654409833368e+00 -8.049329526419487735e+00 -6.988581619017299573e+00 3.372136924247915335e+00 -6.464410375990578217e+00 3.499720792427429839e-01 -1.095674249512079701e+00 -4.275002924129745807e+00 1.973799726219510164e+00 -2.070202046098001514e+00
0.000000000000000000e+00 -4.014278318293959202e+00 3.208222375403511961e+00 -7.393366069885273006e+00 8.693974300017378587e-01 -4.459814671006787634e+00 -1.192813022221170360e+00 -1.927925765188857055e+00 1.138438757023179981e+00 -9.233976667535651828e+00 -5.334720100028901513e+00
0.000000000000000000e+00 -4.037380585508330455e+00 2.311078542178634621e+00 -9.193782235487509169e+00 1.220839420013135168e+00 -3.929768588923007400e+00 -4.147164134371570943e-01 -1.681298816234789717e-01 2.314720005466972985e+00 -8.014343673530705203e+00 -6.444795223744314683e+00
1.000000000000000000e+00 -4.017589896641158731e+00 -5.688022638565890077e+00 -7.362677393735778786e+00 2.179517970460398857e+00 -7.046979709979064310e+00 3.947885515457424388e-01 1.100929711554497592e+00 -4.358244546931321572e+00 8.138884945388134007e-01 -1.567356209552578816e+00
0.000000000000000000e+00 -5.421831344178118961e+00 2.964544581321671313e+00 -9.528786225338850002e+00 -2.887671836225196298e-01 -3.610447107914612541e+00 -1.255807668034570890e-01 -1.517642739992420831e-01 1.007747056045889877e+00 -7.924347173909822573e+00 -5.760897404074498240e+00
1.000000000000000000e+00 -4.255957931743717282e+00 -7.473477545906757058e+00 -5.035100768100273072e+00 3.395537554294302485e+00 -6.158494110848427461e+00 -1.584388316814020925e+00 1.401466944562385741e+00 -4.422851197364961351e+00 2.636811435776932999e+00 3.573179393241907587e-01
1.000000000000000000e+00 -4.399715678471351588e+00 -6.940936436558022393e+00 -4.517678113609497004e+00 2.673083866860170410e+00 -5.480453067659129651e+00 -6.257959101177423822e-01 7.940684091787126864e-01 -4.390313917254592191e+00 2.362968716176748529e+00 -1.545260505782874327e+00
1.000000000000000000e+00 -4.241654461394689157e+00 -9.727062491974455938e+00 -5.145377300219101002e+00 3.301296832770811207e+00 -5.000633683731734891e+00 1.525011835397752646e-01 2.029509190984402522e+00 -6.351014471255380656e+00 4.040576824531385114e+00 -4.388423174969983132e-01
