1.000000000000000000e+00 -9.797094344873702454e+00 1.195584491937502714e+00 4.809658701215036025e+00 4.222599210863549501e+00 -3.472808890727182796e+00 3.955943922645554167e+00 -9.180794812432456098e+00 7.310129279472971753e+00 4.825870991152778622e+00 -1.663264202418231807e+00
0.000000000000000000e+00 -6.447504808308239355e+00 8.415460046194697341e+00 9.271870104938704671e+00 3.661633237183171907e+00 8.509784626076347891e+00 -7.967353783766935038e+00 -6.069893485696844948e+00 -3.346628836002780272e+00 -7.963472705855505929e+00 -1.859373295453284225e+00
0.000000000000000000e+00 -5.632040230013165782e+00 8.959289087438648380e+00 9.040645503357023216e+00 3.642724765814204790e+00 1.152693650390197888e+01 -8.552878371186624307e+00 -5.083350854554266718e+00 -2.438623398535185505e+00 -8.198412145420947539e+00 -2.992262338269160438e-01
0.000000000000000000e+00 -7.203424352354085514e+00 9.429340542658842139e+00 6.995033174065098613e+00 3.048319132903297479e+00 1.112096435573701747e+01 -7.990630181963410905e+00 -4.901191988724410642e+00 -2.671307778508137165e+00 -7.673398085056076567e+00 -1.896840351981466499e+00
1.000000000000000000e+00 -1.031602879888259849e+01 1.422469341723496372e+00 3.521398758047869393e+00 4.612276005313600713e+00 -7.790020685820818747e-01 2.484966742689891817e+00 -8.734111664524757401e+00 5.124814071685610983e+00 5.877301831188114001e+00 -1.153594929514979217e+00
0.000000000000000000e+00 -6.747998569012077397e+00 9.222922444220134963e+00 7.692460878084941278e+00 2.230688074385445141e+00 9.842268299430882550e+00 -8.226710327878040019e+00 -4.232183702173186290e+00 -1.816233853238319096e+00 -8.614293601572228454e+00 -2.457791404818175707e+00
1.000000000000000000e+00 -8.391838513532444921e+00 1.154853373441746767e+00 6.601444838471914878e-02 5.823779767809045715e+00 -1.421316399107524608e+00 3.373300776560901770e+00 -7.993537729210739684e+00 5.752869008258953976e+00 5.850270460322875010e+00 -9.841346386393883261e-01
1.000000000000000000e+00 -9.151820756401130907e+00 8.650783193011321037e-01 8.942333527665722315e-01 6.210691633441904891e+00 -1.825280134367823326e+00 3.360756106806547905e+00 -6.948373376907820642e+00 5.548458480577639129e+00 4.761256017902736559e+00 -1.489653674883780310e+00
1.000000000000000000e+00 -1.014685540435463018e+01 2.428100447354252012e+00 1.798372535314165965e+00 4.948095216469270419e+00 -8.831348309891046133e-01 3.448231412044388655e+00 -9.477908345508907928e+00 6.827333248925015141e+00 4.966093232020499570e+00 -5.101384553472920746e-01
1.000000000000000000e+00 -1.102704760400789041e+01 1.603089902192070149e+00 6.696139958637388201e-01 6.144787715456281774e+00 -1.665738934996437548e+00 4.170027810504760346e+00 -6.643094713728484813e+00 9.312694952163017348e+00 4.515415862425504301e+00 -1.307917482060428904e+00
0.000000000000000000e+00 -6.388674583402233154e+00 9.606549889604293568e+00 8.411381445395075929e+00 2.444475828982314525e+00 8.532807317485083587e+00 -8.361618762368690838e+00 -4.979145014287189142e+00 -2.517841710174624659e+00 -8.861518789237759819e+00 -9.770608935389960559e-01
1.000000000000000000e+00 -1.066297940798290789e+01 4.176042582011243454e-01 1.973277879803700952e+00 3.937481813355062865e+00 -2.759591353754334619e+00 4.403047304369530401e+00 -9.381416017819439901e+00 7.215452807921832523e+00 5.892731367819381560e+00 -6.566758162293314660e-01
1.000000000000000000e+00 -1.021670353570553047e+01 -6.240155549402015556e-01 2.682180953211640517e+00 5.014737969657048211e+00 -9.851933959199519197e-01 5.431573560790259769e+00 -8.173680150801851951e+00 5.053975112033731065e+00 4.639943121492795086e+00 -5.508165081479912129e-01
0.000000000000000000e+00 -7.260690731955191879e+00 7.900201718748845359e+00 7.339245496284887871e+00 3.697465288445410003e+00 1.010542044927170835e+01 -8.657844549907045106e+00 -5.871677926103767930e+00 -2.614339288882830736e+00 -8.907035858580277576e+00 -3.596500577139995602e+00
0.000000000000000000e+00 -5.536971284147889527e+00 7.537726573391650753e+00 7.242602597496780703e+00 3.094766682245824185e+00 1.025369976812273265e+01 -9.423030191428420466e+00 -5.599544726973885389e+00 -3.043639752911632357e+00 -8.463499069218162418e+00 -2.361525224674671186e+00
1.000000000000000000e+00 -9.641990697113225650e+00 1.700983760849269721e+00 3.332593015285117310e+00 4.357426263080598439e+00 -1.620476817105366507e+00 3.040209888098213575e+00 -6.188742407709939108e+00 6.678411868389288131e+00 3.402821116457445338e+00 -1.369949889255702491e+00
0.000000000000000000e+00 -6.381325129846359800e+00 6.286070181056384598e+00 8.649886815676254059e+00 3.170368491734743444e+00 9.780464837525268962e+00 -6.870751076827951387e+00 -4.785796091989007017e+00 -3.199768224707181474e+00 -7.254824728007736923e+00 -1.655659445757734272e+00
0.000000000000000000e+00 -6.815076852038435717e+00 1.067792604027154368e+01 6.845988391326841338e+00 3.642179886453020821e+00 9.920641956611195411e+00 -9.127608213117406777e+00 -7.404552227407291909e+00 -2.698835031953104480e+00 -7.763845040075530335e+00 -2.292913008161479027e+00
1.000000000000000000e+00 -1.003943210798678365e+01 2.298724678756792539e+00 2.353920001106630799e+00 4.453047186362755205e+00 -3.231772554419259258e+00 4.072491337296494152e+00 -1.064965618858971474e+01 6.288106345034665701e+00 4.273397942740692734e+00 -1.594597300920897354e+00
0.000000000000000000e+00 -7.577160347354966241e+00 8.595934047468077210e+00 7.121790235284765735e+00 3.062798413115897844e+00 8.730100314583616239e+00 -7.181558353105144121e+00 -5.300418547022184512e+00 -1.914778160400352203e+00 -8.815899558438392347e+00 -1.606130907780799255e+00
0.000000000000000000e+00 -6.720088704292640713e+00 9.848476820076953686e+00 9.151660890472511412e+00 3.690410315776777139e+00 8.592037996286615353e+00 -7.858720655279753942e+00 -4.394160698462674652e+00 -1.963060846304941265e+00 -8.882368495360626781e+00 -4.792392930601923062e-01
1.000000000000000000e+00 -9.470098651773412257e+00 6.916790175867597590e-01 1.947496311090423315e+00 4.883615469242092999e+00 -6.939518717086691213e-01 3.021808147882446782e+00 -8.932646895812709431e+00 6.855752426340139927e+00 6.069953308215060517e+00 -3.205767520119088276e-01
1.000000000000000000e+00 -8.900975781024458300e+00 3.626265309978650153e-01 1.885484752287337695e+00 4.538997093181962761e+00 3.765417657621972225e-02 2.869370660231556958e+00 -7.744459403869745628e+00 5.948759743991855586e+00 5.177787870944150939e+00 -5.765876686279388652e-01
1.000000000000000000e+00 -8.605875408937981419e+00 4.653315095055883255e-01 2.056652289738491124e+00 5.801859741544014959e+00 -2.064460329634902003e+00 4.341652826490504324e+00 -7.756418315031221589e+00 6.733444207274551729e+00 6.247363613745691602e+00 -2.816469368955285546e-01
0.000000000000000000e+00 -6.699235225078936651e+00 7.367986564548230533e+00 7.944986343833770448e+00 2.037239693325621381e+00 8.689036913372447657e+00 -8.049881335896104773e+00 -4.426494179878586621e+00 -3.414418961908856076e+00 -8.737577431487437707e+00 -2.113162434842545512e+00
0.000000000000000000e+00 -6.065273597705941988e+00 7.773970209779018425e+00 9.090443018802089270e+00 3.722298922058029369e+00 1.025675545664566002e+01 -7.333537142855652391e+00 -4.695181611731202409e+00 -2.521407276551519860e+00 -7.840035111595303086e+00 -1.572101872116366650e+00
1.000000000000000000e+00 -9.728366923937329602e+00 5.989635308707896844e-01 1.191198340112476828e+00 4.704491069092483713e+00 -1.200339576030158062e+00 3.464563536251854980e+00 -8.519528640936695041e+00 6.362305588166003112e+00 5.989774728779044821e+00 -2.351371680719489099e+00
1.000000000000000000e+00 -1.020926836840031449e+01 4.855213926744152975e-01 4.927032254750453255e+00 3.407320201580727570e+00 -5.620181534051666983e-01 3.612227094315867415e+00 -7.094704095387660558e+00 4.479133515280999234e+00 6.710708930593343169e+00 -5.546606419780518715e-01
0.000000000000000000e+00 -8.182285042767217575e+00 7.069123713698807876e+00 8.046424160932486913e+00 3.704620320848068804e+00 9.387240972476256218e+00 -7.746272461739734716e+00 -2.789202328900799444e+00 -3.282167827921624426e+00 -7.951337588308610371e+00 -3.055411907228308355e+00
0.000000000000000000e+00 -6.264769544197657858e+00 8.239907163692315351e+00 8.093898151544632213e+00 4.485048818932820147e+00 8.829277149881793463e+00 -6.600005739635975921e+00 -4.636516318767943901e+00 -3.202533903188272912e+00 -8.099667893937056107e+00 -3.041316944024276658e+00
0.000000000000000000e+00 -4.686380070598924696e+00 8.058480742183009582e+00 8.660834970921984066e+00 3.539464241081679230e+00 1.096302021497564283e+01 -8.916933801095444423e+00 -2.944140442662114054e+00 -2.582348278496436667e+00 -8.416686042916856181e+00 -2.821975203187223613e+00
1.000000000000000000e+00 -9.302397551074994553e+00 1.383047198109290665e+00 -7.066487919488428915e-02 5.730844172410097137e+00 -1.021935378133818961e+00 3.718797542195629635e+00 -9.570225719654649410e+00 8.021321987837378487e+00 6.969829495992675206e+00 -1.836387127758303039e+00
0.000000000000000000e+00 -6.919217261286021881e+00 9.380046572333172961e+00 8.834609651829980592e+00 2.738328091520715546e+00 1.033409149677396321e+01 -8.720193115360023839e+00 -5.175080281337770316e+00 -1.463047051381547448e+00 -7.661830398421619392e+00 -4.299040208814141728e+00
1.000000000000000000e+00 -9.499359497010159359e+00 -8.612153079228206387e-01 2.459221327653322131e+00 4.163260903138533031e+00 -1.812886789688308964e+00 3.307005938914646670e+00 -9.191485764474972342e+00 5.148355858762872828e+00 3.711609273946173460e+00 -2.243262678404429611e-01
0.000000000000000000e+00 -6.312077775528211809e+00 8.717148602311043604e+00 7.839719455216942023e+00 4.858368404772463123e+00 9.833045746913372298e+00 -8.409294730911538451e+00 -4.061350882138223817e+00 -3.003545720091818971e+00 -8.094860138878646083e+00 -2.026969777381883553e+00
0.000000000000000000e+00 -4.910207465165158602e+00 7.725613540882658725e+00 8.721736325171935533e+00 4.063162539563083264e+00 9.751129700658985655e+00 -7.372267288610520275e+00 -4.617283664532970455e+00 -3.292422234782582002e+00 -8.171659930847498643e+00 -2.772324570132821631e+00
1.000000000000000000e+00 -9.933407288933992163e+00 2.985788030514809677e+00 7.971748176944695174e-01 6.215962965697163334e+00 -3.389432801649288063e+00 4.968777799010182683e+00 -9.610275152442733670e+00 6.275147781839421235e+00 5.017061684286189482e+00 -2.250749213450302655e+00
1.000000000000000000e+00 -9.208481023603534155e+00 6.303235382234112505e-01 6.608430784606200703e-02 5.243286333962603685e+00 -2.048958542871126554e-02 3.337817078463539477e+00 -7.604955060856369187e+00 7.463990428338924232e+00 5.325316621939192530e+00 -2.149398020186822134e+00
1.000000000000000000e+00 -8.953867712100080922e+00 1.289042285266388088e+00 1.487375985592015226e+00 3.944599585786599416e+00 -1.505400592644726920e+00 3.723319814029847130e+00 -7.412160504672435479e+00 5.918187053184674973e+00 6.202447582388090908e+00 -1.943718317342712609e+00
0.000000000000000000e+00 -7.923538583674258895e+00 8.676308507116630153e+00 8.576041570530261282e+00 3.606380744235969882e+00 9.701668886626402255e+00 -7.924844186247669953e+00 -4.945836615478737208e+00 -2.733475991351761891e+00 -7.941106707349315563e+00 -3.334911573177821609e+00
1.000000000000000000e+00 -1.115548930469820732e+01 6.872590128961733047e-01 2.319110205494651744e+00 4.846912383675586966e+00 -1.816484079779665084e+00 3.469714706904682089e+00 -9.035480061822795506e+00 5.132899892628371319e+00 7.024479719919546561e+00 -2.696863094336226840e+00
0.000000000000000000e+00 -6.134770340978033865e+00 8.968920351617969189e+00 8.130354562066639090e+00 3.541279169553425366e+00 9.375945812304623317e+00 -8.496422585471297140e+00 -4.774853269309498494e+00 -2.812221157663497006e+00 -7.242415232672581027e+00 -1.352635842036102876e+00
0.000000000000000000e+00 -6.139146172982356653e+00 9.630583138124105602e+00 8.723824721743385524e+00 4.072916374764554703e+00 9.237104531738257407e+00 -7.892138818417076429e+00 -4.913364291684887419e+00 -3.756116264321641030e+00 -6.916609549893202313e+00 -3.062015324480887202e+00
0.000000000000000000e+00 -6.852083932270472744e+00 7.783425240402550571e+00 7.767803330042821308e+00 2.907460052416743768e+00 1.043034008462884188e+01 -7.842789305599324301e+00 -3.583356089528411559e+00 -3.539257920601849516e+00 -7.958007510816935692e+00 -2.286482485953420518e-01
0.000000000000000000e+00 -5.564323400200049008e+00 7.667209209904735090e+00 9.238031444034374928e+00 2.122174211300708269e+00 8.694356570830088060e+00 -8.296497225520742091e+00 -4.461203368127923952e+00 -2.854744261185417464e+00 -7.188379240710725426e+00 -3.612887941977338535e+00
0.000000000000000000e+00 -7.583287515873545104e+00 8.570275622206850130e+00 8.611128853247455694e+00 4.534930222736675454e+00 9.350948940633273310e+00 -8.589512581689561443e+00 -2.881231900114425315e+00 -2.770251861115216929e+00 -8.412836098004150998e+00 -1.204907612493106184e+00
1.000000000000000000e+00 -1.104990112377739031e+01 8.708389914846828006e-01 2.731382730710547602e+00 4.751016431569818010e+00 -7.499792220074605886e-01 3.794582454275483130e+00 -9.175915607608237323e+00 5.719970829737897056e+00 5.861642892536296223e+00 -3.973628792123361508e-01
0.000000000000000000e+00 -5.186207769872654971e+00 8.207064727820576167e+00 7.829631235752962937e+00 7.856965759965621743e-01 9.436886417897216717e+00 -7.238535202911460686e+00 -4.594845902898680556e+00 -2.807921021895284142e+00 -9.115385755945471402e+00 -3.533624294946617894e-01
1.000000000000000000e+00 -1.010754465812495972e+01 1.025616433180275955e+00 1.807071882460168588e+00 4.344588971464591332e+00 -5.539100474229912141e-01 1.643734007750221604e+00 -7.882641350618957432e+00 5.904546362628915190e+00 3.928443928094646154e+00 -1.381364523049977144e+00
1.000000000000000000e+00 -9.836581309916047289e+00 1.421555439279450272e+00 2.246994912923808041e+00 4.849299054088644034e+00 -2.041037214896723739e+00 3.893609939396761810e+00 -7.898716027695257935e+00 5.631724909515040345e+00 5.987494561561974571e+00 -8.456048629937755745e-01
1.000000000000000000e+00 -8.315592334688572507e+00 1.334410093595438607e+00 2.984622830903155055e+00 4.909508242577898862e+00 -1.791824309287199046e+00 3.749909945159826119e+00 -1.004522374303359555e+01 6.475691490596766187e+00 6.125632952898906858e+00 -1.633088178379925592e+00
0.000000000000000000e+00 -7.400302269807596645e+00 9.233031544613604424e+00 7.487956336875980057e+00 4.686029720373756646e+00 9.245114058077742669e+00 -8.519607098299900372e+00 -2.631689977615086384e+00 -3.130726350581135353e+00 -7.469472302475904435e+00 -1.927490210990510100e+00
0.000000000000000000e+00 -8.135802377245735073e+00 8.759050628330706800e+00 8.869932784691034300e+00 2.856719982758060716e+00 9.446991221883058287e+00 -8.694027249214530073e+00 -3.994427519998585918e+00 -3.156954409491904645e+00 -7.072922682328860233e+00 8.957712132519923820e-01
1.000000000000000000e+00 -8.345532439942402902e+00 7.608049427343805959e-01 9.223562707274404193e-01 4.037667383482097527e+00 -1.257691386357432606e+00 4.155024722151151373e+00 -8.641129965978446847e+00 5.971768153886373831e+00 5.839547396326084439e+00 -2.085496285697397312e+00
1.000000000000000000e+00 -9.906010354968561415e+00 3.589165655760693241e-01 8.000979488192647704e-01 6.649274712128574016e+00 -2.612150970499369507e+00 4.768496303585617824e+00 -9.229631054334397788e+00 5.398013069473244663e+00 5.160668471413130121e+00 -2.756258398293024214e+00
1.000000000000000000e+00 -1.009823563302286153e+01 1.622378101854887511e+00 2.559968880954165193e+00 5.093088695806898158e+00 -1.318368994016122508e+00 3.254121639634941054e+00 -7.488264988415915369e+00 6.323464289017944218e+00 4.878283073632137423e+00 -1.234302279820223003e-01
1.000000000000000000e+00 -1.047752172891354228e+01 4.781786772194702717e-01 1.115051762498119547e+00 6.018484126830553116e+00 -3.913218435252143745e-01 3.231526115608897243e+00 -8.113453060241868187e+00 6.263459455417799582e+00 5.574951179427042547e+00 -2.941313503412745334e+00
1.000000000000000000e+00 -9.734854268632968655e+00 1.761892775160605495e+00 1.354093086737774954e+00 3.400166404882623894e+00 -9.796403392751961148e-01 2.928553783995913040e+00 -8.651933818360850736e+00 5.596780884449166216e+00 6.193447138076796143e+00 -2.025721327477693290e+00
0.000000000000000000e+00 -7.400992281487845048e+00 8.570941629986901233e+00 7.587679667936450656e+00 2.817887893382125863e+00 1.049143321564712394e+01 -7.995309601535447008e+00 -6.470618923006983714e+00 -2.492121983700327448e+00 -7.841925488849202708e+00 -1.427821939758851411e+00
0.000000000000000000e+00 -6.138635670632289987e+00 7.887730184979539594e+00 8.780154799496939333e+00 2.845913757112259912e+00 9.548555515300392926e+00 -8.773723922242588458e+00 -5.685288167185231778e+00 -2.005407587369199440e+00 -8.052174599541453759e+00 -2.677927285422838644e+00
1.000000000000000000e+00 -9.502373189777511442e+00 2.277381981536522382e+00 1.829917310633496497e+00 2.995064677179428259e+00 -1.092989357694166941e+00 4.169158582307831651e+00 -1.021948305767802800e+01 4.248004026854017567e+00 6.354893699033940635e+00 -6.670458712874760554e-01
0.000000000000000000e+00 -4.860030206967842048e+00 8.450650464990076216e+00 9.451826260064997598e+00 2.446507344218898261e+00 9.833741696506296037e+00 -8.525161245462554049e+00 -3.870776099183632191e+00 -3.333018092922690911e+00 -7.993556328954574575e+00 -1.246190608566817959e+00
0.000000000000000000e+00 -7.836539491817193337e+00 9.467096307069267525e+00 6.629516605147360409e+00 3.944316288420055550e+00 1.003479486482167005e+01 -9.349585780586417982e+00 -5.534702487859092024e+00 -2.177593723160534456e+00 -8.414797473174171927e+00 -3.167245435815576826e+00
0.000000000000000000e+00 -6.537501195908372864e+00 7.463621065008036126e+00 7.932113624753541536e+00 2.333383157524697715e+00 9.340264762244173014e+00 -8.232472848444748692e+00 -5.606062687798380573e+00 -3.098671815294808507e+00 -8.370361438157372547e+00 -1.271925072192597650e+00
0.000000000000000000e+00 -6.465681506841811199e+00 9.330587285620396187e+00 8.397578889266597457e+00 3.773133285776881785e+00 1.058286723907487747e+01 -8.553641269239978584e+00 -3.911947135371604656e+00 -2.242680957796355568e+00 -7.905962563830774670e+00 6.331866431240591453e-01
1.000000000000000000e+00 -1.024493032723272457e+01 1.001811877125047268e+00 7.424791294761448057e-01 5.378335448456078360e+00 -1.806582362137551634e+00 5.322612556295163166e+00 -1.000884250295511002e+01 6.938553012700067413e+00 4.547422341826958814e+00 -3.742360862349158879e-01
1.000000000000000000e+00 -1.050845041417010606e+01 7.868689319968863449e-01 1.068854084344549982e+00 3.711454764106466797e+00 -3.259493469061755633e+00 4.938060733750145204e+00 -7.769937612746176114e+00 6.264996959751395700e+00 6.495493439890799969e+00 -1.969482422660766119e+00
0.000000000000000000e+00 -8.318733082843834836e+00 7.804880514552647419e+00 7.693159070047444814e+00 4.365833022624998172e+00 1.057016926363065501e+01 -7.980504061892507828e+00 -3.532846371496712212e+00 -2.490938888541036622e+00 -8.680651586820365750e+00 -2.038139088289352863e+00
1.000000000000000000e+00 -9.410336875340416185e+00 1.192530367930895396e+00 3.797748371559861447e+00 5.501287604859609104e+00 -2.311918198487963760e+00 3.965973805835086630e+00 -8.731702701592606530e+00 4.523152036284215249e+00 5.107360073793353550e+00 -1.364493386171732547e+00
1.000000000000000000e+00 -8.206309106092637862e+00 1.081619225993874389e+00 2.876485227215435092e+00 4.596611213171316379e+00 -5.675557088406475437e-01 2.273159874046798201e+00 -6.689152852503950086e+00 5.753101167260465054e+00 5.823953384580063286e+00 -9.449393741423023352e-01
1.000000000000000000e+00 -9.507236357461758658e+00 1.675589597328131841e+00 1.622706921070630415e+00 5.225114269991087745e+00 -2.481625087579641509e+00 3.437689043228326025e+00 -7.091576154122815723e+00 5.153472703793080534e+00 5.816339139137975067e+00 -1.263220618797708417e+00
1.000000000000000000e+00 -7.982217189186271433e+00 1.314334335605089610e+00 2.516104064814941754e+00 5.870961380002031049e+00 -2.664704261358226134e-01 3.582529909786170030e+00 -9.712892347806683091e+00 6.048563048018054999e+00 4.954995308990180369e+00 -5.406452179310350381e-01
0.000000000000000000e+00 -6.015877212159562504e+00 9.639115525173476584e+00 8.732980292836570513e+00 3.020477477804467625e+00 9.885960911920939509e+00 -7.083422171726225791e+00 -4.136874766496397626e+00 -2.645789807166617269e+00 -9.009142188790214334e+00 -1.371221468136128108e+00
0.000000000000000000e+00 -5.364838477760574875e+00 9.859597473483420416e+00 9.152992063405648082e+00 4.618761806796221059e+00 9.489161002878375939e+00 -6.776573363237451630e+00 -3.527575800808733231e+00 -2.660677274902832679e+00 -7.369524817544818696e+00 -2.383913664761812878e+00
0.000000000000000000e+00 -5.269950183315761372e+00 9.089746623274200132e+00 9.675237051841621749e+00 3.730775454494452248e+00 9.313588534834966737e+00 -9.041428288843894379e+00 -6.691360470207731836e+00 -3.440413138529902604e+00 -7.605256653839956194e+00 -1.488677947173466354e+00
0.000000000000000000e+00 -7.088699332122257779e+00 7.722917288896025134e+00 9.095461167037395711e+00 3.060447162632546458e+00 9.764994293045262452e+00 -7.272795208476845019e+00 -4.570485245757996751e+00 -2.610298187277040771e+00 -9.054039347327838883e+00 -3.960422800195737558e+00
0.000000000000000000e+00 -5.558942870073690479e+00 8.277568063813699695e+00 7.642476411332754793e+00 2.498108194724924402e+00 1.008817485793106172e+01 -7.501801027288774293e+00 -4.693398760994635488e+00 -3.159070244679590633e+00 -6.367437270501475233e+00 -2.323980755883845895e+00
1.000000000000000000e+00 -1.001816532656913061e+01 2.646184839722213411e+00 2.885719312116275415e+00 3.875408405592783101e+00 -1.777680285014432204e+00 3.797120572312297160e+00 -6.709996857360632561e+00 7.378967465951927984e+00 5.661594317555629807e+00 -1.398573570193861304e+00
1.000000000000000000e+00 -1.024316480612356983e+01 1.832618830199598481e+00 2.554390069856823153e+00 6.043808101009148004e+00 -1.046432528945738349e+00 2.889115321463554764e+00 -8.581758959720936275e+00 5.967236950021720610e+00 4.214387446572279927e+00 -6.841312420646368242e-01
1.000000000000000000e+00 -1.000872895502564042e+01 1.782485748968841710e-01 1.688294542781440644e+00 5.139281123270867724e+00 -2.449650640481979114e+00 3.795244771181576215e+00 -7.008168081803365368e+00 6.030769565026396606e+00 4.943329007301309197e+00 -1.426051722667711186e+00
0.000000000000000000e+00 -7.056298635460098723e+00 7.900208061326218001e+00 7.373481845592444905e+00 5.378697754610076487e+00 8.794992006003075957e+00 -8.733104393965959389e+00 -4.210314823615080471e+00 -2.719606275508464677e+00 -7.270680385226988562e+00 -1.893250728112993775e+00
1.000000000000000000e+00 -9.261398192337347623e+00 1.674741081994353342e+00 1.563559633635823065e+00 6.284685842692777413e+00 -8.496447809323965927e-01 4.644601369501608623e+00 -8.713808135401363231e+00 5.507384939275445035e+00 5.546174511422563569e+00 2.277347838965582127e-02
0.000000000000000000e+00 -6.925558037094431185e+00 9.456208153872269762e+00 7.792935997721027519e+00 2.505182482996592519e+00 9.875483831285903236e+00 -9.416725935519556501e+00 -5.096571251363682720e+00 -3.325010825965691641e+00 -8.416920052798211316e+00 -1.669948731657078245e+00
1.000000000000000000e+00 -1.208505886934679907e+01 -1.329683893208037482e+00 2.242437647028623360e+00 4.914003342757937709e+00 -1.873690108305546165e+00 3.957912886711229650e+00 -9.078476996894034201e+00 6.661842149576896688e+00 5.510168263502294828e+00 9.511759340188001843e-01
0.000000000000000000e+00 -6.300597086821237092e+00 9.052255117715082733e+00 8.078460690048819615e+00 3.734088772113882015e+00 9.692543410459446562e+00 -8.855146850099318456e+00 -5.275691369234191797e+00 -2.848321151622702274e+00 -7.332624040762754980e+00 -6.246889341230037473e-01
1.000000000000000000e+00 -9.631304356545582479e+00 1.949672886922876103e+00 1.632840156463659653e-01 3.078534575114925786e+00 -2.274962889379938069e+00 4.331539837022392092e+00 -7.939938123446430573e+00 8.066384058167823667e+00 5.385239752669705560e+00 -1.545470353958436682e+00
1.000000000000000000e+00 -9.165862259610412011e+00 1.459766761504111221e+00 1.481549624939385357e+00 5.023692659231294932e+00 -2.760561022072336002e+00 4.848562035650616053e+00 -8.098002447960471528e+00 5.716779798283207370e+00 5.724861205999430602e+00 7.534430277920178831e-01
0.000000000000000000e+00 -7.236791607603342058e+00 8.065265138248300048e+00 7.725997212293275851e+00 2.503346173366321370e+00 9.690327869594110410e+00 -8.768934069263597308e+00 -6.332029329552758767e+00 -2.448700291386339600e+00 -7.977614188625397951e+00 -8.487488930014872590e-01
1.000000000000000000e+00 -7.288587936339612661e+00 1.736589046905404388e+00 2.386995023144212524e+00 4.261141076489254331e+00 -1.960322039630317814e+00 3.840547388387346661e+00 -6.789313337500106016e+00 6.832022135149182773e+00 3.958158430450249732e+00 -1.823138223974053229e+00
0.000000000000000000e+00 -5.562839674442896509e+00 9.224474280736382426e+00 7.911954201790786456e+00 4.862472248383421736e+00 9.787450093300817500e+00 -8.482978503352164523e+00 -5.161726542669526019e+00 -1.852150874067145292e+00 -7.795374999373320790e+00 -2.245125987371385357e+00
1.000000000000000000e+00 -9.697431251328421098e+00 2.071838375123194798e+00 4.512403337619031340e+00 3.294860590282314483e+00 -1.583068836995431550e-01 3.193888059946975666e+00 -9.657903758209389622e+00 7.290840361263866143e+00 4.438617372771425984e+00 -8.480192530642339799e-01
0.000000000000000000e+00 -6.682159079149295522e+00 8.839344584463582066e+00 7.425134430823430165e+00 4.808221890968515488e+00 1.083727210845268019e+01 -7.509879057464831753e+00 -5.550628081050190232e+00 -3.251973969355434146e+00 -7.282444456503911034e+00 -1.977456662506629659e+00
0.000000000000000000e+00 -5.880710923790326561e+00 6.762215568793403797e+00 7.760168352071932674e+00 4.592684286747131139e+00 9.644665817576330014e+00 -6.652349885475519642e+00 -6.324382463519619080e+00 -3.695807178956612482e+00 -9.565390129968193378e+00 -1.575700385525815594e+00
0.000000000000000000e+00 -6.704001494502462855e+00 7.859962489141707920e+00 7.584307280977877319e+00 3.716967830924156502e+00 9.696738452543764097e+00 -7.916022387985157671e+00 -3.056570893368386610e+00 -3.467546593076293426e+00 -8.453103478671442517e+00 -1.415843020908815975e+00
0.000000000000000000e+00 -5.925379941416244911e+00 9.053892269379923974e+00 8.513937284696551089e+00 3.918519120975342940e+00 9.291039013412571990e+00 -8.688644588124027734e+00 -5.148245312628294990e+00 -1.862921620272150580e+00 -8.147830148835573993e+00 -1.427573802954648308e+00
1.000000000000000000e+00 -1.133007204618378339e+01 9.040948666033985504e-01 1.469258926611961336e+00 5.683092817512426898e+00 -1.060767121058328266e+00 3.735523625478284870e+00 -6.909934017362172831e+00 9.132294761017361040e+00 5.605117309039773232e+00 -2.650402560084111903e-01
1.000000000000000000e+00 -9.700165262605564109e+00 1.165976814553775220e+00 1.608242694020861840e+00 3.527113440041809156e+00 -2.654325554193131431e+00 2.724263445367518521e+00 -9.419260464740103700e+00 6.581503990435891183e+00 5.568791700825026503e+00 -6.715262396558507874e-03
1.000000000000000000e+00 -9.671886701549270882e+00 6.637307090358705031e-01 1.965370715410465818e+00 3.545302027979279291e+00 -1.672998414068803896e+00 3.456241564478471417e+00 -7.769467601663088807e+00 6.113737862349506891e+00 4.390676829161844097e+00 -8.510612156222616687e-01
1.000000000000000000e+00 -8.952511318799679430e+00 3.444329962152692381e+00 4.013628160113986709e-01 4.868026559835846534e+00 -2.672187567531085328e+00 5.219647298025463122e+00 -9.438453452463809512e+00 7.214899811171747501e+00 6.199582961131754999e+00 -3.042437967040393376e-01
0.000000000000000000e+00 -6.619257273733870406e+00 8.909896912340910191e+00 8.210974090535735570e+00 3.491303934287258492e+00 8.424716022870793353e+00 -7.593369195662988069e+00 -4.086237666776429300e+00 -2.706638140091242484e+00 -9.302845986033487335e+00 -7.297322893122135667e-01
