1.000000000000000000e+00 -5.899395817574148992e+00 4.010259275208232665e+00 3.602317440600719678e+00 3.149625540377830379e+00 -7.327278916673223286e-01 -1.751111612014526697e+00 -2.487413032763186926e+00 -4.439495314075717403e+00 2.249171571560204974e+00 1.216374392790720016e+00
0.000000000000000000e+00 -4.432173369484035952e+00 4.784457973351818438e+00 2.427287737926918876e+00 -5.458370255894311462e+00 -9.767896347942135460e-01 4.495524403139690151e-01 2.639984454044879136e+00 -1.636052060708392819e-02 2.739803483945129958e+00 -1.917484998191075096e+00
1.000000000000000000e+00 -2.457745814171224730e+00 3.804641937016060904e+00 4.498788374695215531e+00 2.264859593002184646e+00 1.181725296358732358e+00 -5.492096474930323602e-01 -2.640587527421385250e+00 -5.466501310757662324e+00 -1.588754786385081497e-01 -1.319355557919910327e+00
0.000000000000000000e+00 -2.806023907116577121e+00 4.097654113291289590e+00 -1.311935597950758314e+00 -4.448092140393923088e+00 -4.307459666679182675e+00 -3.252738181084881219e+00 2.703291740099916129e+00 -2.369413767735411902e+00 5.860646090509995965e+00 -9.244346487224157638e-01
0.000000000000000000e+00 -4.144489352315187780e+00 1.353159096295603270e+00 6.775297801301305434e-01 -6.551192532410208713e+00 -3.486148160860839784e+00 -6.048723278546467297e-01 4.284436047006456860e+00 1.908794004929716071e+00 3.105205952200231323e+00 -2.154462983845176538e+00
0.000000000000000000e+00 -2.012203899315450961e+00 2.119273459857725417e+00 1.392884038158092030e+00 -6.014778093787328750e+00 -1.217775823474047669e+00 5.566885537971040243e-01 2.394223065561340569e+00 -1.740716613461189555e-01 3.455174261954775616e+00 -1.176797743244374139e+00
0.000000000000000000e+00 -4.535988192632384397e+00 6.561508858470830319e-01 -3.354675911096125507e-01 -5.026197293993561743e+00 -2.166228169439781581e+00 -6.055502198492712651e-01 2.712268207447882329e+00 -1.952659976450203949e-01 1.815756536943403443e+00 -1.294069338241506717e+00
1.000000000000000000e+00 -3.444946025045442894e+00 2.320576785284576893e+00 2.635639566689951696e+00 2.677030396073230456e+00 2.395571113242754624e+00 -4.717467667696030320e-01 -2.402263209818225498e+00 -4.771887512908964624e+00 1.461256620454740141e+00 3.064563213238660766e-01
1.000000000000000000e+00 -2.198556190879627170e+00 3.393744888465560550e+00 4.597509932327661808e+00 2.275343496999125303e+00 -8.481706605996812698e-01 -4.184690812233406443e-01 -3.984280189504755931e+00 -4.848458088679905131e+00 -1.205572038061338835e-01 1.208683408669720460e+00
0.000000000000000000e+00 -3.416657612684205869e+00 3.027456072631812489e+00 2.247703379910954258e+00 -4.757179957382707158e+00 -2.665655920398148471e+00 -1.183319730256387592e+00 3.231801808870521597e+00 -4.553174985305198930e-01 4.010113745666176399e+00 -1.380634062385786232e+00
0.000000000000000000e+00 -4.313655336314750954e+00 2.103520275567802411e+00 2.317052319113878101e-01 -4.477628462554312350e+00 -2.097414633433548836e+00 -7.336008254463977085e-02 3.138278258837188250e+00 2.066911084522234709e+00 4.518037118932951124e+00 -3.377131852403388645e+00
0.000000000000000000e+00 -2.756689490631652362e+00 3.239926845358915397e+00 4.446042107361802831e-01 -6.344991041159546263e+00 -1.804492592944563878e+00 3.954345044761882200e-01 2.716467775360178472e+00 8.550570249652231780e-01 2.975500720802874532e+00 -1.634938195957132301e+00
0.000000000000000000e+00 -3.204956166574399745e+00 3.250973977592393815e+00 1.679672591948086602e+00 -6.122611526224747358e+00 -3.111125504802723540e+00 -5.897310556481786259e-01 2.837663528992607542e+00 -8.600235022049683709e-01 4.344168081563488215e+00 -2.894770267174857636e+00
0.000000000000000000e+00 -4.448911956824944447e+00 4.119785263629053063e+00 -3.461367936332042650e-01 -5.378674109415650939e+00 -2.608590340968814036e+00 -2.323364076503490194e-01 3.316067770764835387e+00 -1.225486934987828569e+00 3.755109155695937950e+00 -1.487544578620364266e+00
1.000000000000000000e+00 -3.524161234691009170e+00 1.081870068534815932e+00 4.692070416980032022e+00 3.140636423093346341e+00 1.588959902553590986e+00 -7.283369142051712153e-01 -4.022897448558961031e+00 -6.159666166287513178e+00 3.494162264594739553e-01 2.339582838308771895e-01
1.000000000000000000e+00 -3.987910181661451947e+00 3.369604977663906098e+00 3.469779105427549304e+00 5.183928947554075073e-01 2.527344844276376845e-01 1.101204500200561043e-01 -2.135528526555569240e+00 -5.478799942004878964e+00 1.322118404544199599e+00 8.941805835182853324e-01
0.000000000000000000e+00 -2.820615355596558071e+00 4.332360856392764248e+00 1.347064717853304838e+00 -5.984481061546483183e+00 -2.553239562278879493e+00 -1.252991415980359458e+00 8.687893526021350787e-01 7.601197102947556683e-01 2.755908588943630999e+00 -2.720876479971132689e+00
0.000000000000000000e+00 -2.990290489919996020e+00 3.199363657469599165e+00 1.561317159115674702e+00 -4.011289870284717729e+00 -3.184289977781396441e+00 3.437120013029058008e-01 7.440237617951739324e-01 -3.131562989697817212e+00 2.678884458096726373e+00 -2.615800243510611356e+00
1.000000000000000000e+00 -2.275443196268384760e+00 3.187502664601918667e+00 1.874532232778938434e+00 2.103206779705030005e+00 3.935535052172864923e-01 -9.815382117659998684e-02 -3.939827201488407038e+00 -3.684370483638391924e+00 -1.540245265756308157e+00 -5.398720395202016853e-02
1.000000000000000000e+00 -3.462927956218170955e+00 1.595053659127430468e+00 3.857750732718693953e+00 3.498891021576329141e+00 3.465892964361552697e-01 1.140518403284506377e+00 -3.639706134761871326e+00 -3.780412480638506434e+00 5.498907147855606192e-01 6.442846120726989367e-01
1.000000000000000000e+00 -2.680749995820565612e+00 2.344308012611296288e+00 2.868186367568189787e+00 3.345760742730463644e+00 9.718866619179952204e-01 -6.054146304860021921e-01 -4.393044933699226995e+00 -6.056788675120200693e+00 8.957306498319514976e-01 4.244507655975764404e-01
1.000000000000000000e+00 -4.327798736029491167e+00 3.692086062298985283e+00 2.185929457087751437e+00 2.836448625389991207e+00 8.070773506462070035e-01 -1.159839304328351028e+00 -9.893955622939307748e-01 -3.967074400451264804e+00 6.297746978388710781e-01 -1.148014558222413495e+00
1.000000000000000000e+00 -1.359906964900562176e+00 3.090974517661030596e+00 4.657764246931145991e+00 2.369044132734301478e+00 -8.770916000026969250e-01 9.120033444170461134e-02 -3.161825798667711407e+00 -3.250870125279549328e+00 1.435280109165404383e-01 1.486527136080975087e+00
0.000000000000000000e+00 -2.632451557525171459e+00 3.123380156272138830e+00 6.603138544110123132e-01 -5.272950005476533697e+00 -3.289287265540848271e+00 -1.651353107046314550e+00 2.558282847013332972e+00 -1.774179105077662078e+00 4.842148260585426023e+00 -1.583354131935467146e+00
0.000000000000000000e+00 -2.271229121658313588e+00 1.347977103438038116e+00 -5.899698117501475103e-01 -3.591934951431338341e+00 -4.216655098128564205e+00 -5.708288184035792412e-03 2.546155974926915366e+00 -2.954852665748744389e+00 3.882138414073828425e+00 -3.574269126216199410e+00
1.000000000000000000e+00 -3.551075249031122372e+00 2.589767991562503813e+00 4.303851682728017103e+00 3.398724004402563281e+00 -1.737833136826982816e-02 -3.910897783657246718e-01 -3.938249076191182141e+00 -3.772835987070751518e+00 4.038989766740680443e-01 -1.049562820945886266e-01
1.000000000000000000e+00 -3.391916788570054742e+00 3.823231905339696368e+00 1.886169033528526162e+00 1.677550702601321220e+00 6.681459744191723393e-01 7.882076918081508676e-01 -1.936584820115229588e+00 -3.347679388575035553e+00 6.635670996169650282e-01 6.516964319630550451e-01
1.000000000000000000e+00 -4.361402403956230245e+00 5.833336359325993925e+00 3.811587570811016956e+00 2.188307136561734811e+00 3.227432655384488314e+00 -1.474940513983496460e-01 -4.052462739615462439e+00 -3.196565201426420977e+00 -2.910675993247255899e-01 4.510333181427486626e-01
1.000000000000000000e+00 -3.201002419351353545e+00 3.375392491087338964e+00 2.596975485734489109e+00 2.025251195995698694e+00 -7.464098056727856978e-01 -1.189009413462245313e+00 -5.352752181579178092e+00 -2.889440303681709121e+00 7.560317447238441568e-01 8.673222695374831481e-01
0.000000000000000000e+00 -2.920752624075602100e+00 2.507418085815627862e+00 1.701603652536586297e-01 -5.261440854179788573e+00 -3.191494653451628860e+00 1.025727444152237933e-01 2.285527489788361954e+00 2.573953577398113701e-02 3.775602791430793914e+00 -2.477218302275642436e+00
1.000000000000000000e+00 -4.632683133713086931e+00 2.227478663908620593e+00 3.888749440061711748e+00 2.730969408718054936e+00 6.208646223933422803e-01 -6.129391532575623192e-02 -2.821006432673920372e+00 -4.092073799931318590e+00 -2.937568878263641103e-01 -7.058391919826418892e-01
1.000000000000000000e+00 -3.082702549346889587e+00 4.061289805905470729e+00 5.717836906040945522e+00 6.460387281908490653e-01 -5.555030830558678190e-01 -6.575184711721036024e-01 -5.927026234145746919e-01 -5.003483727814314719e+00 1.711157976243095291e+00 1.479633074400353410e+00
0.000000000000000000e+00 -3.308751577848924708e+00 1.784817235478683095e+00 7.046207487051470153e-01 -5.082040831312430562e+00 -2.048178416267483648e+00 1.969064768895509854e-01 2.096766026835771513e+00 -7.948615530150990871e-01 2.993925136538988063e+00 -2.154279808313525280e+00
0.000000000000000000e+00 -3.451192211076349103e+00 2.370257068884360496e+00 1.128892670031022893e+00 -5.092713396358530709e+00 -2.364414145582587334e+00 -2.506619604548395719e-01 3.608656112972704832e+00 -9.223653207577691138e-01 4.784426155442036865e+00 -1.150892714513771287e+00
1.000000000000000000e+00 -2.702110874802365892e+00 2.265559266517608084e+00 4.520493681410456155e+00 2.489749406900714668e+00 -4.637035278485772682e-01 -6.249544038112941902e-01 -3.359174099107823164e+00 -4.777748023789770926e+00 9.607763560250348611e-02 1.555703575482009882e+00
0.000000000000000000e+00 -2.030396097181957238e+00 2.075004692943181350e+00 1.970935519115081691e+00 -2.643890684657618451e+00 -3.759063139045220936e+00 9.267948666079055542e-01 1.812279907613221663e+00 -5.449105581462778680e-01 3.416509425856323556e+00 -2.190098992268111999e+00
1.000000000000000000e+00 -3.004945905701146724e+00 2.435429813575111346e+00 4.792188156368045071e+00 3.035978101131586282e+00 7.759643553108115377e-01 1.032429404572740905e+00 -2.655603835204727758e+00 -4.425400108180440384e+00 -5.023600826127871954e-01 2.132747849817858143e-01
1.000000000000000000e+00 -3.197817845407845194e+00 3.215617959638782608e+00 3.878065346408538172e+00 3.968234862311013522e+00 1.625670969495380813e-01 -2.127857446130708929e+00 -2.887452491852512626e+00 -4.449810510027146115e+00 -7.634286697880143802e-02 1.846853466272103117e-01
0.000000000000000000e+00 -3.634340447885446412e+00 2.301644226934835391e+00 3.102842697347258927e+00 -2.619512997522899234e+00 -1.787855511385679996e+00 -2.232104271391629702e+00 2.232876713835008964e+00 -3.213161884606914320e-01 3.533610183683367545e+00 -9.104543996735359190e-01
0.000000000000000000e+00 -2.099614852833301626e+00 3.418231082906983076e+00 -1.175665446527381253e+00 -4.631638030757557090e+00 -2.831527908202530419e+00 -1.384210814331313877e+00 2.043361446755979749e+00 5.273228473300806129e-01 4.259246578722478915e+00 -2.342320216183419568e+00
1.000000000000000000e+00 -3.281222207914116229e+00 3.167637643871854092e+00 3.707528609415291942e+00 2.320834430860764019e+00 1.640217564176334575e+00 -1.994570490979737709e+00 -2.011372835145429416e+00 -5.005292265892572701e+00 -7.618295285162113295e-03 -2.307577777492012538e-01
0.000000000000000000e+00 -5.482713584848976751e+00 3.337641564211004663e+00 1.092963494834943594e+00 -4.740020615431251194e+00 -7.880211200569327001e-01 6.376008208310737224e-01 2.879207795526174785e+00 -2.683254931760203355e-01 5.522123102764552094e+00 -1.806220554455093552e+00
1.000000000000000000e+00 -3.038807068656355526e+00 2.253064427984082130e+00 3.330417114495629605e+00 1.677703069645505973e+00 -1.151589472486337140e+00 -1.643636305172817558e+00 -3.869677159205200834e+00 -4.195195810563775218e+00 5.570124076217863873e-01 5.081314116773882894e-01
0.000000000000000000e+00 -4.752585207127195233e+00 3.414345364364479885e+00 1.779222922936623874e+00 -4.658363234873975856e+00 -2.601445516418084303e+00 -8.910637074539999869e-01 8.090809639926113128e-01 7.973348223412213276e-02 4.450788462357675890e+00 -2.745633553033623997e+00
1.000000000000000000e+00 -4.785256768819926343e+00 2.927689674918138252e+00 4.107930289020263359e+00 9.932810088451644592e-01 1.492729842552589670e+00 3.989284711212206513e-01 -2.144077109453358165e+00 -2.994113404044830062e+00 1.429808917351851116e+00 2.119567537954081260e+00
1.000000000000000000e+00 -3.509416564570889907e+00 3.869470946165409764e+00 3.401639009242586997e+00 2.831094770066454380e+00 1.488794405627647865e+00 1.801522621380401423e-01 -4.259904721140747696e+00 -5.315699925548265092e+00 1.310678410992971887e+00 7.687719323760291434e-01
1.000000000000000000e+00 -1.682417946319956670e+00 3.415936334361540538e+00 2.582127983707780849e+00 1.832173289127082771e+00 1.528881162196876531e+00 -1.016481685302416671e-01 -3.659544047756909446e+00 -4.353101358800963716e+00 -4.522081143255038960e-01 -3.257940160563764787e-01
0.000000000000000000e+00 -2.366756412402655663e+00 1.946713083943918177e+00 -3.691154030498511318e-02 -4.220475239926441802e+00 -3.060333353858963434e+00 -1.835355125590240277e+00 6.119984685957704507e-01 2.952541557901381397e-01 4.050949900517724522e+00 -1.288290760614266395e+00
1.000000000000000000e+00 -3.098761682209503654e+00 2.699061358105840469e+00 3.041968374568336575e+00 2.238985717324009084e+00 2.082728037829321366e+00 -1.685924737404379981e+00 -2.457170428059483491e+00 -4.266868916590954797e+00 6.682372280270720832e-01 -1.929468804236307844e-01
0.000000000000000000e+00 -1.855052666799339445e+00 3.139146232459167241e+00 1.411746957301383443e+00 -3.965556227943149104e+00 -2.456805403137685140e+00 -1.795085714566005297e+00 3.314334266617843916e+00 -8.131826380069135940e-01 5.523994086930030356e+00 -2.169149902686995368e+00
1.000000000000000000e+00 -4.142348130288352692e+00 3.992894877747547699e+00 4.749726330867587443e+00 1.127260899345258416e+00 1.133947373095499422e+00 -1.187621632227178425e+00 -2.617828551023747785e+00 -5.782438251732770595e+00 -5.665410913285693351e-01 5.341420434482173629e-01
0.000000000000000000e+00 -5.159597628912136358e+00 2.893464140615055413e+00 2.488368432821634002e+00 -2.765880635549476274e+00 -3.256964149260960006e+00 -4.831884966883248089e-01 2.953151449631623127e+00 6.478898193221664936e-01 5.267472606102900912e+00 -2.242054191442539590e+00
1.000000000000000000e+00 -4.168547827368101366e+00 2.853859534323346825e+00 2.716379477056616754e+00 3.711793554744934998e+00 6.180411344319005629e-01 -1.337629573798236882e+00 -3.779999195052587524e+00 -4.419193407278971364e+00 -6.911845882627254412e-01 -2.921245679478080559e-01
1.000000000000000000e+00 -3.242554906626124556e+00 3.639223526055976432e+00 3.501781503723234490e+00 8.368624590441358091e-01 4.346165611738692647e-01 -1.477159910712188662e+00 -2.833202706670802318e+00 -4.144262994926035226e+00 2.062145916623059794e+00 4.584358894278957597e-01
1.000000000000000000e+00 -3.694645135579940565e+00 3.188237879859808110e+00 2.576910446113711561e+00 3.116158737037704185e+00 -1.205196460240754330e+00 -6.457599208632173182e-01 -3.425521946007562324e+00 -3.453462561055872904e+00 1.792941582845679394e+00 -5.307622051289018206e-01
1.000000000000000000e+00 -9.243626363780754751e-01 3.662027717011331340e+00 3.372347824816160244e+00 1.860703482026248023e+00 5.470531142993045881e-01 1.099669113089262407e+00 -1.818388986079972014e+00 -4.741226253897471210e+00 1.934681881765052180e+00 1.179157611462837263e+00
1.000000000000000000e+00 -2.895024631709956608e+00 2.128617725463142207e+00 1.888826923466165431e+00 4.978302997849006761e-01 7.184123386616999563e-01 -2.673068550004088495e-01 -3.369245264664874284e+00 -4.606550069616438314e+00 2.534504741672585215e-01 9.776047089314758853e-01
0.000000000000000000e+00 -2.459237504903182270e+00 2.470623882149278749e+00 6.917702306946911239e-01 -5.283084933001213734e+00 -2.958196225455353545e+00 -6.226820094495091329e-01 2.834413060061769407e+00 -1.309126045620260026e+00 7.326612489843240539e+00 -2.892171895987698527e+00
0.000000000000000000e+00 -2.860461836627094190e+00 2.558919665496153684e+00 1.283018372426459441e+00 -4.491700193898974902e+00 -1.735861264283155014e+00 -1.812096360735834244e-01 2.794000530571643992e+00 -1.642143068692015317e+00 4.688047326695161665e+00 -3.083908158641490260e+00
1.000000000000000000e+00 -3.813076562842646400e+00 4.325753255110807771e+00 4.022012031580359803e+00 1.885114856591170618e+00 -5.859625822011416130e-01 -1.224716577110825266e+00 -2.435019386302927469e+00 -4.646410737170769245e+00 8.594347663438268725e-01 1.802314509545224430e+00
1.000000000000000000e+00 -7.690898749479022634e-01 1.897978609540308170e+00 2.863638326222285091e+00 1.443905407717904321e+00 1.163126825733576064e+00 2.194026751710096423e-01 -5.108228998644974261e+00 -2.969601328806582785e+00 9.625983789367446031e-01 -1.309782306073897784e-01
0.000000000000000000e+00 -2.742984369924763133e+00 2.391819885610053653e+00 2.311471685890973404e+00 -2.467842400113914980e+00 -2.346859502071469983e+00 -8.985760686222464821e-01 2.931605783501123774e+00 -1.592788558805945165e+00 4.786728726696178882e+00 -1.046907213940396764e+00
1.000000000000000000e+00 -3.453610134788645869e+00 2.955289874625390834e+00 2.461233169649798214e+00 3.110907971372482983e+00 -1.907257699365227932e-02 -2.162256492136326091e+00 -2.163081856772274048e+00 -4.235209705377815048e+00 1.417167852302444464e-01 6.951836585867011697e-01
0.000000000000000000e+00 -4.063387794567637989e+00 2.226880057200770757e+00 1.608168317784767432e+00 -3.762344683424182712e+00 -2.532136283723685821e+00 -6.856217271127804658e-01 3.178493917110923661e+00 -6.397958860365324796e-01 4.236159808044411612e+00 -4.231158457080335111e-01
1.000000000000000000e+00 -3.368816084889594276e+00 3.316872453274792409e+00 4.320693667071712873e+00 2.928352342056862234e+00 7.703415391132769630e-01 -4.709828180174897017e-01 -3.358646200394768133e+00 -5.237218685642809568e+00 1.783889693131065490e-01 2.923429558613295232e-01
0.000000000000000000e+00 -3.178318507661658021e+00 3.834758191952657214e+00 3.286383900711165040e-02 -4.341714411553843078e+00 -1.574804233526047703e+00 -2.857513631728479275e+00 1.422527493964950818e+00 -3.906446740927158046e-01 2.534757407760423575e+00 -3.293470327319250046e+00
1.000000000000000000e+00 -2.225502584246895843e+00 1.639339089613054190e+00 4.329277765174470716e+00 1.969265755145051200e+00 -2.669312827237459995e-01 -5.816589103840666963e-01 -2.096702735959117714e+00 -3.746204312691509219e+00 2.170394361890422452e+00 6.562464158342777854e-01
1.000000000000000000e+00 -3.311582130784159528e+00 2.724339101319820156e+00 3.189745527210840592e+00 1.776100269959273170e+00 3.963765994899945966e-01 -2.399703563574928200e+00 -2.722904041323820579e+00 -4.670196775884333462e+00 3.091501261448917681e+00 -1.272529406321400991e+00
0.000000000000000000e+00 -3.818962191306331189e+00 2.690043090820928740e+00 3.910818726935654244e-01 -4.943017859659542879e+00 -2.662849737824841689e+00 -7.277816235452989613e-01 2.971133000454424522e+00 -1.420439556551952531e+00 3.617461432188930459e+00 -4.075198570155535549e+00
1.000000000000000000e+00 -4.073909915549791982e+00 2.704233636515057881e+00 3.779898074511938155e+00 1.178607587366200748e+00 9.152160719444192294e-01 9.699636251418930488e-02 -3.351709147589299942e+00 -4.799230901832374663e+00 -3.699801922847043567e-01 1.044005766669728885e+00
0.000000000000000000e+00 -4.120056054558069114e+00 1.970614317236629276e+00 1.450954194691377097e+00 -2.683205905111203826e+00 -2.870945399207903037e+00 -2.536105100457554107e-01 5.591922874488146622e-01 -1.116233454354444321e+00 5.600152264712877859e+00 -2.659721466640431409e+00
1.000000000000000000e+00 -3.326638657304553437e+00 2.301186888391125507e+00 2.497268636779572670e+00 3.035993848125203343e+00 1.052656670234817682e+00 -1.141357080947013269e+00 -3.675391331298206943e+00 -2.785807853892636743e+00 -8.923304304154144884e-02 -4.247060032527706364e-01
0.000000000000000000e+00 -4.216261328002814501e+00 2.001595399090968286e+00 7.783270850659489426e-01 -4.454363994609591870e+00 -2.517685080215414484e+00 -1.935778718145492405e+00 2.935926453898030086e+00 -3.305664422997684482e-01 3.492946409365363714e+00 -1.419053926572880542e+00
0.000000000000000000e+00 -4.184601200133169385e+00 3.123012020747094386e+00 2.593864685743591192e+00 -4.405581355930870302e+00 -2.202556171771673732e+00 -1.420566973431358626e-01 3.451225745328910577e+00 -2.270689584333190902e-01 4.942062656794744768e+00 -2.867806164760106746e+00
0.000000000000000000e+00 -3.045785435210608405e+00 2.860155588748646061e+00 1.274286238606264110e+00 -3.091898340510481624e+00 -2.265033699544068746e+00 -1.653106677632188326e+00 2.644013257672891193e+00 -1.942078910078688381e+00 3.703965258143795403e+00 -2.533315588243396643e+00
0.000000000000000000e+00 -4.989379972812313824e+00 2.270090777362865353e+00 2.040714496999035177e+00 -5.170498197375393623e+00 -2.294600211880143625e+00 5.812608827603571449e-01 2.273273577503933218e+00 -1.913832717739262224e+00 5.327827271761545802e+00 -2.568391279070118216e+00
0.000000000000000000e+00 -2.880581528365563582e+00 2.154241349135703310e+00 1.175399690918246254e+00 -2.827699202603505046e+00 -8.859558437248515883e-01 9.088946996289588576e-01 2.195061331091220591e+00 -6.084494763252279448e-01 5.930608474310600897e+00 -1.936605569626119294e+00
1.000000000000000000e+00 -3.291155705319139813e+00 2.971633687667696311e+00 1.215786963655555386e+00 2.242847150537312650e-01 -1.360763842174189664e-01 -1.768592419908786351e+00 -3.495940098242062533e+00 -3.950740065403802515e+00 1.385159638915191671e+00 4.878433965390035487e-01
1.000000000000000000e+00 -3.930292683121096253e+00 4.442654033702609695e+00 4.207518993521916606e+00 1.892912536446376581e+00 1.707135845563330090e+00 -5.032813208499424817e-01 -3.429713391398264033e+00 -3.994995858528264776e+00 8.492777233699657646e-01 1.938176359486430966e+00
0.000000000000000000e+00 -3.519716335252362605e+00 2.963797115212774447e+00 1.904688146691134731e+00 -2.620437462133915041e+00 -4.446554600003931768e+00 -2.116240870742140068e+00 3.967795903315362249e+00 4.663967095937694429e-01 4.873378640083489088e+00 -2.931782753231493288e+00
1.000000000000000000e+00 -3.345411470547805521e+00 2.305997296461695711e+00 2.504930620588656787e+00 1.810916974235714516e+00 -2.523328474821778800e-01 2.093651265565120045e+00 -3.205273086029444496e+00 -4.241339137851229069e+00 6.731888949131766831e-01 2.484473886316961866e-01
1.000000000000000000e+00 -2.380471611885654148e+00 2.472141539709585167e+00 4.006785039749520827e+00 6.410578470827879016e-01 -1.293245031812535473e+00 -8.341041252670432504e-01 -2.296491810002493583e+00 -3.689010813008481104e+00 2.137368056769485491e+00 8.992320247193331950e-02
1.000000000000000000e+00 -1.223060285858524665e+00 3.087219135041408880e+00 1.488416060659375262e+00 1.203130835692554079e+00 1.495360307082166829e+00 -5.768315978032414471e-01 -2.541911610642053176e+00 -4.917437032915278117e+00 1.462597152083864316e+00 2.407908026859360007e-01
1.000000000000000000e+00 -3.829608192612993456e+00 4.373116158396348929e+00 4.622083047892300733e+00 2.852573343472287526e+00 4.125650835774607450e-01 1.242299231749482313e+00 -1.860497117371682219e+00 -4.856619948510662255e+00 8.450118708571686676e-01 6.629650776997375594e-01
1.000000000000000000e+00 -4.690603976424334576e+00 2.814711811834719857e+00 3.054421683343016003e+00 2.886295320471222947e+00 -2.612325981395475782e-01 -9.623619448549693978e-01 -4.130457090077076288e+00 -3.301775865876953375e+00 -6.722777901747354345e-01 1.505388105813141753e+00
1.000000000000000000e+00 -3.187376209044530562e+00 2.103163931634498329e+00 2.961622320718248602e+00 1.999602234082851204e-01 -4.569712903036160512e-01 -1.232116092840892518e+00 -5.059251082489859996e+00 -4.580199434341915676e+00 2.346985455089007466e+00 -8.510344073554265698e-02
0.000000000000000000e+00 -5.593865608752045304e+00 4.264106396048775061e+00 6.158376432709475878e-01 -4.198414556608399018e+00 -3.136632412383251189e+00 1.714737258453252533e+00 2.221360693733325231e+00 -7.265825649137056530e-01 3.112280640246922303e+00 -1.167307516812815082e+00
0.000000000000000000e+00 -4.057649025136476517e+00 1.739671017027871525e+00 2.234861700803290052e-01 -4.476941175483741375e+00 -2.919976266172474411e+00 -1.271051407632296515e+00 3.257801958002338072e+00 5.568152319344685797e-01 2.543433453969747404e+00 -3.793516048469534496e+00
0.000000000000000000e+00 -3.337579456036564807e+00 3.042906439108975292e+00 1.294233316520675414e+00 -5.196070266794171388e+00 -2.399505980636178926e+00 -7.333177726168577104e-01 3.431447071590859377e+00 -1.618810087962712307e+00 4.547830621397218387e+00 -2.175157574175366371e+00
0.000000000000000000e+00 -5.581234738731298606e+00 1.861730705529746732e+00 1.863696194740809275e+00 -3.061204332645709236e+00 -1.137103061539546767e+00 -8.340386374133125225e-01 1.506493704081849794e+00 -1.035915362897312342e+00 4.966197961923800364e+00 -2.521059448094256084e+00
0.000000000000000000e+00 -9.068001759199515455e-01 4.364396773565806242e+00 1.484844744135914718e-01 -3.919983811938782647e+00 -2.899055999601246381e+00 -2.177414905741693607e-01 1.254631655855115824e+00 -2.626296478630748332e+00 4.150919216052552763e+00 -1.819823195700485341e+00
0.000000000000000000e+00 -3.020985164999699268e+00 2.158797470018580356e+00 3.566815805011840368e-01 -4.222323094398872101e+00 -5.111588895727239290e+00 -2.020553172129298858e+00 1.752526798987406043e+00 -1.637615477413014275e+00 5.106882356202801176e+00 -1.378469593803913540e+00
0.000000000000000000e+00 -1.557751474895536559e+00 3.083231991970736274e+00 2.709233758887726662e+00 -4.673560000452605223e+00 -2.448829751199862681e+00 -1.569664945138627310e+00 2.218375135551823529e+00 -1.597574483526162270e+00 2.980639087693452538e+00 -2.310463928765028374e+00
1.000000000000000000e+00 -3.729200388913209707e+00 2.388033747660261774e+00 4.566684536115558579e+00 2.780114256533138040e+00 4.813557219389908992e-01 7.163015574526168106e-01 -3.023525991364065302e+00 -3.662734387159108707e+00 -3.388072235018375622e-01 -9.430436545926603742e-01
0.000000000000000000e+00 -4.133831208515911015e+00 2.505742548268628411e+00 1.265637656164920299e+00 -4.473076319665912237e+00 -3.233816730397621519e+00 -4.037054324482330925e-01 2.120965695905017157e+00 -8.549199421702067259e-01 5.976361279028685303e+00 -2.146697713730576496e+00
0.000000000000000000e+00 -3.339473711879436646e+00 2.269169915433987939e+00 1.841111001490093102e+00 -5.282503890643382327e+00 -2.135778467548118620e+00 -7.302758933784672113e-01 8.155440362383117314e-01 -1.222590464923679843e+00 4.172953020631197774e+00 -2.730946511953728173e+00
0.000000000000000000e+00 -4.206463699090401853e+00 2.716707226744099035e+00 -1.009103685568350173e+00 -4.859574944975526556e+00 -2.812529457893622187e+00 -2.147930749192842992e+00 3.694030629117670550e+00 -5.922730236586135621e-01 3.676849151290317863e+00 -1.962188722046947387e+00
0.000000000000000000e+00 -3.447178576263521421e+00 3.117220717456904211e+00 9.680775428514865055e-01 -3.769009027986422566e+00 -2.436785404340628958e+00 1.630060624745306441e-01 1.395790665118734619e+00 -1.680235520866046217e+00 2.458428440094721612e+00 -2.837121315134517818e+00
0.000000000000000000e+00 -3.405301415486055916e+00 1.976413779039812635e+00 1.276584696333049829e+00 -3.186115717841083494e+00 -2.018102626760204021e+00 -9.665609807443850121e-01 2.006094614325987457e+00 2.132154156355869912e-01 4.761838565473846430e+00 -2.091301954972809796e+00
1.000000000000000000e+00 -2.499860969979674330e+00 2.733376908006225570e+00 2.422934372922463275e+00 2.755158926931508656e+00 -6.595628582010368834e-01 -4.241317194717783567e-01 -2.658610854841445548e+00 -4.174472186290975273e+00 -1.195264761305109280e-01 -2.185230547192952288e-01
