1.000000000000000000e+00 4.232690027967876745e+00 -9.530442158816468279e+00 -3.684579503038622583e+00 6.897074969459566773e+00 1.145161534180756746e+01 -3.368492389535118647e+00 1.702761807724960885e+00 -2.293562342515727437e+00 -3.153704125827254234e+00 -7.505778737912225385e-01
1.000000000000000000e+00 4.909799946276397264e+00 -8.446389281309670594e+00 -1.846317907901386501e+00 6.420467839353769079e+00 9.253089654470683101e+00 -2.301735309445961164e+00 2.535417810326767274e+00 -1.536980100811198291e+00 -4.932118701064872823e+00 -2.196185762586376988e+00
1.000000000000000000e+00 3.684178397215697398e+00 -8.649794707444984354e+00 -2.991945036452692275e+00 6.844636229529236893e+00 9.705834152713661567e+00 -3.536971092046110154e+00 2.235206215200679303e+00 -1.270231271763131220e+00 -3.830983855835700336e+00 -3.026705847706636199e+00
0.000000000000000000e+00 5.381071360196673758e+00 -7.346140226093993419e+00 3.530189014350744614e+00 -5.723547133957958444e+00 1.731406821274631413e-01 -1.848209865964481224e+00 3.188561999218496590e-01 1.117189101088903058e+01 -9.626274207176937381e+00 2.941199136133841652e+00
1.000000000000000000e+00 5.672166479497171565e+00 -1.088679277033682169e+01 -2.857989629233317341e+00 7.107587652067923756e+00 1.058986630567507703e+01 -3.268213906468853569e+00 2.566567716554588152e+00 -4.527646269591072414e-01 -5.343669758075204612e+00 1.044939631476478059e-01
0.000000000000000000e+00 5.530944599977305032e+00 -6.937503249767255298e+00 4.162285313577744006e+00 -4.965334123734387539e+00 1.060519635486165235e+00 -1.417086525220428772e+00 -1.190342957464337159e+00 8.759413392475698501e+00 -8.789639937330139929e+00 3.471871560006973390e+00
0.000000000000000000e+00 6.232081851652154114e+00 -5.528119582652975872e+00 4.138963708168311939e+00 -6.169729015245897230e+00 -1.833643981131208633e+00 -4.880288697848175206e-01 -1.557955937787574463e+00 1.023705466833507316e+01 -9.762652567365668332e+00 3.413018460317662317e+00
1.000000000000000000e+00 4.864334157691162730e+00 -8.778775804644688208e+00 -3.184821689764504082e+00 5.592636399091547972e+00 9.948617653322211041e+00 -3.589019362163140325e+00 6.369630651956574852e-01 -1.033161698709550436e+00 -4.272257045080561255e+00 5.724710156886481105e-01
0.000000000000000000e+00 5.812750270744374781e+00 -5.209667481489880458e+00 5.763448091176387678e+00 -5.013198129638507972e+00 4.238717837923012821e-01 -1.308552654483675859e+00 -1.737383470257779061e+00 9.359358726390444971e+00 -8.657844811221607983e+00 4.172985207095994298e+00
1.000000000000000000e+00 3.879766691880305540e+00 -1.107337900847414680e+01 -2.140092476024657131e+00 6.693011683903887565e+00 1.036463265272940504e+01 -4.196505356315045177e+00 8.419924452796985204e-01 -1.095227583631448454e+00 -4.279047570312203064e+00 -1.844331915261333554e-01
1.000000000000000000e+00 4.873991825985019233e+00 -8.749504032778213869e+00 -3.789054645941380972e+00 7.281298943685824199e+00 9.099595301430763783e+00 -1.636198719921422740e+00 1.469859398681497398e+00 2.451080843348056870e-01 -4.711694549419569888e+00 -2.165563724809845603e+00
1.000000000000000000e+00 4.064517907716092004e+00 -9.924597729543489066e+00 -2.191943174641531655e+00 5.724106618857337736e+00 9.064160539688151275e+00 -4.617858696290825904e+00 2.812453931328088963e+00 -2.012734692859228236e+00 -2.577374515631094543e+00 4.378610110243363884e-02
0.000000000000000000e+00 5.228436433540474937e+00 -5.390015053216707486e+00 3.764766144196177500e+00 -6.162801162188261905e+00 1.346451270726665594e+00 -1.039469739809104398e+00 1.098339685544995614e-01 9.387082126054874465e+00 -9.906567199306101301e+00 2.415140003972045424e+00
0.000000000000000000e+00 5.919178930711806785e+00 -5.955931364268837847e+00 5.644907759724620888e+00 -5.911974020678677277e+00 1.694178858412650923e+00 -7.785196696636804692e-01 4.880337105731680225e-02 9.977126220913326904e+00 -1.017475376902338979e+01 3.437919486134889180e+00
0.000000000000000000e+00 4.953435512757093484e+00 -7.079533387656451460e+00 5.186833050904860798e+00 -5.140788043863666168e+00 8.049010763310737726e-01 -1.607763911698791848e+00 -2.627134713627778950e-01 1.063564084678574773e+01 -8.362275216449368997e+00 3.661271194086684666e+00
1.000000000000000000e+00 4.991172147002304271e+00 -8.776686857953597709e+00 -2.121732300710188923e+00 5.979832229934052279e+00 1.013802924574178910e+01 -3.424073124157199111e+00 1.910452259958455246e+00 -1.098832137086513949e+00 -5.141046374790666285e+00 7.902044151893981017e-01
1.000000000000000000e+00 3.800403923072164236e+00 -9.507582179424119317e+00 -2.618776842831010310e+00 6.476320190241126262e+00 1.009921939988320183e+01 -3.153445184822685210e+00 1.746828512018020474e+00 -1.548271366594291543e+00 -4.367581647896199293e+00 -6.325780527891087246e-01
0.000000000000000000e+00 5.273430766494690225e+00 -5.526459376357612641e+00 5.326551453259280144e+00 -4.294328869304425922e+00 1.117654781466709490e+00 -2.203194215898237829e+00 -1.095117382395484729e+00 1.031327884673564910e+01 -9.979249709399292456e+00 3.223460504918971292e+00
1.000000000000000000e+00 4.192432067920974781e+00 -1.117218280283474208e+01 -2.439667285543722031e+00 7.132346931686326386e+00 9.523289737418162204e+00 -2.918891404393251232e+00 2.979159393802846889e+00 7.279190891674933717e-01 -4.654165966296265999e+00 -1.185170150341531503e+00
0.000000000000000000e+00 5.988431364804036150e+00 -6.733738140777610681e+00 5.262630887041041206e+00 -6.169566647242003654e+00 1.285828822345665312e+00 -4.921563698348407900e-01 -6.302199047955996392e-01 9.739282303362386983e+00 -8.265560656593766709e+00 3.346441328705406448e+00
1.000000000000000000e+00 3.954812278474197917e+00 -9.812789822565360254e+00 -3.977538535379538498e+00 6.214048840926722939e+00 9.891986156970499877e+00 -1.862897867912342020e+00 3.873854761651433165e+00 -1.902145922575164683e+00 -4.859243526578102212e+00 -1.453765363455295834e+00
1.000000000000000000e+00 4.915048992226006774e+00 -9.917305845362884398e+00 -2.668253129348332031e+00 6.463277959347961676e+00 7.736403882231455142e+00 -2.927116436385028386e+00 2.947727139194034507e+00 -1.433954646331161431e+00 -6.165695950605162068e+00 -8.650584141609959365e-01
1.000000000000000000e+00 1.855907527273099156e+00 -9.827869064793464560e+00 -2.208701660319103866e+00 6.371660342293633761e+00 9.095229051749164739e+00 -3.342098080224984002e+00 1.567092236015938056e+00 -5.205141389977533395e-01 -4.101041788587037829e+00 -1.022695415284293530e+00
0.000000000000000000e+00 7.378252952661501496e+00 -6.732483738337629475e+00 4.475134021774478832e+00 -3.739184678395391259e+00 1.000018678922606430e+00 6.283230138853812541e-02 1.220339046485660717e+00 9.317182243941511288e+00 -9.703858419352872744e+00 4.113695460502827750e+00
1.000000000000000000e+00 4.625492296587408347e+00 -1.140676431980956629e+01 -2.247084924015739560e+00 7.294038806557618493e+00 9.582677112847321155e+00 -3.139390066281365410e+00 2.067530969827709786e+00 -1.522353186281992121e+00 -5.163975421399491950e+00 -7.619624656975831911e-01
0.000000000000000000e+00 7.055037664617444193e+00 -6.975645218720837981e+00 5.452613371116358465e+00 -6.807478024648784931e+00 1.000816880851236768e+00 -7.970214674561482138e-01 -1.058007277984192918e+00 8.972653597815339666e+00 -8.470101839142881062e+00 2.542867537691524848e+00
0.000000000000000000e+00 5.067330689240277408e+00 -6.923420364390715953e+00 4.385720870846910202e+00 -5.188726236427212868e+00 1.565963222535602606e+00 -1.707726856693179140e+00 -9.981840102593589892e-01 1.000226010265749288e+01 -9.085020204542257005e+00 5.628696545845837562e+00
0.000000000000000000e+00 4.752670693452186512e+00 -5.078390094710906411e+00 5.142111628810665636e+00 -5.000458895009228577e+00 -2.063706317605998874e-01 -1.530207517485127067e+00 -9.050303081812629546e-01 9.821782018700460526e+00 -9.864571870858759084e+00 4.895814687309098190e+00
0.000000000000000000e+00 4.992031695169224292e+00 -6.906618815004189393e+00 5.576930352433366878e+00 -6.884794211819047050e+00 2.322115479398356441e-01 -1.134026507551960217e+00 -2.182904057076274218e-01 9.782769688842714473e+00 -9.565676444906323184e+00 4.318901696372649646e+00
1.000000000000000000e+00 4.720874218395987754e+00 -8.452464558754169133e+00 -3.523194494044256331e+00 7.498063195697063144e+00 1.060680522562432060e+01 -3.417039634358329359e+00 2.969265100082963293e+00 -6.601217502861026487e-01 -3.328325280925639618e+00 -4.475400327156331959e-01
0.000000000000000000e+00 6.041080761150216638e+00 -6.352271816375546720e+00 4.522800771913409790e+00 -3.790670420376125449e+00 9.316942159752197861e-02 -1.244597926145293521e+00 -5.746193226987595937e-01 1.006539053144209639e+01 -8.388437470803250307e+00 2.003276563980361136e+00
1.000000000000000000e+00 3.300710640610970525e+00 -1.181400357097039056e+01 -1.277443110030324736e+00 5.963303866533145481e+00 9.495202706534850989e+00 -4.782855341441717201e+00 3.080825460211371158e+00 -1.713633611053446471e+00 -4.595122346590907014e+00 -1.265495531140494068e+00
0.000000000000000000e+00 5.690390681286215724e+00 -5.226973757127948872e+00 5.487417099021043576e+00 -5.457398415129329550e+00 -3.453315396639510260e-01 1.261660568418445649e-01 -1.794767023916958193e+00 9.627238126842083688e+00 -9.503040374745081564e+00 3.073211667872674191e+00
0.000000000000000000e+00 4.847952842463203460e+00 -6.926869755836007059e+00 3.413484841682167037e+00 -4.990538387361194594e+00 -4.782691683644771929e-01 -1.730368469428402056e+00 -6.131621522457556539e-01 9.192825759027561716e+00 -8.513399835355066614e+00 2.442611445953755567e+00
1.000000000000000000e+00 3.539716742394740656e+00 -9.050980790577762392e+00 -2.724782520744388314e+00 5.531676909199493508e+00 1.141715110425732860e+01 -3.790683956405569877e+00 1.347393297874279305e+00 -1.081863151556354818e-01 -5.701960229489887233e+00 -2.639491124462616689e+00
1.000000000000000000e+00 3.985487852752347848e+00 -9.893853250796505350e+00 -3.713128391348686108e+00 6.232409228225272990e+00 9.163259129649821588e+00 -3.047877125111905450e+00 1.296693985172294505e+00 -2.035339735186473042e+00 -5.922447694165843046e+00 -2.589829518304281208e+00
1.000000000000000000e+00 3.353477688605936979e+00 -8.815557237211459451e+00 -2.922889076040476208e+00 6.077245099537455175e+00 9.387905458797652258e+00 -3.751141934183190862e+00 1.768690668709295810e+00 -2.059208406751302345e+00 -4.855632358465098442e+00 -3.502986801595244781e-01
1.000000000000000000e+00 4.900274608437682033e+00 -9.907875625810598663e+00 -2.462934699687159057e+00 5.788644549250085092e+00 8.938794663954080733e+00 -3.807025639557598762e+00 2.210821273423349886e+00 -1.576410799113348027e-02 -3.849625083224112121e+00 -1.625014652934723136e-01
0.000000000000000000e+00 5.124395178337685763e+00 -6.934074676143412219e+00 3.961890102526564483e+00 -4.958902755901235970e+00 -1.466428622701013929e+00 -1.860671684067652709e+00 -5.060470133320670305e-01 9.261546275750365709e+00 -9.285206673976798442e+00 3.058388764280503214e+00
1.000000000000000000e+00 3.256127018722809296e+00 -1.099901672492403115e+01 -8.863844081685667842e-01 6.496079925023915180e+00 9.457396397268373889e+00 -3.616091422393379773e+00 9.291232989786399887e-01 -2.251356851236399059e+00 -3.991245672028429947e+00 -1.996922095953877818e+00
0.000000000000000000e+00 4.437109989481296424e+00 -7.660427262485056232e+00 4.704173933845991584e+00 -5.868817919888218881e+00 -1.169875270965482716e+00 -1.069815039391198042e+00 1.132424152684409213e-01 9.906019349707460009e+00 -9.791066880135794293e+00 2.369747645863490515e+00
1.000000000000000000e+00 3.667656450496274090e+00 -9.080929468058046794e+00 -2.689850012804522184e+00 5.859944410470728116e+00 1.091418468496627625e+01 -3.283930590457905030e+00 4.605417659403512332e+00 -2.120173917838227950e+00 -2.160302556395554685e+00 6.754737387929687920e-02
0.000000000000000000e+00 5.412078236583909074e+00 -6.121695071127413179e+00 3.355614676962897391e+00 -4.336755591826927159e+00 -4.985886540942163769e-01 -1.546179674769690315e+00 -8.078322930687242831e-01 9.474332362254775930e+00 -9.433274876225558714e+00 1.526724610807266513e+00
1.000000000000000000e+00 4.380904417157188036e+00 -1.064620749908389463e+01 -3.391408406844352630e+00 6.971273610025203737e+00 9.688038717398551825e+00 -3.480021464849681223e+00 2.448507472987581757e+00 -6.279858493652106244e-01 -6.158694425591206389e+00 -2.838763100027263064e+00
1.000000000000000000e+00 4.250736951751326487e+00 -1.054032918156946508e+01 -2.466246785601990510e+00 5.960507507652770265e+00 1.047623554404380108e+01 -3.386098742803087980e+00 2.967957244377757320e+00 -1.262272034351827887e-01 -4.469964292737645728e+00 -2.106485177124644004e+00
0.000000000000000000e+00 5.838967489450659798e+00 -6.566589914932269068e+00 5.361810817851575983e+00 -5.961122372250019730e+00 9.886848956357096041e-01 -1.457858715101507441e+00 2.213454964331292851e-01 9.121304372849728281e+00 -9.523842691476303912e+00 4.503782107783128374e+00
1.000000000000000000e+00 3.997459112495523215e+00 -1.018048664728768671e+01 -3.184239954649379811e+00 7.365390676900918088e+00 9.858221001027462904e+00 -2.546932905327662588e+00 2.408289471588535680e+00 -1.198502564337995402e+00 -4.152203689878371407e+00 -4.473969636828643015e-01
1.000000000000000000e+00 2.871608555350356529e+00 -8.351560562764857920e+00 -2.467682344442645892e+00 6.020031761766183820e+00 8.426550966391960884e+00 -3.100098673211773903e+00 2.676563379923525776e+00 -9.856908895977869456e-01 -5.841784130962467181e+00 -6.350732839099744176e-01
0.000000000000000000e+00 6.078538103204299325e+00 -7.130452599931961899e+00 5.041143057799656546e+00 -4.313612500845707132e+00 1.055411272503059550e+00 -8.964512892669889155e-01 2.060681896693228321e-02 1.021036340597245662e+01 -8.059376520591516879e+00 2.328048679556503853e+00
0.000000000000000000e+00 5.659104673328887003e+00 -5.754394129813350744e+00 5.657047520269652630e+00 -5.527203119495210260e+00 1.077824245563339556e+00 -8.870256923153101436e-01 6.062071428676920615e-01 1.082362164896095713e+01 -9.926354695810621465e+00 3.163464944882385943e+00
1.000000000000000000e+00 4.913841125341251725e+00 -1.040573735340131911e+01 -3.460012749351492278e+00 5.913564115032253099e+00 9.962478665214328899e+00 -3.028301658420817333e+00 2.260198979775393635e+00 -1.274483583259659714e+00 -2.424581137948299769e+00 2.524633209606141904e-01
1.000000000000000000e+00 4.487210818752045860e+00 -1.228543065419518321e+01 -2.622023190665324854e+00 7.027982858627277452e+00 9.300232374158953874e+00 -2.321762794494565796e+00 2.557384234545136970e+00 2.760545987559692716e-01 -5.356715461010483459e+00 -1.195814365037805471e+00
0.000000000000000000e+00 5.597021515689812432e+00 -6.776927053548149615e+00 5.201970687324606324e+00 -3.903326801661592516e+00 -3.681964656523956103e-01 -2.523685046514987373e-01 3.862862267755921009e-01 8.955802072802185876e+00 -1.130288085057955172e+01 3.778805685135760317e+00
1.000000000000000000e+00 4.040061093920991553e+00 -1.024970186363939106e+01 -3.370841261333909600e+00 6.073133377965184820e+00 8.221086327795211091e+00 -3.455459296254631330e+00 1.975273583263380317e+00 -1.036316066684345616e+00 -3.327461823155998921e+00 -1.898946934888230409e-01
1.000000000000000000e+00 4.016932345227666623e+00 -1.116071036067040723e+01 -3.294326072064688748e+00 7.037770941050800921e+00 8.760119792407381922e+00 -3.520752941816239989e+00 3.115536775522946833e+00 -2.462643628681810970e+00 -3.597361809197155758e+00 -1.290632459255491415e+00
0.000000000000000000e+00 5.896133100924234149e+00 -3.076193940710338914e+00 5.639439905861419966e+00 -4.662086028814206529e+00 6.024202109722545107e-01 -6.367954204627128689e-01 4.650151114818971143e-01 1.087491039124267900e+01 -9.589824758775518987e+00 3.580794704408559070e+00
1.000000000000000000e+00 4.657509444168040247e+00 -1.079186678178841952e+01 -7.646113535641274606e-01 7.424252941204295020e+00 9.842493950954827042e+00 -2.471165444394985755e+00 2.200522072901609061e+00 -8.369124062371096073e-01 -6.004269387315023465e+00 -1.627773195943148288e+00
0.000000000000000000e+00 6.044941951975973282e+00 -6.331758497971730293e+00 4.806117779674189627e+00 -5.020132540905353657e+00 1.068160244046997054e+00 -1.892233526587622894e+00 2.570621359842800713e-01 9.698057057466202835e+00 -1.084987720800091004e+01 4.112686202196316643e+00
1.000000000000000000e+00 4.069455744069722769e+00 -9.310022662574080954e+00 -1.139444975905901991e+00 6.456082625999774116e+00 9.982329421223443688e+00 -4.068442884989719843e+00 2.353140637736801821e+00 -1.704736249190681008e+00 -4.557022253434637626e+00 -2.952460868672730054e+00
1.000000000000000000e+00 4.292163675632342468e+00 -8.890592159736740996e+00 -3.647364826610930422e+00 5.569514500676597812e+00 9.143370612271539244e+00 -3.002913747515222109e+00 1.984324230793226729e+00 -1.266905306668591580e+00 -5.210470011106819399e+00 -1.319140446565744806e+00
0.000000000000000000e+00 4.950454668415390280e+00 -5.128373818765426861e+00 3.857590245800342377e+00 -5.639568821507310759e+00 1.882711218368862127e-01 -6.829896873733840579e-01 3.843269186733184739e-01 8.538989910546838757e+00 -9.409943525495039651e+00 2.497783376903775832e+00
0.000000000000000000e+00 6.055489571475619393e+00 -6.211188789173272440e+00 4.439673375728903970e+00 -4.450783641912114952e+00 2.932774311408867240e-01 -1.952140460305763936e+00 -1.448018875283388462e+00 9.325596194838290387e+00 -9.778074040971672432e+00 3.740274415778629624e+00
0.000000000000000000e+00 6.419644188312634725e+00 -7.542236483958315141e+00 5.272729237002877767e+00 -5.738074696098094840e+00 -1.732764597177778976e+00 -1.083188016531918763e+00 -8.592663477800694949e-01 8.668858315846733831e+00 -9.373643354481114187e+00 2.218904091521665567e+00
1.000000000000000000e+00 3.640500440803926097e+00 -1.141040759380365266e+01 -3.293765501748210145e+00 6.442513438796379610e+00 1.034603892508404854e+01 -1.713479762592616362e+00 1.451626882766490212e+00 -5.285526200164479826e-01 -3.455108682590553926e+00 6.691658562716720215e-01
0.000000000000000000e+00 2.909971095747142744e+00 -5.436701793048252185e+00 3.992898674038338314e+00 -4.649369619027632794e+00 -3.271283755339841059e-01 -1.842624012009514090e+00 -3.066729549067348515e-02 1.103100519502266685e+01 -8.559370056264617332e+00 3.102578027223890089e+00
1.000000000000000000e+00 5.080694287644910823e+00 -9.772208645775116054e+00 -2.005769664711616329e+00 7.361251370285817330e+00 9.202568913269148609e+00 -2.597047602999281501e+00 2.208432850833889738e+00 -1.353831359217360530e+00 -5.771479991730979364e+00 -1.330448444359584537e+00
1.000000000000000000e+00 5.030173315770324116e+00 -1.081362592612141071e+01 -1.648179206863296109e+00 7.361903665638406480e+00 1.018358004964176189e+01 -2.012039726968655184e+00 1.445949583607224032e+00 -6.825387276374993428e-01 -4.665449774969839147e+00 -1.336464219966854827e+00
0.000000000000000000e+00 6.522960420040609719e+00 -7.748424931446452391e+00 4.377293672061355778e+00 -6.574358339724978961e+00 -1.055274075926287303e+00 -6.415778414999899759e-01 -1.181216232782580589e+00 9.646826264998628275e+00 -8.735641480911814583e+00 3.246611270022642159e+00
0.000000000000000000e+00 6.010064060525213137e+00 -5.102825678077887339e+00 2.820755431033295846e+00 -5.817405748208337002e+00 2.101395597412512029e+00 -1.478581205360438577e+00 -1.601356335851595869e+00 1.016520807006727267e+01 -9.533784687014174253e+00 3.769414370468008535e+00
1.000000000000000000e+00 3.824849777692251429e+00 -1.158613344591068284e+01 -1.716598953433686514e+00 5.709381031087737313e+00 7.572911352637546223e+00 -4.738574133748287842e+00 2.336795654476303330e+00 -1.301454858852211460e+00 -5.705154786598144234e+00 6.807132325333631329e-02
1.000000000000000000e+00 5.350776614532904318e+00 -9.676648954293725069e+00 -3.270918241782738267e+00 7.829391139815857770e+00 1.037364575629066188e+01 -3.958106758686941617e+00 1.414623052359996080e+00 -2.609563626326734997e+00 -4.557980202500129252e+00 2.598737300842626219e-01
1.000000000000000000e+00 2.519634469891830264e+00 -1.018774376815759197e+01 -4.101942534655087513e+00 7.306958359488282539e+00 9.953374227492778559e+00 -2.361000934412357477e+00 3.407392952322318536e+00 -2.578549739808480012e-01 -4.101037802825917566e+00 -4.485756548358988960e-01
0.000000000000000000e+00 5.168549741691577992e+00 -4.601722844217969843e+00 5.951485951029233057e+00 -6.493019958867625618e+00 4.768122668491273641e-01 -8.942783674988036280e-01 -3.324623322995288177e-01 9.130118719012385142e+00 -1.023039047553713843e+01 3.727148506278701756e+00
0.000000000000000000e+00 5.286485633546724294e+00 -6.814169755627554004e+00 4.718493947084174245e+00 -5.167550384378622574e+00 -5.935230595554289446e-01 -4.396038309297304880e-01 6.614243673172564009e-01 9.550790450678752208e+00 -8.058180894331128385e+00 3.411860488502645783e+00
1.000000000000000000e+00 3.044809149136043835e+00 -1.268709476632837685e+01 -1.213672468456545639e+00 5.814630015911337324e+00 1.099412668486609057e+01 -2.961304661771489766e+00 2.618493905580890235e+00 -2.454399203880017311e+00 -3.871658393321104619e+00 4.850540875741848890e-01
0.000000000000000000e+00 6.488281153602207141e+00 -6.490504124663996066e+00 4.992807870445560958e+00 -3.458140487801868890e+00 7.653910180706331445e-01 -6.735243168589660767e-01 -1.309223882053604626e+00 1.057912706632711064e+01 -9.778778630726325360e+00 3.154174304100162640e+00
0.000000000000000000e+00 4.042967336409935442e+00 -6.082059111773257420e+00 4.829980430201348263e+00 -6.313655966475653969e+00 1.436236635019376484e+00 -8.056452178197216485e-01 -2.557996929748010961e-01 9.236893355601004885e+00 -9.582109956836735165e+00 1.847747330507639285e+00
1.000000000000000000e+00 3.970531279436966710e+00 -8.299246203827509660e+00 -1.637090631089973103e+00 6.493324345326413116e+00 1.061571976048388777e+01 -1.675957009387808005e+00 4.731453758151707767e+00 -2.250536201687131310e+00 -3.328383709895157416e+00 -2.419952876891973581e+00
0.000000000000000000e+00 4.803317050954222012e+00 -5.795683768948140191e+00 4.490669579237096976e+00 -4.197017168867949621e+00 6.955055438182855543e-01 -3.754572162464723251e-01 1.204543219669022447e+00 1.074055424752206456e+01 -9.354279727057013716e+00 1.904179113719145278e+00
0.000000000000000000e+00 5.467062170054781234e+00 -6.370134277030391701e+00 4.757072037856922009e+00 -4.891423112630669756e+00 4.721418696885457678e-01 1.214056283211082388e-01 -2.842126740666767182e-01 9.886492740859321060e+00 -9.055487644952560089e+00 4.295581357959227908e+00
1.000000000000000000e+00 4.988311301996593450e+00 -9.768996538338685198e+00 -2.015911890342378499e+00 6.631109048374108639e+00 1.008768247142145569e+01 -2.279696775290294131e+00 1.576129584869960132e+00 -1.334288773667697825e+00 -4.255720305815193782e+00 -2.335928526743623834e+00
1.000000000000000000e+00 4.594941203436288646e+00 -8.077593867877185474e+00 -1.829673865412602574e+00 5.758897663090372987e+00 1.049032673558539308e+01 -2.026754496023652763e+00 3.192528168706090241e+00 -1.643364974371413378e+00 -6.221401483178515157e+00 -1.203126950341045331e+00
0.000000000000000000e+00 5.655414857220124603e+00 -6.159253591060935840e+00 4.529283304347380579e+00 -4.537718852053116869e+00 5.229949737809549415e-01 -1.621354855634559833e+00 -2.790574304510283765e-01 1.056126398985944093e+01 -9.795201435236204901e+00 3.501930228985319360e+00
0.000000000000000000e+00 3.645447981989388353e+00 -5.763464240853618747e+00 4.972314748066150258e+00 -6.642886238996827508e+00 -1.056348341791044088e-01 -4.450765149303537171e-01 -1.200578121709497736e+00 1.166366513726482168e+01 -1.009614943911318541e+01 2.743378852430520709e+00
0.000000000000000000e+00 5.238918500897531416e+00 -6.197799814176473632e+00 5.235493768439694939e+00 -5.522951727719868309e+00 4.053834190038472229e-01 -1.154523549991491205e+00 -4.241648964727234850e-01 9.187280061473604320e+00 -7.986655498658076446e+00 3.591939077883104403e+00
1.000000000000000000e+00 3.320824015982632993e+00 -1.056740867457420308e+01 -2.669915028292114911e+00 6.644980934483249335e+00 9.151946061765814378e+00 -4.393669614477131447e+00 1.730316025608878761e+00 -2.292709752462669393e+00 -5.657389600447157108e+00 -3.969773933812588140e-01
0.000000000000000000e+00 4.257877588427973592e+00 -7.110562529779269170e+00 4.839959060443663752e+00 -6.449942589898653544e+00 3.145556109355254204e-01 -9.534866282545363392e-01 -1.041481904174835105e+00 1.005128256106297790e+01 -8.792947331237860098e+00 1.685651403521780223e+00
1.000000000000000000e+00 3.287908743097803121e+00 -9.491692662666777025e+00 -1.377420915907242360e+00 6.722395299906693822e+00 8.742401101829864629e+00 -1.753160637390783982e+00 3.384686851031773358e+00 -1.134555651936294041e+00 -3.627018914125180515e+00 -3.156407033774781823e+00
0.000000000000000000e+00 6.405188442450939768e+00 -6.652076597079143561e+00 5.257956623865593038e+00 -4.752590394836933463e+00 -6.106576649664436918e-01 7.838018916169660066e-01 9.318223103092095894e-01 1.060304215063192323e+01 -9.444457086756886000e+00 2.937790292034607731e+00
1.000000000000000000e+00 1.565289716386869756e+00 -1.196197142345968345e+01 -5.192874607604140991e-01 6.297992584289859863e+00 1.099731138687758758e+01 -9.323044983676118669e-01 2.586945417498696109e-01 -1.369812433957926956e+00 -4.476409242754029627e+00 -5.306545010220424796e-01
1.000000000000000000e+00 4.213730488405248664e+00 -1.052447582084224997e+01 -2.190364208647050948e+00 6.405917093278262087e+00 9.535044390035942286e+00 -2.337926967807782752e+00 3.476956664244185813e+00 -1.732148292038920845e+00 -4.672229025362855559e+00 -6.925409994520304036e-01
1.000000000000000000e+00 4.847260280292496226e+00 -1.066399787780381736e+01 -2.362001396600315051e+00 5.382340403634843007e+00 8.032085171178204419e+00 -4.517075553745442562e+00 3.399469867783690535e+00 -1.277233281759928563e+00 -6.236253688303193599e+00 -1.200034213801830507e+00
1.000000000000000000e+00 4.755145551390284275e+00 -1.006856477800997318e+01 -2.540332751831622549e+00 7.652895120503870885e+00 9.881611986156860539e+00 -1.656555222101476321e+00 1.746116351974859038e+00 -2.399170290924422133e+00 -5.544680943682140928e+00 -2.753427326113953910e+00
0.000000000000000000e+00 5.973101790289456758e+00 -5.668842871158928709e+00 4.312417765654517510e+00 -5.585837795725391963e+00 -2.723565119113535715e-02 -1.660692444821342040e+00 -1.746773765496505426e-01 1.098492425444876019e+01 -9.000389821746246355e+00 3.185533288259255968e+00
0.000000000000000000e+00 4.884565169223932912e+00 -7.889299797583070095e+00 3.600486490145149432e+00 -5.928068719784312712e+00 3.921935029247903826e-01 -4.606131945348714840e-01 8.698989517009603212e-01 8.838147649159619590e+00 -9.535693266980072025e+00 3.978204794972421521e+00
0.000000000000000000e+00 4.940926933279001787e+00 -7.115825528124097410e+00 5.599493413484054827e+00 -5.324226788312908631e+00 -3.676592684372536057e-01 -6.682439159288875441e-01 -6.794397563332501555e-01 1.006962384498710961e+01 -9.807165971886684375e+00 3.726940668467437767e+00
0.000000000000000000e+00 7.015298916354195669e+00 -6.605497598367190193e+00 5.069070812004641269e+00 -5.406742286367590467e+00 -2.331463959140953612e-01 -8.412560405182544221e-01 3.586060393216701225e-01 1.040593362164620395e+01 -9.863881979420137114e+00 4.635335851725846723e+00
0.000000000000000000e+00 3.635922787334497475e+00 -6.741523173814007563e+00 4.890091651417671770e+00 -4.898169616989711983e+00 -1.036937622068732079e+00 -9.963773865753559056e-01 -8.567909498325341211e-01 1.092163880467786008e+01 -9.640729386317003602e+00 3.399340948341055935e+00
0.000000000000000000e+00 5.550398666669938308e+00 -6.746836716868957140e+00 4.375245161836317287e+00 -5.094544896600897488e+00 -8.810100419802286975e-01 -6.800938683747095315e-01 -1.995906033675531877e-01 9.886499431262167903e+00 -9.370667370663870344e+00 7.939505776321320596e-02
0.000000000000000000e+00 4.163417370150745533e+00 -7.620558326192051979e+00 3.813230564271429479e+00 -4.510518673629468900e+00 9.947134418133188882e-01 -1.857838136614602398e+00 -4.376360281951298670e-01 1.051540404715914789e+01 -9.009593949146601943e+00 5.477654872473681102e+00
