0.000000000000000000e+00 8.991825663762597287e+00 -5.385878510558825383e+00 3.498360279892437363e-01 4.602635546651410614e+00 -1.297949959735832604e+00 -4.360192378327570673e+00 5.257767349450453764e+00 9.475862791040299271e+00 -7.531090282647070921e+00 -7.519749443256426247e+00
0.000000000000000000e+00 9.976207962575337262e+00 -5.056747654133911141e+00 2.557357514646528607e+00 2.372679496501908236e+00 -2.164103284756468959e+00 -4.666922017152272062e+00 6.628287392172492076e+00 9.836199896741518955e+00 -8.197045240132318611e+00 -1.108570906747258711e+01
0.000000000000000000e+00 1.227322320277050238e+01 -5.579124653091022346e+00 2.039824458985654232e+00 4.509170905456301170e+00 -1.771282976510738294e+00 -5.698425094316939443e+00 5.993937120724169176e+00 8.661774879737848210e+00 -7.365895703261552185e+00 -1.161619653648327954e+01
0.000000000000000000e+00 9.341222078219516334e+00 -7.023939505582766252e+00 1.742377998213764378e+00 3.208581930681139838e+00 -1.190257392542905635e+00 -5.984493439228382172e+00 7.067184400122916266e+00 9.053613964230693867e+00 -7.416528425835204885e+00 -1.066360505800926717e+01
0.000000000000000000e+00 9.860328471623260427e+00 -5.610690695572567499e+00 1.279875466832558484e-01 4.400547354512318599e+00 -1.856909033031781453e+00 -3.866842175744179322e+00 6.930099053334659587e+00 8.082307201924470164e+00 -7.231996069998632315e+00 -7.671102437195829182e+00
0.000000000000000000e+00 9.379870280135909510e+00 -7.325348484842254315e+00 1.876763897828897409e+00 1.746973272277669409e+00 -2.286486468124939719e+00 -5.441112262460849891e+00 6.958078372937366751e+00 7.970519696581904512e+00 -7.574689126299367636e+00 -1.086085488918830322e+01
1.000000000000000000e+00 -8.968252566482777244e-01 -9.214143034137073585e+00 -5.037579141702199337e+00 -3.023771941779028971e+00 6.645222779452236495e+00 7.255754711403924695e+00 -7.323156299880825060e+00 1.348538157095533929e+00 3.854623392538191418e+00 -4.085845343095572346e+00
0.000000000000000000e+00 9.382667772132121442e+00 -7.012425971777047629e+00 1.033649810612287556e+00 4.079289003975040906e+00 -2.513609402705789808e-01 -4.060697048521224595e+00 6.167866810246248832e+00 7.226829824056993701e+00 -6.729698431065951780e+00 -1.022549660524890491e+01
0.000000000000000000e+00 1.043078446799467152e+01 -5.256464709365493704e+00 1.023730028208071241e+00 4.331683495042666365e+00 -5.965359322689838262e-01 -6.612448178898455708e+00 8.265794555675849864e+00 6.737327451159452529e+00 -7.455625566122395576e+00 -9.912355585526762880e+00
0.000000000000000000e+00 8.913617214337230976e+00 -6.873846163513563035e+00 -1.229017703118964189e-01 4.542175030666311564e+00 -2.785187240892839533e+00 -4.954532314637174473e+00 6.413166576917880057e+00 7.738229402615512953e+00 -7.477914040774054527e+00 -9.578212186007240447e+00
0.000000000000000000e+00 8.780714704179167995e+00 -5.825940077112386817e+00 4.497380954739113035e-01 6.183752665047272501e+00 -2.067854673347956584e+00 -4.484304788672467623e+00 5.158872039453537006e+00 6.097088131192512250e+00 -5.740705456282251262e+00 -8.383438394168925001e+00
0.000000000000000000e+00 1.021035599480256906e+01 -5.370875280873922186e+00 3.297914976762018613e-01 4.601350288918783171e+00 -8.352090704477929117e-01 -4.694965954394122676e+00 6.970500866664264272e+00 9.503495593256616303e+00 -7.540417760099851208e+00 -9.058531848887009019e+00
0.000000000000000000e+00 8.824038866462355912e+00 -6.434841951447475950e+00 2.507031080487727603e+00 5.196324028625282310e+00 -1.881724002288169162e+00 -5.688897000870535514e+00 6.879882589549562333e+00 1.018737447966131349e+01 -8.366664389974765470e+00 -8.381721580168557395e+00
1.000000000000000000e+00 6.998546717186657773e-01 -7.314297864946190053e+00 -5.363308005442143589e+00 -4.262444604749633825e+00 5.520413824343830100e+00 7.173864673204696452e+00 -7.402683406891436668e+00 1.649471247333653023e+00 1.761741787183898511e+00 -4.726559890529139274e+00
1.000000000000000000e+00 3.369499447897015276e-01 -8.330451650568072353e+00 -6.326331390129142918e+00 -5.026867904704547918e+00 5.198426685275844505e+00 8.668995898812930534e+00 -6.227012699015549657e+00 2.009746340230777140e+00 3.489026861970601079e+00 -4.249375948628714816e+00
0.000000000000000000e+00 8.491120285511756904e+00 -6.170013660474652717e+00 -2.254064546543936842e-01 4.961697474542483555e+00 -1.812706965482808075e+00 -5.824249958303608921e+00 5.516942168290372983e+00 8.196151544726022919e+00 -7.771487594824358247e+00 -1.269551705266843022e+01
0.000000000000000000e+00 9.644996677907233362e+00 -5.324122013878405113e+00 1.944258194630391845e+00 5.790256036332304568e+00 -1.031575911289926761e+00 -6.372924808039537758e+00 7.264854175192930974e+00 1.065174447096253552e+01 -7.189252419046734843e+00 -1.122516082547835836e+01
0.000000000000000000e+00 9.759419891507679523e+00 -6.036832793981151468e+00 8.475016749688244477e-01 5.399392179916649326e+00 -1.700573371067319872e+00 -7.791878401581592506e+00 5.293934362089247614e+00 8.552410629587757995e+00 -7.255100395293871962e+00 -7.344761242205408713e+00
0.000000000000000000e+00 1.030165907789960400e+01 -4.748342474609526853e+00 8.661425317463913309e-01 4.299687034037168232e+00 -2.219664812445557800e+00 -4.082684795091083174e+00 7.712272355849830063e+00 9.241892658254684534e+00 -7.457105866834738528e+00 -9.557718942149385555e+00
0.000000000000000000e+00 8.378645421952002792e+00 -5.644222243239010339e+00 2.177836396717602874e-01 5.255779828645057883e+00 -1.748556575625237475e+00 -5.041750868073431313e+00 6.796068810824341000e+00 7.559855482922829495e+00 -7.290358259930642681e+00 -1.053409039085517129e+01
1.000000000000000000e+00 -2.290321210962884546e-01 -7.083854162523574693e+00 -5.007435270041962205e+00 -3.663658825482814407e+00 6.191488749285859683e+00 7.296373630426145063e+00 -6.224958787363238599e+00 -3.380176615618815106e-01 3.569407786839990493e+00 -4.992332080816328066e+00
0.000000000000000000e+00 7.732320037270991264e+00 -6.856668296359705650e+00 4.923773518737639687e-01 4.415766143077489048e+00 -1.558874527390044840e+00 -5.839880911006187780e+00 6.402008490241555272e+00 9.209082197239862211e+00 -8.602257052724013420e+00 -1.140321328422779601e+01
1.000000000000000000e+00 4.215220438152644800e-02 -7.760701981191065357e+00 -6.497894782073803555e+00 -2.676132724549064257e+00 5.734979165587744454e+00 7.279611383901463562e+00 -8.877467491888102913e+00 2.174159379071005205e+00 3.184366672297616052e+00 -3.130683958295090719e+00
1.000000000000000000e+00 4.372224849588457474e-01 -9.295744996790389791e+00 -7.235456232497268658e+00 -1.683891646063867320e+00 4.380262931235869850e+00 9.109004556726292279e+00 -7.904934047040081069e+00 -2.442254310668794393e-01 2.856619544698115298e+00 -4.514588432972483467e+00
0.000000000000000000e+00 1.008414793070646454e+01 -5.136833330950828724e+00 1.596593884244487338e+00 4.390657944855991701e+00 -2.851737864320187832e+00 -6.914114892149605396e+00 6.553826407467187032e+00 7.953222334044103725e+00 -8.623179225046779806e+00 -1.154766814402209718e+01
0.000000000000000000e+00 8.734878726562984141e+00 -6.101333960038457072e+00 6.510145692561000175e-01 2.116872144664215138e+00 -1.459712500151027159e+00 -4.505043049420321744e+00 4.925328429836267397e+00 6.631151249522044822e+00 -7.134628589705861224e+00 -1.060667476925475583e+01
1.000000000000000000e+00 -5.661989530664355286e-01 -7.510621182037903409e+00 -5.388021243319900400e+00 -4.654763463993329964e+00 5.729287426451239895e+00 8.737171347104190744e+00 -7.626112996650432407e+00 1.222907214247574981e+00 3.281406680931214126e+00 -3.567873539536755345e+00
0.000000000000000000e+00 9.633924776647733168e+00 -5.168305984191939650e+00 7.248846206116765778e-01 4.642141900358032203e+00 -1.666483749863897801e+00 -3.466075169329562833e+00 5.737496753531846849e+00 9.840558702482322673e+00 -9.368130410250985918e+00 -1.055391684073685710e+01
1.000000000000000000e+00 -8.526856510883387141e-01 -7.773043945446281633e+00 -5.532117113671667141e+00 -3.560033696533499992e+00 5.550723345598281178e+00 8.574694795580331430e+00 -7.529997937149916609e+00 9.136377142526160844e-01 2.790161858055648647e+00 -4.065425235006848936e+00
1.000000000000000000e+00 7.427655073331360658e-01 -9.280334030335193773e+00 -5.157055434473259758e+00 -2.501520453240503983e+00 4.927579754521143052e+00 8.279394961104506123e+00 -8.094445264268223639e+00 1.198342336840999556e+00 2.195298064393603088e+00 -4.223664529519658650e+00
0.000000000000000000e+00 1.069544003256716103e+01 -5.935419557528316403e+00 1.012770051162069862e+00 5.711728088413437376e+00 -2.483028845974993626e+00 -5.736963824483626517e+00 4.934020998435395988e+00 9.803722622325278024e+00 -5.898796699135990806e+00 -1.025548055930570257e+01
0.000000000000000000e+00 8.885245407164276799e+00 -7.075078589657670669e+00 2.548299166458224185e+00 3.741777994532166751e+00 -2.607463777783969316e-01 -6.864280756762559221e+00 5.489213920048961803e+00 9.387047243994455670e+00 -6.362060551111724749e+00 -7.923062343543018748e+00
0.000000000000000000e+00 7.892799536836979435e+00 -7.582329757258628788e+00 2.762443122068995116e+00 4.728817199719555830e+00 -2.749048632993764674e+00 -5.693847724403317656e+00 7.027262659671611900e+00 8.862223747944501184e+00 -6.560260715037038892e+00 -1.204634409352808078e+01
1.000000000000000000e+00 4.567926780572397760e-01 -8.632995025969705694e+00 -6.808325786064918894e+00 -4.441850842618690010e+00 6.611961437587235757e+00 8.925987535761063185e+00 -6.386962880377905272e+00 8.507213724643252206e-01 2.489107966740055744e+00 -3.223115405897950758e+00
0.000000000000000000e+00 1.049236937995759611e+01 -5.994238757724184019e+00 2.042174767746338659e+00 6.002236834261478471e+00 -2.090724523171119120e+00 -4.645897820031819947e+00 7.834400871419262558e+00 8.678416945489008327e+00 -7.067388534495696817e+00 -1.042043858801212508e+01
1.000000000000000000e+00 -5.127399776091744465e-01 -9.128861227425508318e+00 -5.277399864343197855e+00 -4.009887554137804955e+00 6.382937380442800901e+00 9.496620512733054298e+00 -8.339706341991258043e+00 1.581354348361252882e+00 2.553679928366993312e+00 -5.157259409396282024e+00
1.000000000000000000e+00 6.407813364310912529e-01 -8.402569318025923550e+00 -5.828223611224944811e+00 -1.847626582074885393e+00 7.503047664450148702e+00 7.122852879106104318e+00 -7.879423920755278310e+00 2.647564212712546494e-01 4.514947738719290449e+00 -4.830079933715960117e+00
1.000000000000000000e+00 1.163338479681109927e+00 -7.758477735853710477e+00 -5.464191981983886670e+00 -3.602786486588806181e+00 4.301877346236576471e+00 7.706971936552285740e+00 -6.583528588970649409e+00 1.675209934990229188e+00 2.431192335589101639e+00 -4.416743425612989604e+00
0.000000000000000000e+00 8.869465806847717460e+00 -5.890917551770574079e+00 9.888342714473213890e-01 4.310088174169168340e+00 -1.832927928616778557e+00 -4.818092432277581771e+00 6.762324009844195238e+00 9.024934615282299788e+00 -7.012386043910864508e+00 -9.449355090936000678e+00
0.000000000000000000e+00 9.816725927220712578e+00 -4.721787904826545201e+00 1.325599702968584648e+00 4.325074792321302652e+00 -3.107038269112790463e+00 -3.052776126166661719e+00 6.505382194224490711e+00 1.056167248844436379e+01 -9.631258289880504364e+00 -1.144422922881220472e+01
0.000000000000000000e+00 1.041179519673945819e+01 -5.452613913416715974e+00 2.193501847681046613e+00 5.048468298922859532e+00 -2.130487078065737450e+00 -5.349266558588769982e+00 4.838480061629599760e+00 1.006792532869471657e+01 -8.147246859919304640e+00 -1.219995076841061632e+01
1.000000000000000000e+00 7.355529271046007400e-02 -7.354934730472066917e+00 -6.833938272324600050e+00 -4.158489525484323934e+00 6.082227547354236208e+00 9.048241575160277606e+00 -5.813506964967470658e+00 2.701752491549497037e+00 3.066536247988655983e+00 -4.041074571511151348e+00
1.000000000000000000e+00 5.535181493473525505e-01 -7.633978959676434251e+00 -5.736441275417988983e+00 -3.863126761504355855e+00 4.911572032295426382e+00 8.420498315090510388e+00 -5.275280747721692087e+00 1.545809465954793183e+00 3.904519282667848312e+00 -4.116384404789909190e+00
1.000000000000000000e+00 1.100652156588572295e+00 -8.323723219094029346e+00 -6.771190096664708946e+00 -4.568320722409759505e+00 6.378298897858144301e+00 8.927281759792029092e+00 -8.671111314230790512e+00 1.537110455973819567e+00 2.901081660856508204e+00 -4.005181756820494599e+00
1.000000000000000000e+00 -4.959237909404975442e-01 -8.134214347763135677e+00 -6.281599397073743596e+00 -3.005769547855784651e+00 4.481800599808055452e+00 6.182939832189879859e+00 -7.083952458887374348e+00 1.440936874096976350e+00 3.984877164639941682e+00 -3.459725200049364346e+00
0.000000000000000000e+00 9.245535405997852507e+00 -7.290785208876128465e+00 2.561477775354134678e+00 3.873549529893987042e+00 -1.231666210473682410e+00 -5.949803781127219082e+00 5.202178300743746320e+00 8.391652224132418070e+00 -7.806236778467888549e+00 -1.015593052604455870e+01
1.000000000000000000e+00 -4.907006449488905409e-01 -8.379516063442508766e+00 -7.209998137798161899e+00 -2.789910792356787184e+00 6.475191688631319664e+00 7.315743487418770563e+00 -7.569020753175266236e+00 1.019972177697003435e+00 4.159865764926643728e+00 -4.516822830043379255e+00
0.000000000000000000e+00 8.659997876397689254e+00 -7.120455700422627210e+00 1.214523236440567144e+00 4.762425680739152511e+00 -1.941863959911876547e+00 -6.263054198589110833e+00 4.950018294917253314e+00 7.312435953315225667e+00 -7.586060656636462340e+00 -1.111080038058099007e+01
0.000000000000000000e+00 1.073067903987944582e+01 -5.601988436954654205e+00 4.621965986710175889e-01 2.784944337269539716e+00 -1.998843325056934628e+00 -4.193931652960117162e+00 5.657616558998290301e+00 1.018175164774520880e+01 -6.564682607298348849e+00 -1.011115736740022086e+01
0.000000000000000000e+00 1.006426311686335318e+01 -5.417747375918754216e+00 1.521120251792743128e+00 4.359556151223354270e+00 -8.248683442231358187e-01 -5.567823318883632133e+00 6.617973727130241457e+00 8.855202156441862371e+00 -6.579289725502646569e+00 -1.044614763374724120e+01
0.000000000000000000e+00 1.008384912594150862e+01 -4.570608402847857299e+00 1.681560559042134528e+00 4.237362003213773320e+00 -5.577832804082134555e-01 -4.840115540960451490e+00 6.932632702445023831e+00 9.007209482686233670e+00 -7.960126141779382714e+00 -1.122824176197777035e+01
1.000000000000000000e+00 1.365905090445899361e+00 -7.941193111668369831e+00 -5.442718524274941849e+00 -3.780750358261930177e+00 5.834249732054335169e+00 6.820581660429651194e+00 -7.258361156888151200e+00 8.229067263740175164e-03 2.505870328091916122e+00 -3.639297464036748586e+00
0.000000000000000000e+00 9.327454516261614259e+00 -8.495286014303783162e+00 7.714181038976329896e-01 4.444053566420989476e+00 -9.806093789817835749e-01 -4.976585565601244987e+00 5.369591121626577923e+00 9.591506402540534992e+00 -8.525304461437968939e+00 -1.206124953005869571e+01
1.000000000000000000e+00 7.780128394215577448e-01 -8.511118643693313501e+00 -4.596227945959431516e+00 -5.497760371119752243e+00 6.631063507120457778e+00 8.325535925876625498e+00 -6.153300166313256270e+00 -1.553808316276317214e-02 3.433885187978480857e+00 -5.219231494617053713e+00
1.000000000000000000e+00 1.688363918153164445e+00 -7.030176454137163411e+00 -6.282042249118466870e+00 -3.284611340086548648e+00 5.443909808621169688e+00 7.764224990258900228e+00 -7.124325895873376169e+00 1.541109130990148124e+00 3.303122984297084397e+00 -3.634284752827887655e+00
0.000000000000000000e+00 1.056523353249018093e+01 -7.626643716701810405e+00 1.004909050744314802e+00 4.397715606722459647e+00 -2.065640908037755352e+00 -3.610566279856159522e+00 7.640961728788949969e+00 9.753389711692721065e+00 -7.818769287571441851e+00 -1.054164219958539661e+01
0.000000000000000000e+00 1.004632584207194590e+01 -6.161768363260912373e+00 1.631460504395949584e+00 2.766868816622854332e+00 -9.530129134971956351e-01 -4.877343763878842609e+00 5.643074338965492487e+00 9.755507931975708757e+00 -7.435462608365720705e+00 -8.907291768985020397e+00
1.000000000000000000e+00 -9.616936322452955821e-01 -7.572948551124838446e+00 -6.346716863583572454e+00 -4.469817628016395261e+00 3.183906891062170175e+00 8.419670963968652444e+00 -7.006011059269575014e+00 1.433647382738689746e-01 3.915785287419567773e+00 -3.749886173039705284e+00
0.000000000000000000e+00 9.251912700608521334e+00 -7.009336899183303160e+00 2.596959218589310670e+00 5.011059852559167638e+00 -2.329516819081658419e+00 -4.517823622546757178e+00 7.798850573696086919e+00 1.011171919196883984e+01 -8.648502821981605138e+00 -9.117102593299950541e+00
0.000000000000000000e+00 9.139540623068326042e+00 -7.053021704393517943e+00 9.902427668926526705e-01 4.489333909054946226e+00 -2.245715264878723083e+00 -4.837566391520633502e+00 6.382629602161715709e+00 9.513167356373031680e+00 -7.256752341221523572e+00 -9.714275202480649796e+00
0.000000000000000000e+00 9.842576973985915245e+00 -4.806457625374119580e+00 -3.284422187861550935e-01 2.917319054344875262e+00 -4.221703676195165400e+00 -5.489573979142427618e+00 6.322495193987713868e+00 1.059884464127670967e+01 -7.860711981629767031e+00 -1.128579228656782796e+01
1.000000000000000000e+00 1.072511396855803101e+00 -8.771717722443977294e+00 -6.254645394264539249e+00 -2.893702109319403970e+00 5.292330188729459373e+00 7.506584203652435505e+00 -6.282810785634992179e+00 -1.045820535806736284e-01 2.472933096235154782e+00 -3.988411068432080597e+00
0.000000000000000000e+00 8.892260568299889201e+00 -7.726273043955112385e+00 2.404917311195338137e+00 1.885864241670619279e+00 -1.489242802295068779e+00 -5.802248367064339440e+00 6.025114882426271024e+00 7.614443228435050059e+00 -8.351939593828092256e+00 -1.043024638184080644e+01
1.000000000000000000e+00 1.470890399193341413e-01 -8.353821326109471812e+00 -5.466629335151994340e+00 -3.904091079441836865e+00 6.836966877334488935e+00 8.752276746936349383e+00 -7.753530532637697981e+00 -6.168377503649251636e-01 3.033858019242368087e+00 -6.298506766515114208e+00
1.000000000000000000e+00 5.448747798875241966e-01 -8.940830815431649370e+00 -5.199900431975514437e+00 -3.277468254916511281e+00 6.411871755809150031e+00 8.425476620591357602e+00 -7.905183393809455339e+00 7.925236476205892444e-01 2.234069691621372478e+00 -3.569517967364337352e+00
0.000000000000000000e+00 9.702551922287545594e+00 -6.769733793448942549e+00 7.029923783966582906e-01 3.461603435126748174e+00 -1.690126975399679043e+00 -5.736182217871188982e+00 6.946217064378479300e+00 8.210454965362242064e+00 -7.795327137037121545e+00 -7.817845900797627756e+00
1.000000000000000000e+00 -4.435891547440835581e-01 -9.080294869863998031e+00 -5.261454748607920173e+00 -3.409809042151525915e+00 6.552212117575298755e+00 9.371974760947269445e+00 -7.252398500455201180e+00 7.906112901099626722e-01 3.658447397471729090e+00 -3.674746787393817549e+00
1.000000000000000000e+00 5.088647763349805064e-01 -7.077916897743296687e+00 -5.053394697722518814e+00 -3.330911064703511837e+00 5.432539226169146751e+00 7.680009744512483749e+00 -6.145194706418493524e+00 1.160980007634499156e+00 3.097005485619960474e+00 -4.902945791525820773e+00
1.000000000000000000e+00 2.041745579589709259e+00 -5.657263483480251764e+00 -6.487141063700341270e+00 -4.749004832402613729e+00 6.009207748019949058e+00 8.264422420010141934e+00 -7.915628784943982588e+00 1.550614289671137680e+00 2.566659309225738816e+00 -4.014619981541311056e+00
1.000000000000000000e+00 -6.385064248578213864e-01 -7.348497708637315995e+00 -6.667808751060579020e+00 -4.860817407727777706e+00 6.435380715598071788e+00 8.537409837640282717e+00 -7.895235964158603181e+00 -4.282289946397495051e-01 2.985237790615807629e+00 -5.138530270123862209e+00
1.000000000000000000e+00 1.044559929075937532e+00 -9.277642491718346207e+00 -6.508398848313649232e+00 -4.210738800083129618e+00 5.683903550833917073e+00 8.257269941734302066e+00 -6.776815570416988344e+00 2.683565998078647930e+00 3.246949275080930786e+00 -3.807856258580666342e+00
1.000000000000000000e+00 3.651840869380134080e-01 -8.889679435389050255e+00 -7.185592736728963814e+00 -5.029141491597745706e+00 5.308968576301591469e+00 7.208705630248602780e+00 -6.310333910490033560e+00 1.815549908821523228e-01 3.445729651832462270e+00 -2.250670666285398802e+00
0.000000000000000000e+00 9.631036032823274695e+00 -6.453642111145838633e+00 1.605542675935050845e+00 5.655380499908794434e+00 -1.008108882300909670e+00 -4.581819020673004061e+00 5.336821649727577999e+00 8.842347490942779942e+00 -6.687303221247101526e+00 -1.218673040841312094e+01
0.000000000000000000e+00 1.067425670639745050e+01 -6.581323655204640133e+00 2.743299539611765425e-01 3.661928755328118790e+00 -1.921698422910402160e+00 -5.166026393631349301e+00 5.552126245654227965e+00 8.503218380643019714e+00 -8.277592981087108726e+00 -1.022165574736336069e+01
0.000000000000000000e+00 8.381586573741634183e+00 -5.979297073187194833e+00 1.661162172085174804e+00 3.665930985649021867e+00 -6.126462852759778643e-01 -6.741129221285236284e+00 6.146277820818711213e+00 8.248013798735993163e+00 -8.068740095317668448e+00 -9.486257665047107324e+00
1.000000000000000000e+00 -9.418574389423370885e-01 -9.285189280594050132e+00 -5.941846208467708834e+00 -3.345030226191854084e+00 6.207505980538739365e+00 7.725454995040832884e+00 -7.704189293862000021e+00 -2.203770025452131964e-01 4.540469936283743735e+00 -5.951878585410234734e+00
0.000000000000000000e+00 8.850374484216063209e+00 -5.893924691970410912e+00 9.383668230256505538e-01 4.070119683830661472e+00 -1.601532649968214983e+00 -4.879924179713473364e+00 7.327480126801747318e+00 1.149093243622055383e+01 -7.483806926543379312e+00 -1.191314428709561568e+01
0.000000000000000000e+00 9.198773456716311969e+00 -7.004114570916927462e+00 2.077040382324892409e+00 4.174673334692000637e+00 -1.008791369384820280e+00 -6.408680354133458934e+00 7.502936284216087159e+00 7.376027061742950863e+00 -8.291408683715118855e+00 -1.015912304600962557e+01
1.000000000000000000e+00 8.970695151581193905e-01 -7.512873782429186242e+00 -4.882181067698354582e+00 -4.182713194168301563e+00 6.253538687380595817e+00 8.656808012317185330e+00 -7.690504461359120469e+00 2.029675720619618318e+00 2.242422055721159158e+00 -4.520400960620150954e+00
1.000000000000000000e+00 1.182310873976655685e+00 -6.615963745873759017e+00 -6.405340713153622190e+00 -4.799905887714158048e+00 6.226988111106384949e+00 8.491212289550354342e+00 -5.730699651088412061e+00 5.702965395632449974e-01 4.284253294985710170e+00 -5.242463747236066673e+00
1.000000000000000000e+00 6.245944183371939795e-01 -8.830824211391245626e+00 -6.641538795177353016e+00 -1.654461518228786510e+00 5.328661654236170442e+00 8.632090757541934778e+00 -6.515131887478890604e+00 -5.324386317111122757e-01 2.576588136116776173e+00 -5.237582836465459302e+00
1.000000000000000000e+00 4.427547988104624244e-02 -8.681676495159205587e+00 -5.312888469520098411e+00 -4.557330166088435774e+00 5.116886131647002678e+00 8.944043226548011205e+00 -7.446438452960467913e+00 7.674832262980839648e-01 2.665472112311432440e+00 -4.535043908334079887e+00
0.000000000000000000e+00 1.002658713192860773e+01 -6.859547677503287311e+00 1.736107168330942585e+00 4.508778576033133589e+00 -2.770505737015914960e+00 -5.786250900613548076e+00 5.340052370750025368e+00 7.993918879079052964e+00 -7.384913219358542058e+00 -1.005900314417219121e+01
1.000000000000000000e+00 1.303875828658568103e+00 -8.675782414821171074e+00 -5.078579200977892505e+00 -3.767677042955372091e+00 5.738283443199223122e+00 8.785011538844855750e+00 -7.252675259860938084e+00 2.420310278456165420e+00 4.298928088369242673e+00 -6.865433780245817630e+00
0.000000000000000000e+00 1.076389332625427109e+01 -6.669715821450860282e+00 1.256235376903071188e+00 4.528832686527159090e+00 -1.290842670629076760e+00 -5.980333802781000685e+00 5.047163693070338297e+00 8.535869697901750541e+00 -8.879412486227561629e+00 -9.331920326322826753e+00
1.000000000000000000e+00 7.753547550547454925e-01 -9.051450729515066129e+00 -5.481199279982524430e+00 -3.754905633261216735e+00 5.513928496537515045e+00 6.677022111516135006e+00 -6.506503156553024247e+00 1.821957096139048327e+00 4.225225633677299086e+00 -3.057264613803749143e+00
1.000000000000000000e+00 2.010295040508327524e+00 -8.122469026558256644e+00 -5.230092412417276293e+00 -3.638343574983741835e+00 5.755725933424290730e+00 8.207222444047335586e+00 -6.194313910859145622e+00 3.733986901358473665e-01 3.613122861687186660e+00 -6.918940520175040021e+00
1.000000000000000000e+00 -7.715034048061797378e-02 -7.980735977591360886e+00 -4.909778518688310278e+00 -1.666090260924883104e+00 4.712657427438534441e+00 6.492626247530625783e+00 -5.972613790148792567e+00 8.428630422596234961e-01 3.899724081135895304e+00 -4.123484145853026028e+00
1.000000000000000000e+00 7.212371352766154819e-01 -8.594356137377017646e+00 -4.047614500322932685e+00 -4.444091338880009623e+00 6.205069763616349654e+00 7.942802670975196655e+00 -6.810520155706362821e+00 1.027436154923801803e+00 3.381659680683655633e+00 -4.095791897052098562e+00
1.000000000000000000e+00 -8.186303453583021472e-01 -8.551840753794497374e+00 -4.614817472189374215e+00 -3.618424373488779100e+00 7.078929156521267529e+00 6.973210100034124892e+00 -7.365518568609895844e+00 -5.271434368256138203e-01 3.163798103030765141e+00 -5.107521991668206418e+00
0.000000000000000000e+00 9.240652390582274833e+00 -6.444655402285799362e+00 5.409935477170796370e-01 4.884980542074667476e+00 -1.197926870859241433e+00 -5.513049878010709115e+00 5.865643765535039300e+00 8.983506068949161261e+00 -7.534145150542586045e+00 -1.061466612901103268e+01
1.000000000000000000e+00 9.960051391413335953e-01 -8.121686228996964019e+00 -6.164500217392842707e+00 -4.966205495189802477e+00 5.713233367791985096e+00 6.781031015014499452e+00 -6.726714939662182147e+00 1.895786607264065893e+00 2.715583747998203457e+00 -4.629835922247569790e+00
1.000000000000000000e+00 5.326356377478638215e-01 -8.213754299987440888e+00 -5.243731812804985459e+00 -3.208077122488102173e+00 4.722638184792585569e+00 7.631467724162913413e+00 -8.114035027546561807e+00 9.241593117406066149e-01 3.846401734305914477e+00 -3.571734655558330473e+00
0.000000000000000000e+00 9.497641960035862141e+00 -5.753722644522176743e+00 1.271488120159585566e+00 4.105614998357916434e+00 -4.463024903606631621e-01 -4.308702137279118105e+00 6.829909506302186628e+00 9.250945729468403655e+00 -7.783602286068044052e+00 -9.728220332848474428e+00
1.000000000000000000e+00 1.194245460507519452e+00 -6.955613723485603472e+00 -5.886554136143620219e+00 -4.927252231823385564e+00 6.096781352815220600e+00 7.223897038984698149e+00 -6.779249100311657728e+00 3.550268187405034581e-01 2.585260749312937367e+00 -5.058910421224767084e+00
1.000000000000000000e+00 7.734477668846908571e-01 -8.089436910849810758e+00 -6.118006516721825605e+00 -3.577159703281826530e+00 7.429695299777642425e+00 6.712067237762269656e+00 -6.887910578204315293e+00 2.049637266516798118e+00 2.669069875070956055e+00 -5.386764808723278009e+00
1.000000000000000000e+00 1.001048721495523042e+00 -8.865522121229393093e+00 -7.352169140696185323e+00 -3.984831736387157264e+00 6.286181759259446444e+00 7.180909021074298515e+00 -6.328898482589810470e+00 1.274921911399477192e+00 2.333273142200843253e+00 -3.051144853790308531e+00
1.000000000000000000e+00 1.206578729910968928e+00 -9.613699587201706365e+00 -5.924489267895209466e+00 -4.061298770117061530e+00 6.410742489147705392e+00 8.322399051317647789e+00 -6.294774715082074756e+00 2.251410771127060784e+00 2.959424242075298750e+00 -3.997922684331441268e+00
1.000000000000000000e+00 -2.518843225354207016e-01 -9.032905500694210943e+00 -5.427152766705672704e+00 -3.013512895669071767e+00 4.896360174840965307e+00 8.276470334661242489e+00 -7.141716359706040684e+00 1.193009638784380044e+00 4.923709844956889903e+00 -4.762899381413259192e+00
1.000000000000000000e+00 2.013107469093158741e+00 -7.733457298456885454e+00 -4.994568164239958641e+00 -4.417016282814373973e+00 6.652595305642516443e+00 8.304523905807895900e+00 -8.183049454794716127e+00 2.288086361247287925e+00 2.474521857162925720e+00 -4.566261153995948341e+00
