1.000000000000000000e+00 1.102355725245039686e+01 6.909048814220922097e+00 5.098067559799892123e+00 -2.535670224955616892e+00 6.295060823530501892e+00 2.464532114880399138e+00 -8.603917842983349829e+00 -3.680548345327799176e+00 -4.325322655616106182e+00 -4.750064776128136046e+00
1.000000000000000000e+00 9.630041714371785133e+00 6.139584145848060892e+00 5.565233675643966649e+00 -7.944431771389783847e-01 6.787040421177231941e+00 1.296414382466216653e+00 -8.498630659780198826e+00 -3.073316772540415354e+00 -4.630366782269961234e+00 -5.124651661629828325e+00
0.000000000000000000e+00 -8.665106489821686964e+00 7.040481964875643150e+00 6.220839471944862531e+00 -2.661985687238526133e+00 4.370709509488349909e+00 -8.161248706110344031e+00 4.433117513548714861e+00 -6.237543200703894009e+00 2.410044706265245029e+00 9.164133144612419457e+00
0.000000000000000000e+00 -8.953000946296665319e+00 6.620667104896327260e+00 6.104586168972008231e+00 -4.519788647219620259e+00 4.017282152534475514e+00 -1.005866156075287066e+01 4.360469081233341981e+00 -5.342550418983456950e+00 2.366554119792851907e+00 7.817540968627207931e+00
1.000000000000000000e+00 1.008727386535239390e+01 6.240486344309232436e+00 8.274958645203286167e+00 -2.779766164101917791e+00 8.190473788346581685e+00 2.277070955716331113e+00 -8.122186164842805312e+00 -1.844603558361692208e+00 -4.764753371186124298e+00 -5.034804327406994240e+00
0.000000000000000000e+00 -8.651315245828596900e+00 4.307886460052605671e+00 3.577834574100632992e+00 -3.873327343759330077e+00 3.609365982781792770e+00 -9.489478668228748859e+00 3.993273326105742260e+00 -6.181535331558961843e+00 2.094510080491187587e+00 9.467308073697813242e+00
0.000000000000000000e+00 -8.839814671265159518e+00 4.951383494451711442e+00 6.421362395904282039e+00 -3.283179151089703485e+00 5.422843779612587234e+00 -8.418647244362670534e+00 3.708147085476485749e+00 -6.609521762009459067e+00 1.315436526943096762e+00 8.687398949136952098e+00
1.000000000000000000e+00 9.831236911036747017e+00 6.064030109076807840e+00 8.037636027834054175e+00 -3.772466789126636577e+00 8.102547936108800641e+00 2.327083605963661483e+00 -1.015937625311194381e+01 -7.458310246285209111e-01 -5.910859659127296162e+00 -4.405508823160671383e+00
0.000000000000000000e+00 -7.622048638673785348e+00 3.929955133156033842e+00 4.538920458469429597e+00 -3.617901333796715857e+00 5.825533712499463945e+00 -9.212403377539674310e+00 3.943896082665905301e+00 -6.463016242071844886e+00 2.075527932170528445e+00 1.119994688659174287e+01
1.000000000000000000e+00 9.721146776591622185e+00 6.122755952489306708e+00 5.955701414021155493e+00 -6.612118413671643768e-01 8.467214282732861363e+00 2.162807930628519504e+00 -8.330973118796096699e+00 -1.019338785250116786e+00 -2.921498083668711221e+00 -3.347882699077722624e+00
0.000000000000000000e+00 -1.003481519756728169e+01 5.857181691341454055e+00 5.002671088170058233e+00 -2.335211064152179716e+00 4.915902245281624339e+00 -8.928789368651942837e+00 3.895574945678665912e+00 -6.276107919342433838e+00 3.283990212729212210e+00 1.080208267551496704e+01
0.000000000000000000e+00 -8.682135545266445931e+00 5.297466644250033774e+00 5.225735300337746025e+00 -3.347818053252249015e+00 4.848186438316094637e+00 -9.435477675315731005e+00 4.703531702470632681e+00 -6.991693525041011270e+00 3.955016027384968602e+00 9.626606318926596018e+00
1.000000000000000000e+00 8.624116203561923655e+00 5.336863306554653796e+00 6.795806171926832562e+00 -1.529770923598760879e+00 6.869427891753034920e+00 2.290118578781974001e+00 -6.608751605361876003e+00 -2.362053022439102090e+00 -5.215282159328538114e+00 -4.970944898476767904e+00
0.000000000000000000e+00 -9.070426806937213371e+00 4.317617324263645529e+00 3.936066082963865842e+00 -3.319412216525823744e+00 3.985937009578033763e+00 -1.001645105033508187e+01 4.369381250757546020e+00 -7.737450059154592275e+00 1.552884014620712350e+00 7.889003573691317328e+00
1.000000000000000000e+00 8.907688793440648567e+00 7.792266528234669032e+00 6.870576172664826231e+00 -2.149281047257681543e+00 8.449829255224928559e+00 1.592129002157915085e+00 -7.696696348945057942e+00 -3.066694245542918029e+00 -4.980639722271279268e+00 -5.132431096529286307e+00
0.000000000000000000e+00 -9.066002930495146828e+00 6.311495023798014969e+00 4.258454740362217272e+00 -2.041806798151150737e+00 3.775901443268554036e+00 -1.002292134380076760e+01 3.678508779570711873e+00 -6.181327677756342176e+00 2.474175362172835513e+00 1.010810610333859039e+01
0.000000000000000000e+00 -8.014254669998948089e+00 5.621438587428388090e+00 3.925534062051947437e+00 -1.667381598997415892e+00 4.323759433957044429e+00 -9.383784119901566356e+00 4.104400982918265051e+00 -6.732431778608392925e+00 1.583005036200402893e+00 9.328350714475380556e+00
0.000000000000000000e+00 -7.688063893261327664e+00 4.616417588677079742e+00 3.008042680551532566e+00 -2.605105150046505003e+00 6.021762211818661115e+00 -7.795249371678355743e+00 3.999609303966762397e+00 -6.520350096298691334e+00 6.048649942119217471e-01 1.090460733450863273e+01
1.000000000000000000e+00 9.665759210295430393e+00 6.029074963126058506e+00 5.838655197043631340e+00 -3.879218219380395904e+00 7.556669047001205008e+00 1.033501719652549777e+00 -5.857342522434644039e+00 -2.304096424690520450e+00 -4.915390406320971906e+00 -4.735610110952369389e+00
1.000000000000000000e+00 1.064538564659677533e+01 5.301914091667136120e+00 7.179871460249911408e+00 -1.651250617703664325e+00 7.723519966957628213e+00 1.218616905178406817e-01 -6.684348109837862317e+00 -3.253237002179252269e+00 -4.643577411385384934e+00 -4.118874259421116513e+00
0.000000000000000000e+00 -8.363549034324144316e+00 5.026602549075965598e+00 4.564018024579658217e+00 -3.191324483543890533e+00 4.844235381850311661e+00 -9.832733017207747395e+00 3.576645893587411251e+00 -6.166160784620067226e+00 2.709972244328085367e+00 1.004946275082288132e+01
0.000000000000000000e+00 -8.652674092770533676e+00 4.582187895292194391e+00 5.180952674845083372e+00 -2.458630666584435076e+00 3.887635261629832861e+00 -8.155890500873313798e+00 4.460322948930875775e+00 -4.935124021862064225e+00 3.537146759765056103e+00 9.044365707770628759e+00
1.000000000000000000e+00 9.112180139156743408e+00 5.920481966530408258e+00 6.371806365792650695e+00 -4.294730511977950194e+00 6.784552496271576416e+00 2.159841092205551760e+00 -7.453011636249176952e+00 -2.283238990524220746e+00 -5.310506353838894356e+00 -4.363680424086880727e+00
0.000000000000000000e+00 -8.027943302958400196e+00 5.001316026326671604e+00 3.162234175965699556e+00 -3.707798290975802491e+00 3.310212082308259252e+00 -8.874668080439613860e+00 5.549739290626350297e+00 -6.517613546299073413e+00 4.263963419032954505e-01 1.090845875076770533e+01
1.000000000000000000e+00 9.019563686388384127e+00 4.857454050509407928e+00 5.153408405988041174e+00 -1.716569368529951678e+00 6.144047025963572217e+00 1.328662534605725476e+00 -6.438020846521270713e+00 -1.104883364136994395e+00 -5.299109833642478229e+00 -3.751185747275362914e+00
0.000000000000000000e+00 -9.758147224016761712e+00 5.613197936255387432e+00 4.844641655158805627e+00 -3.800119108672488366e+00 4.357831549948707028e+00 -9.145263920040797245e+00 5.201574938003297177e+00 -7.209958141446504598e+00 3.885719527198070011e+00 1.019418085811124719e+01
1.000000000000000000e+00 9.430199562933765378e+00 8.189799995673139321e+00 8.294157608129522075e+00 -6.169854405422934285e-01 7.628621003044316673e+00 1.428764824275004841e+00 -7.796292353585646318e+00 -1.492180521140693550e+00 -5.342768403329358762e+00 -3.331145530269017385e+00
0.000000000000000000e+00 -7.636833738393995930e+00 6.778558961918528247e+00 5.565851127060057024e+00 -2.640984716880151684e+00 4.034514115199328899e+00 -8.019412063016165604e+00 5.801218214661610695e+00 -3.613305818854160467e+00 3.642865741549129233e+00 9.643617512830465088e+00
0.000000000000000000e+00 -8.340266346827531763e+00 7.926552881149248719e+00 5.098432793327424939e+00 -1.819604559077603545e+00 3.524236706077005010e+00 -8.282347102336846234e+00 3.955010330869550117e+00 -5.826271308445078567e+00 2.483591718814919247e+00 8.876198824215039807e+00
0.000000000000000000e+00 -9.652744141734764582e+00 4.442464779990329404e+00 5.485790018002766111e+00 -4.128250009848483337e+00 3.313324931953157026e+00 -1.054018531856382168e+01 4.854747067078716505e+00 -5.349347984954077262e+00 2.092495867299849266e+00 9.803606055744143788e+00
0.000000000000000000e+00 -8.118208024801679912e+00 4.938849044294178370e+00 5.549177279847457456e+00 -3.796523161508112754e+00 5.704082296451053580e+00 -9.674172372560828848e+00 4.234340883178893122e+00 -6.278910645010849834e+00 3.007674962611010638e+00 9.272574321687764964e+00
1.000000000000000000e+00 1.086027369504028606e+01 5.764498282473848434e+00 5.999814507711588973e+00 -2.710625343631397399e+00 6.844453140882562181e+00 1.005542541719739891e+00 -6.773479073185864507e+00 -3.855750238262212637e+00 -5.399437198690794304e+00 -4.627816810054148355e+00
1.000000000000000000e+00 1.011616284335517690e+01 6.706207397695689743e+00 5.660979141609809417e+00 -4.155077576609154555e+00 6.759518780187895537e+00 1.884332104222401938e+00 -8.381178172558405137e+00 -1.247144059968331664e+00 -5.192754630690395778e+00 -4.137038778799945860e+00
1.000000000000000000e+00 9.437461947793911676e+00 6.012684382060648147e+00 5.254719027063729619e+00 -1.870918864101273282e+00 7.285950858546457631e+00 5.787255624329765702e-01 -6.913228749767760029e+00 -1.775283708146827344e+00 -5.200368694692970806e+00 -4.802414127583618964e+00
0.000000000000000000e+00 -7.678805449816572093e+00 6.883624783283257997e+00 4.309703410634633691e+00 -3.429089633758058309e+00 4.865580615988140067e+00 -8.964007264308571976e+00 3.806769906715799401e+00 -6.660320084882202174e+00 2.196907428060706380e+00 1.002830496094377288e+01
0.000000000000000000e+00 -8.341711286417988092e+00 5.998571771110832174e+00 6.126019026110951060e+00 -4.191485593841729695e+00 3.566885745500407268e+00 -7.644682178749957480e+00 4.313191169607131670e+00 -6.476684636537838990e+00 3.195396469833442943e+00 7.498558301376268886e+00
1.000000000000000000e+00 9.429686544447740459e+00 6.901395216169313507e+00 6.180729020444704069e+00 -4.194554428879651908e+00 7.482088368347961982e+00 1.047466618737069366e+00 -7.144006640603674185e+00 -2.722742306954659686e+00 -4.144355007801524771e+00 -5.460360457384878075e+00
1.000000000000000000e+00 8.909936427225066069e+00 7.578336135519252004e+00 5.736619620615648785e+00 -3.735959812077115139e+00 6.300501242168821570e+00 1.519133313869613033e+00 -7.045767420137181603e+00 -6.562668281891654853e-01 -4.162830213550964054e+00 -4.267344394633012072e+00
1.000000000000000000e+00 9.894014379881905796e+00 6.563176533997438611e+00 4.687461506156920699e+00 -7.714180776153640728e-01 8.152404723495589423e+00 2.787789804073889322e+00 -7.460621817922993948e+00 -1.727810994504232811e+00 -4.521993039478881649e+00 -3.986263513063613928e+00
0.000000000000000000e+00 -7.763385520827511321e+00 6.096642165966209781e+00 5.760422663367830154e+00 -4.860829320006118337e+00 5.955604742601943613e+00 -8.858892671999960555e+00 4.441170504303645572e+00 -5.819020204645987349e+00 2.259676609702284011e+00 7.143127525607985362e+00
1.000000000000000000e+00 9.477099085393051681e+00 7.454208444698995351e+00 5.827870078506793838e+00 -8.492527773251923318e-01 6.672153795153165312e+00 7.287315339135798098e-01 -6.838158970294117012e+00 -2.911470666580870059e+00 -5.570688421612552510e+00 -3.803458048372507339e+00
0.000000000000000000e+00 -8.928906779967142882e+00 4.100163923220923934e+00 4.187058497482667008e+00 -3.181099277759537269e+00 3.212824869578806641e+00 -8.843615464464607001e+00 5.923845933570395239e+00 -5.968821579984474823e+00 1.480366535758025126e+00 7.737954616959998866e+00
0.000000000000000000e+00 -7.986549529847073892e+00 5.908041032453905217e+00 3.967135427418374327e+00 -2.485697360587912019e+00 5.506376752184691803e+00 -7.572038014181676324e+00 4.536810069450785576e+00 -6.448892652009089232e+00 1.918616591058199150e+00 9.543755640277021612e+00
0.000000000000000000e+00 -8.578779110725291090e+00 6.321733612795881641e+00 4.981395780918997040e+00 -3.803974172030820000e+00 5.600276045728279861e+00 -1.029630256772076180e+01 3.360775058393268289e+00 -6.047957218119996092e+00 2.568111078835789041e+00 9.707827936884266151e+00
1.000000000000000000e+00 9.906733176335290381e+00 6.205528594700033373e+00 4.583197827858030315e+00 -1.869750544404956472e+00 6.751307520034426801e+00 2.608939103842740970e+00 -8.047374155459225520e+00 -2.682874902097438508e+00 -4.932636467657693480e+00 -4.727591843266022664e+00
1.000000000000000000e+00 7.874833368859579963e+00 6.720104312392193080e+00 6.174541439024028300e+00 -2.597364351004048277e+00 8.527681884624556119e+00 2.094391060927271564e+00 -6.695181348988555214e+00 -1.847782832372033779e+00 -5.383463594791352946e+00 -3.984861206642374309e+00
1.000000000000000000e+00 9.511939276541397703e+00 6.585320788278486326e+00 4.598982311948098811e+00 -2.195243052078017953e+00 6.762268307139899015e+00 1.789616717299943094e+00 -6.671448180959001384e+00 -2.421039667667510997e+00 -5.144355172004484444e+00 -4.681634298522928894e+00
0.000000000000000000e+00 -9.552157635585299289e+00 5.776259623974846491e+00 4.286609111535236494e+00 -1.543934314180819278e+00 4.797216671821197487e+00 -7.821495531006591229e+00 3.906936185330783573e+00 -7.767699894845111253e+00 1.314902960318729219e+00 1.033666379987158201e+01
1.000000000000000000e+00 1.041758412286812430e+01 6.877765078409179722e+00 4.769279426683860734e+00 -3.458296030958000422e+00 7.177967281335821959e+00 1.189881372168794638e+00 -7.264873227518358512e+00 -4.830026749507294603e-01 -4.533578881161989926e+00 -4.201134464071879293e+00
0.000000000000000000e+00 -7.851843906421698271e+00 5.312375628045488796e+00 5.187735483307237772e+00 -3.768913362354099572e+00 3.305306781031696506e+00 -9.087600635782193237e+00 3.077029226980414478e+00 -6.094089019130136009e+00 -1.343598322314267790e-01 1.041865177110614660e+01
1.000000000000000000e+00 9.013162829195364267e+00 7.696421308466492306e+00 6.149718175235824091e+00 -1.785134323386770028e+00 6.923323522783281447e+00 2.541221434398349466e+00 -7.350195858158267370e+00 -4.538770128221132794e+00 -4.576923219251455066e+00 -4.154527337495299122e+00
1.000000000000000000e+00 9.357509057895285309e+00 7.383564161530709491e+00 5.749821778816148310e+00 -1.531302738599186197e+00 7.605309605726400690e+00 1.066490978479730956e+00 -6.131516824225804463e+00 -2.146440221275900839e+00 -4.978137294040828387e+00 -3.482131014455763118e+00
0.000000000000000000e+00 -7.496053347974615200e+00 6.601219147345473992e+00 3.569815155965291975e+00 -2.207300441994999751e+00 4.837801766578091467e+00 -9.273001632710544229e+00 5.567272201204289672e+00 -7.353045617862103533e+00 2.438535107355331633e+00 9.802252098324093055e+00
1.000000000000000000e+00 7.772859592571495391e+00 6.078862170407955290e+00 5.609775431818051494e+00 -3.054581285109317257e+00 8.229347265595908567e+00 5.581448080951671997e-01 -7.788215051074502959e+00 -8.674544856759682787e-01 -4.211975305220001964e+00 -3.165051980900026596e+00
1.000000000000000000e+00 8.843201115541118540e+00 6.787815669919436523e+00 7.013512992554992387e+00 -2.578668040994359867e+00 7.873575655645566940e+00 2.706067277082819800e+00 -6.709232389312933975e+00 -2.981238906193737215e+00 -5.493770194116158301e+00 -2.886032523719299192e+00
1.000000000000000000e+00 9.558262331709020287e+00 6.843157607489596117e+00 6.635341487726865495e+00 -2.308887446893899131e+00 7.589321381863929794e+00 -3.566492504202414260e-01 -9.760056407028287140e+00 -2.649795005471502929e+00 -4.671821763060568067e+00 -3.780672405770108657e+00
0.000000000000000000e+00 -8.130365407737894401e+00 6.336118815308696917e+00 6.423457379014705815e+00 -4.350093757593620936e+00 3.888831481678019397e+00 -7.880872168562000901e+00 4.884524754110660894e+00 -6.815078727439160211e+00 3.243076986886144653e+00 6.783919984585622842e+00
1.000000000000000000e+00 8.110891279708683399e+00 7.117933742402883013e+00 5.837647809877138272e+00 -1.566948070620558076e+00 8.370831240375068205e+00 2.220851732131241096e+00 -7.589018402521286788e+00 -1.149161073479425976e+00 -4.797898626523110721e+00 -5.121081757085780950e+00
1.000000000000000000e+00 7.827791533914171040e+00 7.325443066388296565e+00 6.996420128921890580e+00 -2.892975208479421134e+00 6.647160501949851863e+00 1.281422136059477523e+00 -7.647173257950433900e+00 -2.472536728743105261e+00 -4.852700899008016044e+00 -4.510120855102536908e+00
1.000000000000000000e+00 7.762516363256947827e+00 6.741347603091743856e+00 5.344313280976224156e+00 -2.577692537264492767e+00 6.876251047431800600e+00 2.441611669411845043e+00 -7.785313464185020571e+00 -2.697429319160185024e+00 -4.222342233411680468e+00 -4.241045390790363356e+00
0.000000000000000000e+00 -9.488187280038221871e+00 5.538695182317855625e+00 5.582353757237342506e+00 -3.461256496910612768e+00 5.195901945361697472e+00 -8.337619068396175948e+00 4.197989698703249672e+00 -6.084102794466651254e+00 1.537821017469631624e+00 8.244282600542723216e+00
0.000000000000000000e+00 -7.480100178710144654e+00 4.856618924588046227e+00 5.829959006446479464e+00 -2.829578864748859335e+00 4.713683667854895454e+00 -8.742246608196744262e+00 3.315908456731603948e+00 -5.676864341452406038e+00 1.088630842539756172e+00 9.627268364725676264e+00
1.000000000000000000e+00 8.610557344616715625e+00 6.068241374601156757e+00 3.984304849337320764e+00 -2.400628404075701106e+00 7.971502116478056621e+00 2.034471745976709656e+00 -7.177508609868545442e+00 -1.530851749208004930e+00 -5.346491758806612538e+00 -5.055805485542789413e+00
1.000000000000000000e+00 9.266464065087172131e+00 6.873963660967802092e+00 6.287755269535069580e+00 -3.606042355630663998e+00 7.476185706925241981e+00 9.745853317569825869e-01 -6.555792618696231422e+00 -2.862907191441200538e+00 -4.128575902229457029e+00 -4.406964663467055843e+00
0.000000000000000000e+00 -8.746367451438834095e+00 4.617252000550305269e+00 4.622441119770697604e+00 -2.927933258463414568e+00 4.333886880850728041e+00 -8.324435725079771586e+00 4.323008149030362901e+00 -6.647125087176998903e+00 3.183173852229965739e+00 8.685766262737024235e+00
1.000000000000000000e+00 8.236815105838310558e+00 6.268728370433142238e+00 6.023544236461669144e+00 -2.056164755267141153e+00 6.628832388786464413e+00 1.936653394986629362e+00 -7.486272769003241123e+00 -2.529415591932502316e+00 -5.229890425215349303e+00 -4.247322382701887555e+00
1.000000000000000000e+00 7.463705665768782360e+00 7.541540081502112081e+00 5.372383541575351806e+00 -4.046132419737119790e+00 7.027459000639992404e+00 2.616238761603303598e+00 -8.432305882919882478e+00 -1.668632209193708693e+00 -4.609463279471851749e+00 -4.871612548719724600e+00
0.000000000000000000e+00 -6.666677318227850257e+00 6.265321984473690264e+00 4.063365387776594950e+00 -4.030295449565962862e+00 4.273029981444919301e+00 -9.994749395118653013e+00 3.185817104520950238e+00 -6.993417247115064406e+00 3.086995944134320879e+00 9.889994257405755107e+00
0.000000000000000000e+00 -7.463884042896955506e+00 6.331946173331387762e+00 5.117625297331959366e+00 -3.521687962348805989e+00 3.763377923508525846e+00 -9.604901785479036391e+00 4.829957902099260458e+00 -8.092205289470642882e+00 2.761629202640806913e+00 1.048458326872330382e+01
0.000000000000000000e+00 -9.119642301518330996e+00 4.733308766598993245e+00 4.885007549138034477e+00 -2.505759964760691627e+00 2.433053895780828313e+00 -8.019954775557257776e+00 5.008704620461318591e+00 -7.368575069615956430e+00 1.428958207289732663e+00 1.034796584889089566e+01
0.000000000000000000e+00 -8.778647119429844992e+00 6.826120890597813684e+00 6.595547282172521619e+00 -4.955342655039848943e+00 4.811925202676579971e+00 -8.371874586062352464e+00 4.072438542434848152e+00 -5.280958934965216400e+00 2.307324381178271988e+00 8.463991383779623234e+00
1.000000000000000000e+00 9.456947126728646680e+00 5.289483989922507234e+00 6.491205249650239928e+00 -1.657065376693747982e+00 7.611861738364220642e+00 4.536430872564012340e-01 -7.438955094353646658e+00 -2.094530446302455662e+00 -5.134036773661929232e+00 -4.534975739328245048e+00
0.000000000000000000e+00 -7.839385885357005535e+00 6.055131695988221097e+00 5.480903944634777147e+00 -1.980972723202533370e+00 4.508989202169543908e+00 -9.135536246255078652e+00 4.449493799494677049e+00 -6.302306158700508476e+00 4.276380234639884037e+00 1.019407412710413219e+01
0.000000000000000000e+00 -8.795472181228179309e+00 4.357243340664048503e+00 4.652147543493168946e+00 -2.349032233903227240e+00 4.561063914335860225e+00 -9.829533264281584692e+00 4.673763219172974992e+00 -8.028210571573104914e+00 2.025589634859816357e+00 9.576508594213663628e+00
1.000000000000000000e+00 9.177191036277498881e+00 7.013510363617350585e+00 7.483677739294985365e+00 -4.015480385906302629e+00 6.549205214708739398e+00 1.574733840400794227e+00 -7.966446261976471099e+00 -2.776314473178436604e+00 -4.937463454797962115e+00 -4.742192840082107175e+00
1.000000000000000000e+00 9.384952323322282908e+00 6.141347202120575055e+00 6.367064019732272762e+00 -2.119199272059280492e+00 7.335133572714870986e+00 4.997033685509180145e-01 -7.970101969775692297e+00 -1.984924024983494961e+00 -3.428679878247986146e+00 -4.127623883205367328e+00
0.000000000000000000e+00 -8.930174877062835748e+00 6.056740364309356472e+00 5.369534240083099874e+00 -3.280482176630706181e+00 4.400004379593078774e+00 -8.031575074150314464e+00 5.332012565317842068e+00 -7.336811177571686216e+00 2.699879843386529643e+00 1.026013346386564429e+01
0.000000000000000000e+00 -8.885905933760682274e+00 3.435350254087480959e+00 3.997281204893400997e+00 -4.498826786112250176e+00 7.102665225576222596e+00 -8.537442431207516336e+00 3.611001390877845107e+00 -5.214531591583825509e+00 1.568545638790307173e+00 9.728523302021784502e+00
0.000000000000000000e+00 -8.661172858189555512e+00 3.746959223618858026e+00 2.713349417620841031e+00 -4.184660390340342317e+00 4.205970060094741392e+00 -9.055085647832349594e+00 4.703124925575405513e+00 -6.468857227697549561e+00 2.229862442602496220e+00 1.058553624263903004e+01
1.000000000000000000e+00 1.004952910274407429e+01 7.552472175554321154e+00 5.596598463776009780e+00 -2.799277908061401643e+00 6.660611941838384453e+00 2.634280272023649339e+00 -7.292171471472827626e+00 -1.299253811312505835e+00 -5.006800324812587633e+00 -3.023570802455429973e+00
1.000000000000000000e+00 1.059713326768788022e+01 6.714503176347889735e+00 7.296234003973707694e+00 -8.516598111228128598e-01 7.965633122212954831e+00 1.453072289243706905e+00 -7.569810622858952343e+00 -1.609204286893387126e+00 -5.581774007552652073e+00 -4.808716306674247321e+00
1.000000000000000000e+00 9.607937871037536937e+00 6.060090046575445477e+00 7.209838804733513129e+00 -2.838266576453342349e+00 6.923694114991799431e+00 8.449570786236207942e-01 -6.427751292051791410e+00 -2.198562024270255932e+00 -4.202689308212131714e+00 -3.592346233098462349e+00
0.000000000000000000e+00 -1.002726012938658862e+01 4.901346303573387964e+00 5.104936157917092210e+00 -5.069263927154191940e+00 4.920603751513880297e+00 -7.983578271051289477e+00 4.207110943384024360e+00 -5.507669167664425380e+00 1.922386700768679013e+00 1.052931407837628441e+01
1.000000000000000000e+00 9.639980015527621404e+00 6.864748026913435552e+00 6.140655543339852862e+00 -3.682800827142961531e+00 7.287003287181888389e+00 1.856887777761975222e+00 -7.473361652348351036e+00 -3.317602700465844823e+00 -5.765266657861515931e+00 -4.741978077039530781e+00
1.000000000000000000e+00 9.074852039281450899e+00 5.707415738700577279e+00 6.424482957414801909e+00 -2.853577112656219050e+00 7.850451304359810756e+00 1.757050668012846817e+00 -5.897824524712515171e+00 -6.459385076597308206e-01 -6.074650138250065723e+00 -4.295567581815601166e+00
0.000000000000000000e+00 -8.731330651403673926e+00 5.856970615241752220e+00 5.708838123762661532e+00 -2.405988215909796946e+00 5.010837305875234904e+00 -9.609334483991519349e+00 3.203521051491038385e+00 -6.564163339965288557e+00 2.853354141148155776e+00 1.015493151049914289e+01
1.000000000000000000e+00 9.142585096188815541e+00 6.985036787863150742e+00 5.103328180129252267e+00 -2.945821747553636349e+00 7.377121339385084298e+00 1.432122519061150179e+00 -5.430896426445410263e+00 -3.631100816986277735e+00 -6.502011399315192897e+00 -4.108373656029179699e+00
1.000000000000000000e+00 7.477542187047776068e+00 5.717836500228749230e+00 6.398037765435378610e+00 -1.828652528928005561e+00 5.763378935939886816e+00 1.247331522875273269e+00 -6.393976762001257974e+00 -2.054884777580716193e+00 -5.475549302010842112e+00 -3.818115767896660184e+00
0.000000000000000000e+00 -8.965950104980290547e+00 6.393004584916261557e+00 7.276344299715086450e+00 -2.778628268414906177e+00 4.967595127454825565e+00 -8.619133622046248888e+00 5.414192955856814038e+00 -8.019448796824505621e+00 3.564262576301991281e+00 1.167160134639275348e+01
1.000000000000000000e+00 8.265902182687177913e+00 6.874575817995377314e+00 6.863784529655298172e+00 -8.364828405750408535e-01 7.249054157017965849e+00 1.463751249373191898e+00 -7.673080077774817376e+00 -9.187896775140278471e-01 -5.361033581608858789e+00 -5.175735960393873292e+00
1.000000000000000000e+00 8.626842921690140997e+00 6.182738259673760339e+00 7.109660854201099056e+00 -2.614850601155369159e+00 8.651593460692103221e+00 2.932654277899088946e+00 -6.519848882750608254e+00 -2.382658744334856582e+00 -5.608087485929311278e+00 -4.637433889964566625e+00
0.000000000000000000e+00 -8.268251797578560769e+00 5.969110015973317473e+00 4.844838417021484211e+00 -4.650058158172438283e+00 5.003733285076027215e+00 -9.356761582708532643e+00 6.258311608142416382e+00 -6.893092390412235204e+00 2.248212193134885073e+00 1.026031926481668854e+01
1.000000000000000000e+00 9.960017370473629228e+00 8.232129663063261660e+00 6.438850145979917450e+00 -3.539842547137603379e+00 5.934623688929702823e+00 9.175472550084172729e-01 -7.916214471172760447e+00 -9.617406981913305675e-01 -5.484131566892975762e+00 -4.258749369567126131e+00
1.000000000000000000e+00 1.020610543086991839e+01 5.722967891853765643e+00 7.197645144936201334e+00 -3.527274455070403825e+00 6.972444084904728001e+00 1.819530689188652683e+00 -8.161776944280443757e+00 -3.572353641561176740e-01 -5.114342532166125999e+00 -4.763452509121648859e+00
1.000000000000000000e+00 1.055124958704626970e+01 6.353929652457098065e+00 5.806823825687278173e+00 -2.692795083479933016e+00 7.864601554237530934e+00 1.984597983724412762e+00 -5.619148929540086712e+00 -3.182399894454175815e+00 -5.173995810931424799e+00 -4.822389479744056295e+00
0.000000000000000000e+00 -6.374064981141999375e+00 5.865971822753174081e+00 4.054848100598042571e+00 -2.496515598222959653e+00 6.214567560124344858e+00 -8.870669803675079734e+00 4.124129877227431074e+00 -6.208804694423890602e+00 2.454569138326592626e+00 1.029588448796453015e+01
0.000000000000000000e+00 -9.013066757163489484e+00 5.061625922857455606e+00 5.491928441111059378e+00 -2.714234583369818488e+00 3.991098742136076183e+00 -8.133287717507110770e+00 3.847468273004766459e+00 -7.705334158896214092e+00 3.105933676781859276e+00 1.003987616862228727e+01
0.000000000000000000e+00 -9.318949396009108099e+00 6.383521359560539565e+00 3.976664410227765956e+00 -2.912508411959143562e+00 5.620555813350684105e+00 -9.728335474965138729e+00 4.673601610959368990e+00 -8.131036078573561809e+00 2.993504666471042519e+00 9.243820873654977177e+00
0.000000000000000000e+00 -8.251157942183153793e+00 6.594483502025214605e+00 4.463241333266822153e+00 -3.577553676103554459e+00 3.936739417985696932e+00 -9.228146632542101102e+00 3.421774248036371979e+00 -5.050437601798815734e+00 2.804569901084185801e+00 1.041519441720641126e+01
0.000000000000000000e+00 -8.288356420518658396e+00 5.626679238110180670e+00 5.576696062244079322e+00 -1.982112434647317345e+00 5.163176951409269577e+00 -8.971333516492892457e+00 5.305738253361096390e+00 -6.513108295767486844e+00 2.256301810662031393e+00 8.618519435122101058e+00
