1.000000000000000000e+00 2.988738381392755272e+00 -4.333204252491996478e+00 -1.932342590484259048e+00 1.674212080756775745e+00 6.943910828976809668e+00 -6.618867396411468818e+00 4.442448213197647822e-01 -1.660289899480934528e-01 6.746262521926778000e+00 -1.040320604346711253e+00
1.000000000000000000e+00 3.294852882824337303e+00 -3.295445288487860225e+00 -1.633452562147488685e+00 2.886947144119030195e+00 4.001686060738409267e+00 -3.521352704486922391e+00 -1.040070501187894125e-01 1.376422037614002836e+00 8.518247941816802893e+00 1.476131097496212075e+00
1.000000000000000000e+00 1.665596363586294260e+00 -3.794371661824058606e+00 -2.152848803009673517e+00 1.134198390536941492e+00 5.946614309706050427e+00 -6.728177570643006256e+00 -4.299593942399693169e-01 6.459798679301815838e-01 9.328258576631478505e+00 -1.249620258528167271e+00
0.000000000000000000e+00 -1.910621389779791457e+00 -6.295417351781019910e+00 3.043255525124268779e+00 8.341479085104397839e+00 7.473312031771578212e+00 -3.468312386867228536e+00 -2.440978396355642843e+00 -9.331480149677865654e+00 3.247043137193307949e+00 -4.125343237228536353e+00
1.000000000000000000e+00 1.239822701779062397e+00 -3.348133561629050625e+00 -2.182236572504535843e+00 4.565756496707326306e+00 3.506585000930645180e+00 -5.671015105171138160e+00 -1.566523518090096045e-02 -1.613555391816294593e+00 9.196884063711925350e+00 -3.854172881191697542e-02
1.000000000000000000e+00 4.010136222119594862e+00 -3.684559424379368231e+00 -2.972725079226179901e+00 3.922152389194403899e+00 5.875694561115722081e+00 -5.670732223924095372e+00 -6.326405224594466858e-02 1.266424199633330971e+00 8.943115115332588516e+00 -8.373113217079410919e-01
0.000000000000000000e+00 -1.976364469959471570e+00 -3.871984398361194568e+00 3.462271473530164734e+00 7.086918040268407992e+00 6.166761952030612726e+00 -3.668676876274304277e+00 -9.036947284003499226e-01 -8.791961639682083884e+00 3.639100163786100683e+00 -3.915061686611804426e+00
0.000000000000000000e+00 -2.491016677147094072e+00 -5.684558850055363877e+00 3.482742652394639205e+00 7.332102093200600024e+00 7.859974864004975359e+00 -4.350649911019862870e+00 -2.021778142830588543e+00 -8.635006155593103472e+00 4.304340286020791773e+00 -4.646279001575776668e+00
0.000000000000000000e+00 -3.345441639289864710e+00 -6.422667844186302766e+00 3.624233749673553717e+00 7.432983604316701687e+00 6.223175390744771995e+00 -3.727978761799809249e+00 -6.253158125354363328e-01 -1.007329778016019439e+01 5.962225905501909118e+00 -4.877111850535943205e+00
0.000000000000000000e+00 -2.234986870827923244e+00 -5.031151383516436759e+00 2.592988148008406490e+00 7.516585335062503148e+00 8.495458543414876829e+00 -4.654478955440107590e+00 -3.586805008380378190e-02 -9.281973197951701948e+00 4.672370018558036797e+00 -5.426676137788339460e+00
0.000000000000000000e+00 -2.256526297939832393e+00 -4.429946964990557845e+00 5.227718922417489367e+00 8.642984348621697066e+00 6.963967068750477551e+00 -3.520368506435102240e+00 -7.666789478674991276e-01 -9.586885373374824937e+00 5.443107656285639528e+00 -3.774871968883261708e+00
1.000000000000000000e+00 3.016242472103448424e+00 -4.273323770607476924e+00 -3.498420097667987338e+00 2.553038637386968901e+00 5.130479601356530139e+00 -6.533412771357686388e+00 6.549672204393381936e-01 -1.637081281275140632e-01 7.940233139219929015e+00 3.875983485745660984e-01
0.000000000000000000e+00 -3.747506634499273570e+00 -6.213361561196031779e+00 3.409653071456856477e+00 7.733068486645982453e+00 7.761498628335141703e+00 -4.674290533446275653e+00 -2.865899703627545314e+00 -8.855834343353858884e+00 7.233789720939714840e+00 -5.318584910361329854e+00
0.000000000000000000e+00 -1.843926267286634335e+00 -5.615072718967969223e+00 4.230567446510604235e+00 8.909205178849971318e+00 6.696039081607150223e+00 -4.573836697084963987e+00 -1.257960771938160027e+00 -8.615526551107786091e+00 3.410207773091872951e+00 -3.622202493906045984e+00
0.000000000000000000e+00 -1.035873882086520092e+00 -5.874096395732238740e+00 4.198477713916824783e+00 5.782923195507017944e+00 6.206152384543249134e+00 -4.388458888556240112e+00 -8.703682250223208072e-01 -8.864579066879146652e+00 5.885949361900786769e+00 -5.588646360147403236e+00
1.000000000000000000e+00 2.315957545411619023e+00 -4.678814594140004779e+00 -2.575364098142088665e+00 2.192701598917451200e+00 3.724717394899029532e+00 -6.892810720769064758e+00 -4.659608511251092100e-01 -2.059444518545148484e-01 7.570795797750418110e+00 1.842455263351445272e+00
1.000000000000000000e+00 1.362786677765078336e+00 -3.383133428452576918e+00 -2.293520719271152863e+00 4.316565182187527938e+00 4.978137919661820732e+00 -6.212178887805674066e+00 5.107683232424248265e-01 9.844100406230928968e-01 7.923488478382536115e+00 -1.041697004267937210e+00
1.000000000000000000e+00 3.916747356286792048e+00 -3.149680864070562247e+00 -2.754388059288519930e+00 1.681254741616091009e+00 3.978367618646186710e+00 -7.042157506077464824e+00 2.123573708104225410e+00 -1.501262904512029039e-01 7.846727400972103972e+00 -7.357898001900816665e-01
1.000000000000000000e+00 2.672114552017515798e+00 -4.017828476776375446e+00 -1.568660484229456697e+00 2.356729028590600183e+00 4.896430742998767016e+00 -6.008620634632015012e+00 -6.060558753682732114e-01 1.921979796900416537e-01 7.883961995305927672e+00 1.062701489755116580e+00
1.000000000000000000e+00 3.315994104750000115e+00 -4.076381129708152251e+00 -8.567168872640122945e-01 3.686039981540248700e+00 5.543506683869532381e+00 -6.665902112998406182e+00 6.567025205268308685e-01 1.221754082596283153e+00 7.951522178203952684e+00 1.224410044943400749e-01
0.000000000000000000e+00 -2.350860221615011181e+00 -6.105367762692281097e+00 4.642146461078194619e+00 7.827569999948398305e+00 8.938675580471816318e+00 -5.266549102260983162e+00 -1.995994330121378946e+00 -7.932276165078692820e+00 3.884401572318326501e+00 -3.400820084854792924e+00
0.000000000000000000e+00 -1.744450768608371227e+00 -5.071717627831812791e+00 4.067489894641455273e+00 7.712887723049838051e+00 6.483742161556119932e+00 -3.303574814958455619e+00 9.953682805112509246e-01 -8.460570117584177652e+00 4.693005759987477710e+00 -5.645151551102287613e+00
1.000000000000000000e+00 3.573765460956416007e+00 -3.913168845070855717e+00 -3.075070901236555798e+00 1.504031050924532043e+00 4.111927752646763246e+00 -5.577115536747976776e+00 -1.610485110610182069e+00 -4.341031660787191826e-01 7.335049231971263239e+00 -3.487354245173052147e-01
1.000000000000000000e+00 4.104529100003599495e+00 -2.990339691603902228e+00 -2.387427458942585456e+00 1.989109371701567097e+00 5.014827715642893757e+00 -5.767234573051488233e+00 9.304247720634228891e-02 1.524869170902612314e+00 5.945284129352502056e+00 1.057005975902305162e+00
0.000000000000000000e+00 -1.368455037348702330e+00 -5.664078025709152975e+00 2.900486345200085303e+00 8.179158098247437891e+00 5.949479807804785025e+00 -4.678122381376760508e+00 -1.992066926778260250e+00 -9.966678206496807135e+00 4.852699122640892426e+00 -4.420825162300381805e+00
1.000000000000000000e+00 3.486329487234842262e+00 -5.644447005558358654e+00 -2.031761234197418275e+00 2.436068715231527904e+00 6.005417754004612974e+00 -5.616097159310444731e+00 2.669703725711584097e-01 4.183797749278581057e-02 8.395391466716858986e+00 -6.631834179740235813e-01
0.000000000000000000e+00 -3.589779368243460667e+00 -5.666848423390251632e+00 4.274981037960074559e+00 8.770269047727502709e+00 6.638786245390476459e+00 -4.718053719482284691e+00 -3.026750358213370351e-01 -8.309901870007298186e+00 6.058208424536105419e+00 -3.432339505308102723e+00
1.000000000000000000e+00 1.934672381026501187e+00 -4.604437753691069446e+00 -2.643673741131143728e+00 2.119980606793980815e+00 4.035420482769288775e+00 -6.578680982303610314e+00 1.085512269235957561e+00 -1.818789382334248250e-01 9.055721801551634087e+00 9.242721607535123729e-01
0.000000000000000000e+00 -1.799209094322353542e+00 -5.334671996381267434e+00 5.697186678636180446e+00 8.307147532360017905e+00 6.458555238888314065e+00 -4.067382961233680483e+00 -1.986137696430884114e-01 -9.781158779207238751e+00 5.390129396360809011e+00 -4.297836940354665458e+00
0.000000000000000000e+00 -1.794290928075868763e+00 -4.721915098690621981e+00 3.918099394923502121e+00 7.256538008133851747e+00 7.136838554250314992e+00 -3.806032025490980519e+00 -1.125145291004231662e+00 -1.005676211844908075e+01 4.768761632216850899e+00 -4.964559212886708650e+00
1.000000000000000000e+00 3.742795379626758567e+00 -4.513328460732783931e+00 -2.345062114987609192e+00 3.780345784006271082e+00 4.907956814525124223e+00 -7.463965093203479562e+00 2.369316433424301371e-01 -4.342006704632480063e-01 8.097706727222892198e+00 5.902868653658522868e-01
0.000000000000000000e+00 -2.590610062118377410e+00 -4.321033918062672896e+00 2.338626847886057458e+00 7.104516142603294782e+00 5.819175248124696331e+00 -3.764687003719167979e+00 -2.300289266759877105e+00 -6.349747554807168015e+00 4.529773902263461771e+00 -4.784589553196589407e+00
0.000000000000000000e+00 -2.903810852271911713e+00 -5.406295198040496075e+00 4.567300357000212863e+00 6.058804270203124176e+00 7.308040789694730144e+00 -3.858145202450716571e+00 2.501382454930320964e-01 -8.659572328279212527e+00 5.536496541547720973e+00 -4.508466418661428499e+00
0.000000000000000000e+00 -1.968841446037702170e+00 -6.427343928093367076e+00 4.125083828452377865e+00 6.064541751663432123e+00 7.426635111593148153e+00 -6.462579240373337086e+00 -1.538243339172062463e+00 -9.898528700516461498e+00 4.290031773641574731e+00 -3.993108222592035350e+00
0.000000000000000000e+00 -1.841184441273285621e+00 -5.614368089390185723e+00 3.616812644748479855e+00 5.574167127409835665e+00 9.146856337965244776e+00 -3.971327806218928558e+00 -1.870524630301821922e+00 -9.136859242666863778e+00 3.671504892849787538e+00 -4.496370744936925234e+00
1.000000000000000000e+00 3.090590657202157754e+00 -2.961291730588153648e+00 -3.651278658147483647e+00 2.008222464910455862e+00 4.613513069357113139e+00 -6.669189044073281281e+00 1.659283241027732947e+00 -3.430602156592263419e-02 8.736721598131580890e+00 -3.517379566831031479e-01
1.000000000000000000e+00 3.878727502097446322e+00 -2.117039142069518931e+00 -2.299528382126624582e+00 3.115644858123828964e+00 2.937993873688602431e+00 -7.060909949784583972e+00 1.024504242476453442e+00 9.230980270755271277e-01 8.234233010943798448e+00 -3.772788831756484496e-01
1.000000000000000000e+00 5.196426815646279174e+00 -3.808605230327375413e+00 -1.602664457077030091e+00 2.438556373973117530e+00 4.281406152954907007e+00 -6.997977559180966978e+00 3.270946407767855724e-01 -3.837647820871107895e-01 4.817523989649378890e+00 5.793119380157090159e-01
0.000000000000000000e+00 -1.642799502650835297e+00 -5.626643391431682240e+00 4.852834122375624837e+00 7.606309949824554550e+00 6.419938922015270499e+00 -4.143526126210566929e+00 -4.589858184763713211e-01 -9.478434724093629526e+00 4.255194326708938490e+00 -3.707530835410147940e+00
1.000000000000000000e+00 3.480812952609158017e+00 -2.785023569756718942e+00 -1.382119132220736013e+00 4.026241943289989855e+00 3.744614965782398386e+00 -7.121410760019406538e+00 -8.956572473385797650e-01 -6.413781630699738612e-01 6.780308371324919037e+00 -4.197912615052518115e-01
1.000000000000000000e+00 4.871249795260977677e+00 -3.462318625508741921e+00 -2.028710134758878514e+00 4.628362385616227925e+00 4.793107560484528129e+00 -7.325505456748354405e+00 4.121722429567402646e-01 1.639362021680184966e+00 7.279542110316787884e+00 1.788567039752045895e-01
0.000000000000000000e+00 -1.589694429208176496e+00 -4.922585834302453556e+00 3.783260265678936918e+00 6.623152037262556746e+00 7.125342769989549296e+00 -5.120149458936191778e+00 -6.010754077651986327e-01 -1.100520639407423751e+01 5.401832397100532646e+00 -3.710497729265427314e+00
1.000000000000000000e+00 1.741756018080800938e+00 -3.302770142538697495e+00 -3.029143324850162244e+00 3.620526611711310849e+00 4.507981368381702936e+00 -6.698008634426471986e+00 3.468647120171527987e-01 -3.758420556929288614e-02 9.763531801876261795e+00 3.609132991588646089e-01
1.000000000000000000e+00 2.880517622375375009e+00 -3.931582938871811983e+00 -3.803366871944145799e+00 3.464134760327848284e+00 5.770957388861988946e+00 -6.470929712034195092e+00 -1.724351199724680761e+00 2.454115810123635444e-01 9.368257660271858356e+00 -3.308166637422295386e-02
0.000000000000000000e+00 -1.959769622550999957e+00 -4.688370968553925877e+00 4.454317223972499740e+00 8.226766104524100953e+00 5.815276982749188583e+00 -4.898550503540751500e+00 -4.102925450560372944e-01 -8.036046787616527354e+00 5.736466173959112957e+00 -2.869796622508637096e+00
0.000000000000000000e+00 -2.692860791950583810e+00 -5.599012300584097268e+00 1.551730277888141885e+00 7.001544751666037847e+00 7.465725442367745934e+00 -4.982355823348551205e+00 -9.417979000868251793e-01 -8.429362925298004683e+00 4.553750966507928766e+00 -3.957006513713336560e+00
0.000000000000000000e+00 -3.206489729957376689e+00 -4.155288251399166910e+00 3.274499045151047394e+00 7.728175838705072742e+00 7.082275739918314272e+00 -3.063983260198242853e+00 -9.774154251182416431e-01 -8.279393162279617968e+00 3.602549399417618314e+00 -3.925777562369390239e+00
1.000000000000000000e+00 2.655267746881667001e+00 -2.725539521651892727e+00 -9.714584689000795859e-01 2.529348594633977321e+00 6.075530591619583198e+00 -4.620611903714527458e+00 2.326260221287896335e-01 -9.484829084357889739e-01 7.461416183481881070e+00 1.063075757434107871e+00
0.000000000000000000e+00 -2.322396952520220381e+00 -4.829421150154166398e+00 4.628144662668748133e+00 7.750617384556531597e+00 7.735734719182179475e+00 -1.312873845358656144e+00 5.204917236531259039e-01 -8.981953899029669230e+00 2.853308282917765837e+00 -4.304831996834447061e+00
1.000000000000000000e+00 2.739909473042666299e+00 -3.779662924073828645e+00 -2.557142884751298695e+00 4.123285294425029335e+00 4.217082321325109184e+00 -6.544910599261228867e+00 1.782811331820721712e-01 2.934560180100370674e-02 8.877441749173927477e+00 -7.031023151670601212e-01
1.000000000000000000e+00 1.632110060836921672e+00 -4.371383062386920315e+00 -2.120796562594518875e+00 2.856962797490041783e+00 6.497836397245761120e+00 -6.279306007558190572e+00 2.932296700462710959e-01 -9.158381123354416564e-01 7.132104301210132391e+00 1.972652531799486741e+00
1.000000000000000000e+00 2.662468451395751945e+00 -3.149083389601754046e+00 -1.634125842723256117e+00 2.015144393982789772e+00 5.758529538345193544e+00 -6.083375298006806098e+00 -4.351446739031511468e-01 -2.123771835026999066e-01 8.338704312042859002e+00 2.367553174755704648e-01
1.000000000000000000e+00 1.839827854293238918e+00 -3.977398985970396428e+00 -1.552122042407250824e+00 3.033292603871214688e+00 5.266067406171779375e+00 -5.686943071433663732e+00 -6.982591977535623773e-01 -3.581271411341043764e-01 6.837115504547096378e+00 2.419432498581967739e+00
1.000000000000000000e+00 4.381872583407756316e+00 -4.172470862101398836e+00 -2.072531211292674147e+00 1.754058916335480056e+00 4.995533324620974547e+00 -7.396831096987331655e+00 1.220427793893473556e+00 4.875638773993488106e-01 8.854136736024056376e+00 6.590364260557631804e-01
1.000000000000000000e+00 3.198729517961340640e+00 -3.421328594766512410e+00 -1.664904815479927969e+00 2.929399500486128627e+00 5.461802666510791049e+00 -6.468597525036765994e+00 1.235955702091215080e+00 6.687215600943453575e-01 9.517544336731667443e+00 9.604758776454719316e-01
0.000000000000000000e+00 -1.945845894264861098e+00 -5.175283666505779756e+00 4.808377184336443122e+00 7.401264955853812388e+00 5.786444847004515779e+00 -3.305428789618479080e+00 -6.375654571670761328e-01 -8.235178907571700790e+00 5.671400260287356332e+00 -4.275126215295911081e+00
0.000000000000000000e+00 -2.848898000426299149e+00 -4.819639175381103868e+00 4.228276978107436967e+00 8.652773551385699591e+00 5.228375722915549417e+00 -4.705929503144068882e+00 -3.307182292852591576e+00 -8.057548033312963653e+00 4.637219524102329515e+00 -4.706768199918070827e+00
1.000000000000000000e+00 4.024840560089299579e+00 -2.977554505674097740e+00 -2.755730096646938243e+00 2.659640754020805353e+00 3.445614228083131003e+00 -6.456678465299965808e+00 -5.783922132410370676e-01 -7.458258311971709409e-01 8.098145926227401148e+00 -1.435033976990754967e+00
0.000000000000000000e+00 -3.575515703796405376e+00 -4.949468523043655033e+00 5.371329729828676847e+00 6.525604240465009198e+00 8.587015990436505319e+00 -6.599467490107546297e+00 -3.774568260626192551e+00 -1.050332972184198255e+01 3.534613640677118696e+00 -3.922499516916883255e+00
1.000000000000000000e+00 2.402248965038539907e+00 -4.607838195400104198e+00 -1.339556312121986004e+00 2.570397665800559395e+00 8.384521931757149105e+00 -6.182299641951052749e+00 2.665870723325744152e+00 5.330291268038552799e-01 7.288461453419412095e+00 -1.039924927995732551e+00
0.000000000000000000e+00 -3.069400853266672335e+00 -4.526077493876908164e+00 4.682973026540255823e+00 8.728548980208135077e+00 6.518938711590157808e+00 -5.366674603093282592e+00 -1.196596357171912928e+00 -8.302320178090150549e+00 7.449023487354324402e+00 -4.192328153480358033e+00
1.000000000000000000e+00 3.223040195770263239e+00 -3.814983762301088266e+00 -1.179851611442283232e+00 1.980311801728226406e+00 5.007633384565535195e+00 -6.547061997339656436e+00 -2.249342727963303812e-01 9.510445293338196660e-01 9.118303655829119947e+00 8.783835140646754081e-01
0.000000000000000000e+00 -1.439177565803118508e+00 -5.026377573702434987e+00 3.971500462006211762e+00 7.176022782125967225e+00 6.399827062053950577e+00 -4.659458513309997052e+00 3.133444524548421040e-01 -1.236903883703988782e+01 5.278610707572191529e+00 -4.188722349064837758e+00
0.000000000000000000e+00 -3.014221089853731161e+00 -6.685104367700848371e+00 2.955211013458059810e+00 7.070750808487163752e+00 9.094881434791652453e+00 -4.839837006673822550e+00 7.671893139956722507e-01 -8.434540819413316015e+00 6.136926011839611839e+00 -4.100258935006705130e+00
1.000000000000000000e+00 2.593208217796785231e+00 -4.610278961389648877e+00 -1.569777194345732152e+00 3.405597912781172631e+00 4.304696821221698499e+00 -6.219625820901057978e+00 6.671388132739520804e-01 8.348810663234115803e-02 6.761576280852178655e+00 8.653642867492772339e-01
0.000000000000000000e+00 -2.847714327824941716e+00 -5.791453131111673258e+00 6.040649140213223411e+00 7.011985315241893169e+00 6.088065167713320847e+00 -5.776643751357109835e+00 -1.212657677010151813e+00 -1.102925101115067363e+01 2.727662784198629620e+00 -6.191747027308625917e+00
0.000000000000000000e+00 -2.791048436904647101e+00 -4.268222274378310921e+00 4.613103124156243240e+00 8.257771644957603741e+00 6.783743059188965141e+00 -4.709180490346556169e+00 -9.037480596971633195e-01 -9.961581997474270977e+00 4.998784876804136523e+00 -3.859787461496014149e+00
0.000000000000000000e+00 -2.791545364477466151e+00 -5.433735859107625465e+00 3.125691164282937251e+00 6.665647506372302189e+00 7.972293115348415782e+00 -4.078404528390817241e+00 -1.317874108895384255e+00 -1.040938961519739259e+01 4.453559333856954794e+00 -5.048216911640453830e+00
0.000000000000000000e+00 -2.768607733244686564e+00 -4.882196599224632116e+00 3.404529238258072077e+00 6.241360568390925678e+00 7.316328435669592345e+00 -4.956515327152688499e+00 -1.207667289536856536e+00 -9.590074067612965436e+00 4.322014346951783992e+00 -3.093166813078209287e+00
1.000000000000000000e+00 2.099223760530186222e+00 -3.106756135045622536e+00 -2.117373620617179597e+00 2.002083866703092241e+00 6.779998992257490364e+00 -7.663973103475777648e+00 6.449122095575293701e-01 5.787338414278587750e-01 7.303924100346327108e+00 1.645128979360038213e-01
1.000000000000000000e+00 3.276866954969785084e+00 -4.898008264954349933e+00 -2.344370804552127652e+00 1.782627998531300051e+00 4.243763800632392780e+00 -7.708071629319441342e+00 1.468174587340386417e+00 7.240304396446809454e-01 8.414139568677464709e+00 1.467187220815746596e-01
1.000000000000000000e+00 2.196953020591642325e+00 -4.022648999404297321e+00 -3.797985825306308350e+00 2.484930628047654189e+00 4.651820665785807662e+00 -5.704740272129661172e+00 -1.645358925995664690e-01 -4.690276999016391724e-01 9.533946869154119597e+00 -9.069523678886116658e-01
0.000000000000000000e+00 -3.179755748680670013e+00 -4.626782895823895458e+00 2.572121123029809109e+00 8.133434476747986253e+00 7.479211307289949318e+00 -3.214444159217723751e+00 2.371919660797505713e-02 -1.045224842784232777e+01 2.904109096894150532e+00 -5.602850251015401462e+00
1.000000000000000000e+00 2.553744939356762167e+00 -2.880059464466715458e+00 -8.396336928863452620e-01 3.829584020696204405e+00 3.775635719560646031e+00 -6.087440978638101186e+00 1.232753847284578264e+00 -7.340967269510482174e-01 7.463506274515139260e+00 -5.932944440956930410e-02
0.000000000000000000e+00 -2.145129471414060074e+00 -5.403325571445102504e+00 4.400343180087153527e+00 6.798476343829731761e+00 6.958002408779130121e+00 -4.026180273454319725e+00 -1.671580593990994457e-01 -9.273065754394476556e+00 4.982601736020352057e+00 -5.623742069923188147e+00
0.000000000000000000e+00 -2.920548579560493963e+00 -5.904340650068805374e+00 3.096435863904451580e+00 7.198417448489897730e+00 6.887983822093823427e+00 -3.428397361023322709e+00 -1.355953598819032324e+00 -8.920688222077815865e+00 5.028744067572806564e+00 -4.267204501570494912e+00
1.000000000000000000e+00 2.678139940995605262e+00 -4.012418640336182563e+00 -2.337709552223215415e+00 2.813967384613108802e+00 5.811368704168218713e+00 -5.980797338865413870e+00 1.266606038557903879e+00 -4.822032204582861192e-01 7.726042644189109687e+00 -5.383524874851577380e-01
0.000000000000000000e+00 -2.518898803179524304e+00 -5.991965413280993857e+00 5.077714899814183447e+00 7.720034174679323513e+00 6.960456420341721184e+00 -4.212578144980017925e+00 8.732122819274268366e-01 -7.907586019917759224e+00 6.908569568439563824e+00 -3.883154513219150950e+00
0.000000000000000000e+00 -5.472504021616231284e-01 -3.192553187392403569e+00 3.786258473668723923e+00 8.891056297298773003e+00 7.727746485393960363e+00 -4.265559726242647010e+00 -6.885001300249422584e-01 -8.025346867862005240e+00 6.263773297103311322e+00 -4.328905614831079163e+00
0.000000000000000000e+00 -3.648076719670680035e+00 -6.167600074766495410e+00 2.914432144750330966e+00 8.309085390715203800e+00 7.844801842559859573e+00 -4.346643913675639403e+00 -4.454510738165673445e-01 -1.114934617357296887e+01 4.791331657282873024e+00 -4.479020967073704895e+00
0.000000000000000000e+00 -1.720664282792379041e+00 -5.361640317616806151e+00 1.990880010294710178e+00 8.388847789668176347e+00 6.839387583772953860e+00 -4.395286624052670454e+00 -1.209565182567939878e+00 -7.971133794602853762e+00 6.928383128819539216e+00 -3.453083822106127965e+00
0.000000000000000000e+00 -3.218561821342341922e+00 -5.117934762065164733e+00 4.991127078485886770e+00 7.195755804315864701e+00 6.436278053022379986e+00 -3.693694187326316491e+00 -1.094455043802008865e+00 -7.735124743797049618e+00 3.105872527175400855e+00 -5.519816347016134550e+00
0.000000000000000000e+00 -3.424463233424719810e+00 -5.525359350520393065e+00 5.104435744547381582e+00 7.639674184432912796e+00 6.552238972017726759e+00 -5.836271071836392821e+00 -7.195993445622008711e-01 -1.030732078543732833e+01 5.190320131887381727e+00 -4.079170949094930165e+00
0.000000000000000000e+00 -1.751720567385993244e+00 -6.047854371666716133e+00 2.878627105274548015e+00 7.521228672486828692e+00 8.435640870057504515e+00 -4.685270067586847276e+00 -2.266347835057007654e+00 -1.105878443328762195e+01 5.727447171191488273e+00 -4.531505841728947104e+00
1.000000000000000000e+00 2.411287284381792517e+00 -4.552614656129852833e+00 -2.029546624644211317e+00 1.238401975150045242e+00 5.474878556095444715e+00 -6.357291396830508035e+00 7.080534071868513912e-01 -5.019945459967156687e-01 9.442983233307149504e+00 1.865512622640301821e+00
0.000000000000000000e+00 -2.314813238989642752e+00 -3.799616950962071193e+00 5.454097214419586059e+00 9.490216779234474487e+00 5.688314911653178818e+00 -5.453519311593924002e+00 -5.539280991105397511e-01 -9.303095266542451114e+00 5.354116032853150742e+00 -4.518939213694892487e+00
1.000000000000000000e+00 2.349489577154932451e+00 -5.320717641899737949e+00 -2.402702889642242212e+00 3.515567700773080784e+00 5.469235198663972675e+00 -4.484663165715488731e+00 2.409397056755533395e-01 4.038408573894420872e-01 8.124277572361448208e+00 1.268216960214994415e+00
0.000000000000000000e+00 -2.104130280514758145e+00 -6.697104523591523417e+00 3.295563376278535461e+00 8.964220535634813913e+00 6.596504562165552699e+00 -3.736670069869595601e+00 -7.831671290008471731e-01 -1.138865279648936557e+01 3.920026955889221121e+00 -5.226047402003431763e+00
1.000000000000000000e+00 3.590104283096724913e+00 -3.682448372279093274e+00 -3.253241485469178240e-01 2.097784038917106297e+00 6.061691752141145528e+00 -8.674716880500341176e+00 5.571103256021180394e-01 -7.431426646085936838e-01 8.740649083527820551e+00 1.925797589449746550e+00
0.000000000000000000e+00 -1.580390821557440928e+00 -4.519067004702761459e+00 4.510854139595439349e+00 6.464391316207832361e+00 4.798492378769591227e+00 -4.421174039544787604e+00 -7.181792025040097949e-01 -7.682960486005856460e+00 4.757846391108128792e+00 -3.672309350444693088e+00
0.000000000000000000e+00 -2.584798440115547713e+00 -5.977212445488980563e+00 4.046211265998016060e+00 8.645206958451419510e+00 7.993370073866151948e+00 -5.483797577721078120e+00 -1.491835148602804306e+00 -8.532003642497057783e+00 7.551074588419953493e+00 -3.943561505539416423e+00
1.000000000000000000e+00 3.388572042314101473e+00 -4.813638079170864614e+00 -3.777331602718734693e+00 4.061939042483063034e+00 4.928639298860623796e+00 -4.805553546614229177e+00 5.487266768064420486e-01 -1.459857125846737214e+00 6.523399142576445264e+00 -3.179528745227636066e-01
1.000000000000000000e+00 2.156846812999341001e+00 -4.727211865785810652e+00 -1.016304848630934066e+00 3.544493806787421430e+00 3.836659218290352946e+00 -6.279728750897078271e+00 8.122508535050445566e-01 1.851955319262798882e+00 7.440037242417683494e+00 2.271970235456935328e+00
1.000000000000000000e+00 3.476797890995880103e+00 -4.476603667863356506e+00 -2.284328579206531540e+00 1.822839190999182346e+00 4.211973566806287650e+00 -7.186320625918440896e+00 1.569103991138248944e+00 1.361689363535772967e+00 8.183979945757863916e+00 6.326486534708666287e-01
1.000000000000000000e+00 3.440529967072579964e+00 -4.670703106350130973e+00 -2.677332078830383821e+00 4.116287801757474440e+00 6.200385232719023421e+00 -7.314008630758426222e+00 -4.250037195624853936e-01 6.032158303269818944e-02 4.928894257923454703e+00 9.353239001761627369e-01
1.000000000000000000e+00 1.979184334629033870e+00 -3.615250994089320269e+00 -2.705520009502938361e+00 2.069257914935480169e+00 3.568784867018936158e+00 -6.884714814868031496e+00 -5.294311926090118359e-01 -4.442093675305336942e-01 6.941640435366036144e+00 1.396429921824875242e+00
1.000000000000000000e+00 4.000212047135208948e+00 -4.766040042098483198e+00 -1.952315962173427177e+00 1.825505223671669564e+00 6.016432033629424581e+00 -5.094410406459615182e+00 7.012669262626737288e-01 1.471391204142807663e+00 6.578924856596719550e+00 4.223556130389447549e-01
1.000000000000000000e+00 2.485951586966805404e+00 -3.303522190007738057e+00 -3.109434982601873010e+00 1.749309797448912907e+00 5.374053208035546980e+00 -6.742729966824700050e+00 6.383337989416038027e-02 -9.685863915316748063e-01 8.673183031057034142e+00 -8.423085708539814753e-01
1.000000000000000000e+00 3.033865111567532136e+00 -3.891277336456140379e+00 -1.853561596233755493e+00 1.736506065199666438e+00 4.897469735375716837e+00 -7.809665143744989102e+00 -6.378871130279648582e-01 -6.982642775027501081e-01 8.098320227938350158e+00 5.540940766807818108e-01
0.000000000000000000e+00 -1.180441646273009182e+00 -5.634745739622295524e+00 4.782587988744193552e+00 6.540330908465946891e+00 8.039153070717311778e+00 -2.926428947996329910e+00 -9.120048993033805784e-01 -7.340564275228765645e+00 6.420623297957297027e+00 -4.683251449294457913e+00
