0.000000000000000000e+00 9.067499654886882254e+00 -7.596221627174939428e+00 7.788788971520386184e+00 4.950346968706796247e+00 -3.123792192054629435e+00 -2.833830148378608804e+00 6.370643581118836885e+00 -6.210062155287257468e+00 -5.975346295154000842e+00 -7.018814045206505092e+00
0.000000000000000000e+00 7.235390916751137880e+00 -7.795460530206575811e+00 4.987902447846504828e+00 1.688787577667853590e+00 -1.205146191099932595e+00 -1.097445404331698793e+00 7.319964646270784137e+00 -5.853537028906453443e+00 -6.198876839516339388e+00 -6.585148298672735656e+00
0.000000000000000000e+00 6.562718490662896365e+00 -7.782373673635273548e+00 5.332165661475472440e+00 4.585327063589379470e+00 -3.589837302030095323e+00 -1.594171216628255117e+00 5.724268716754949082e+00 -6.235004963973028502e+00 -5.711998464631753869e+00 -6.534738418395559911e+00
1.000000000000000000e+00 5.612791969318952745e+00 -6.309512789612190531e+00 -9.228287465038262916e-01 -5.423350294365123503e+00 -1.849754994956147369e+00 7.288411777547509907e+00 1.142790586259781804e+00 4.247518319625060101e+00 -6.358252746157051494e-01 2.184667455069201125e+00
1.000000000000000000e+00 6.729994375888563418e+00 -6.638588986997501884e+00 -5.541871253956182075e-01 -6.892711205241099037e+00 -1.283289919432076154e+00 9.165341326625982887e+00 6.924758002178010852e-01 5.656881053428056916e+00 -9.427349221085515873e-01 1.849760701077351133e+00
1.000000000000000000e+00 5.318766420144494411e+00 -6.796948095025350689e+00 -1.463519225043191652e+00 -6.667585182649881759e+00 -2.996673021108359425e+00 8.371695098043703709e+00 -7.749839170135663924e-01 4.389999550139029871e+00 -1.165334893161435570e+00 -9.566180582411998312e-01
0.000000000000000000e+00 7.859385994173308632e+00 -6.476869297321255381e+00 5.276710584482945166e+00 2.296146913269127676e+00 -1.863700839633721795e+00 -2.372224159671341148e+00 6.516048813685201502e+00 -7.186131198450528501e+00 -6.054317942996003232e+00 -6.528672842400202292e+00
1.000000000000000000e+00 4.762117556762739845e+00 -5.548280487904218461e+00 -5.261771629252178784e-01 -5.782424288516164523e+00 -4.116982357305801088e+00 9.678652239862788775e+00 -4.304330250977405625e-01 4.846111514814318788e+00 -1.563354914830293041e-01 2.008756483030867290e+00
0.000000000000000000e+00 7.881008444782952260e+00 -7.486459655550454784e+00 6.580269619606958997e+00 3.437936867920865058e+00 -3.507156555674327159e+00 -1.446022546236095163e+00 7.295391143154982494e+00 -6.295660717969509435e+00 -6.480354618550951074e+00 -6.562866312386960388e+00
0.000000000000000000e+00 7.653474451990549099e+00 -7.741842804984963244e+00 7.281254325920095027e+00 1.502046818890675484e+00 -4.002483537059862151e+00 -2.684698687381509075e+00 5.525437016314143079e+00 -6.111605232174206925e+00 -6.849728972933131210e+00 -6.963140333758174094e+00
0.000000000000000000e+00 7.032457882442163744e+00 -6.620613909988120049e+00 4.525783627522296015e+00 3.671694384650375120e+00 -3.928959372928361837e+00 -7.877512631855416725e-01 5.457076616402925850e+00 -7.151771835751476125e+00 -6.762393406676533658e+00 -6.903804150104908999e+00
1.000000000000000000e+00 4.960910258692813102e+00 -6.368194460491006126e+00 -1.474658343186797005e+00 -4.980898633968320333e+00 -4.550234490799599740e+00 7.166863603604515021e+00 8.422341449925418999e-01 4.047444954202942924e+00 -2.826628287506770532e-01 1.795955921144082312e-01
0.000000000000000000e+00 8.412419501591310578e+00 -7.461086714852454449e+00 4.262755818589911705e+00 2.601018194732642730e+00 -2.816379532102867067e+00 -2.197228179204817167e+00 7.417534084405678740e+00 -7.363056623345349827e+00 -3.884969784550285965e+00 -6.970320967745448293e+00
0.000000000000000000e+00 6.695033954898187645e+00 -8.160202128456640835e+00 4.512542661287859858e+00 8.644853109750567643e-01 -2.634641892122252305e+00 -3.811475604377650761e+00 6.518423197964405169e+00 -6.355476164754194635e+00 -4.061735389954943543e+00 -6.985277822351417143e+00
1.000000000000000000e+00 4.642638189564069151e+00 -7.578394981428066224e+00 -8.508976954489360089e-01 -6.377867017972111974e+00 -4.255236090605672317e+00 8.251257190945345599e+00 -1.620896804653320922e-01 6.422938729148921055e+00 -1.485575284506052585e+00 1.544350313334363900e-02
1.000000000000000000e+00 7.008069972197892739e+00 -6.467647643954211212e+00 6.067447454801073725e-01 -6.022651573737334729e+00 -2.055633819774640436e+00 1.107964525703956760e+01 2.088294138013579992e-01 5.824083350022116079e+00 -6.783819084399604904e-01 7.937194052047527038e-01
0.000000000000000000e+00 7.039490518712817391e+00 -8.959936392618297774e+00 4.951073856875744639e+00 1.628136343915914219e+00 -4.049921628764403536e+00 -1.651664004479833192e+00 6.572793189047908768e+00 -6.503848158118024969e+00 -7.562878877975554026e+00 -6.197450233296954103e+00
1.000000000000000000e+00 5.365328635728364048e+00 -6.053249416717864761e+00 -2.798038408066664262e-01 -6.360823880415732212e+00 -4.756124417372461721e+00 8.621032689214651157e+00 -1.224780774501029956e+00 4.000219988645309144e+00 2.194218334870355891e-01 5.713407593400268158e-01
1.000000000000000000e+00 5.768508167524661445e+00 -7.314832608773530254e+00 -4.594194595181955165e-02 -6.595670697210803013e+00 -1.490503090124238872e+00 9.356812400234723270e+00 -1.555773086899804869e-01 6.336045293591972438e+00 -8.759998867106572051e-01 -6.119887394569054617e-01
0.000000000000000000e+00 7.593995171993086934e+00 -7.295130523075140871e+00 4.559760183416623924e+00 2.222224229402774753e+00 -3.363577621938063977e+00 -2.337887517992748965e+00 7.658971565067478338e+00 -5.793930520164305875e+00 -5.574632063653750080e+00 -6.458875292392636247e+00
1.000000000000000000e+00 5.045498632956704199e+00 -6.998255550938139891e+00 -1.223361515013328127e+00 -5.862124684665385388e+00 -4.549951221210975838e+00 8.829603612592956452e+00 2.893045552589437186e-01 4.800052339551399427e+00 9.557758542731344953e-01 9.623450363343705183e-01
0.000000000000000000e+00 7.892448189101336276e+00 -6.849647513568631219e+00 4.559887923306042978e+00 1.838380691206712214e+00 -3.859690453581042568e+00 -2.828568443228941298e+00 6.973131204491305191e+00 -7.235572234982593720e+00 -5.763092889150554399e+00 -7.179743164628687779e+00
0.000000000000000000e+00 8.452636031295911678e+00 -8.001043940372204233e+00 5.335398913308639912e+00 2.314539914577059321e+00 -3.458544155993578340e+00 -3.692595464794241167e+00 7.985912732739775421e+00 -5.911162632620053259e+00 -6.783951219665851795e+00 -7.397914131150535866e+00
1.000000000000000000e+00 5.106507291117905467e+00 -6.731416805418255045e+00 1.389926336638322546e+00 -4.056142330851008282e+00 -2.889937975324069264e+00 9.402014177652850080e+00 -1.032724412277408188e+00 7.114233593366156683e+00 7.773894044179936458e-01 4.607877887734659894e-01
0.000000000000000000e+00 7.881834878070414163e+00 -8.184925963304154450e+00 4.674418272023120657e+00 1.664197127927216524e+00 -3.100012537587338191e+00 -2.325438498389147846e+00 6.573809209902996109e+00 -6.005334476817822065e+00 -6.051904702217561827e+00 -7.597303855356264179e+00
1.000000000000000000e+00 6.467577255034823835e+00 -6.044531292682419732e+00 -2.258497685689778711e-01 -5.674563134107820872e+00 -4.207673578729381525e+00 9.472401548404166149e+00 -1.493418922143805672e+00 4.407567374132032256e+00 1.057107671004287486e+00 1.499195568528331357e+00
0.000000000000000000e+00 8.528380709824617156e+00 -6.253518234293141020e+00 6.074921578591144566e+00 2.561752629541479198e+00 -3.447978676872050396e+00 -2.275634187360366933e+00 5.289301655582891115e+00 -4.053170984993652581e+00 -5.976466792661994099e+00 -6.209325811786129634e+00
0.000000000000000000e+00 7.744421976109447492e+00 -7.638831637685406406e+00 5.117617726656909838e+00 1.035010500543218193e+00 -3.100542382287193810e+00 -3.055025498010569773e+00 5.658632846486942647e+00 -6.679712274603859079e+00 -6.468980890225898506e+00 -6.850790288763221270e+00
1.000000000000000000e+00 4.904351319524563380e+00 -5.311305794854666473e+00 -2.038980711634851950e+00 -5.405049520736165292e+00 -3.568772974152053301e+00 8.749959309146337461e+00 -2.727492607427111082e-01 6.409089754663491512e+00 -1.479220297822205987e+00 3.682650972616007823e-01
0.000000000000000000e+00 7.844967127228128945e+00 -7.040652184167490724e+00 4.400401753594278986e+00 2.717687291599434563e+00 -3.077354404632458351e+00 -3.433675270504220833e+00 6.455499414451678852e+00 -7.079229954628927679e+00 -5.763967618097177059e+00 -7.422315616170214625e+00
0.000000000000000000e+00 8.124036622915165040e+00 -8.297685234914489172e+00 5.686911111250791073e+00 3.628788728969233546e+00 -3.167615464588894092e+00 -2.214376198412954633e+00 6.295834892972647090e+00 -6.979941812986873551e+00 -4.500449506595222360e+00 -7.827963431294520547e+00
0.000000000000000000e+00 8.414908243780846675e+00 -7.360952625109469238e+00 6.916429840484160430e+00 4.843824570958780384e+00 -3.219137354962473108e+00 -2.249692406869471473e+00 6.753771755070473226e+00 -5.501999734861863445e+00 -5.718294267966358646e+00 -7.704787759546452897e+00
1.000000000000000000e+00 7.492067414196585062e+00 -5.824080865973877863e+00 -1.363808029999538984e+00 -5.332191100241977288e+00 -3.755894366447865895e+00 9.986678152590062751e+00 -5.147215654383446859e-01 4.875262849072014681e+00 -4.380189571681537553e-01 4.408170403869665632e-01
0.000000000000000000e+00 7.123965907248510199e+00 -7.997765725351906774e+00 4.537641319532264461e+00 1.290776563732645377e+00 -3.688256272667302493e+00 -2.579377336812500143e+00 6.294897842905911034e+00 -6.254954697298382271e+00 -5.170041916433691931e+00 -7.244705984603823978e+00
0.000000000000000000e+00 7.855898536208662186e+00 -5.835828354410049990e+00 5.698902442396226675e+00 2.124106448034878802e+00 -2.692108677223151059e+00 -3.059321573701630381e+00 7.333574679300108201e+00 -6.419961296904718395e+00 -4.648926721840092924e+00 -5.694006624926778670e+00
0.000000000000000000e+00 7.248283984943777014e+00 -8.714916980761067578e+00 5.048959578707586715e+00 2.986322508543089338e+00 -4.149024747395963608e+00 -2.096181890555566696e+00 7.229779078802748948e+00 -6.656871039483492680e+00 -5.367131311726465626e+00 -7.331813695232104244e+00
1.000000000000000000e+00 6.686003733596107779e+00 -6.298728907639796759e+00 -2.211007357743219437e+00 -6.219394943815756527e+00 -3.950170895795355186e+00 8.776564485535189419e+00 1.596863709642243334e+00 5.421960219794165425e+00 2.154931006618471256e-02 5.132446074449821261e-01
0.000000000000000000e+00 7.549964518996290508e+00 -7.531991435974479288e+00 6.336621419808889044e+00 1.264480825198547098e+00 -3.591037410597075485e+00 -1.993870320926268258e+00 6.018862823533533302e+00 -6.582660310433539053e+00 -3.697710858135290213e+00 -7.120673399227058553e+00
0.000000000000000000e+00 7.503554029812391057e+00 -7.312694969299909253e+00 5.141857439588140899e+00 2.851795705304634776e+00 -4.132454515069868606e+00 -1.782199392375559910e+00 7.050136038826277485e+00 -5.966278237540624474e+00 -6.448806463330158500e+00 -6.422214695820356312e+00
0.000000000000000000e+00 6.860046946599926976e+00 -7.573254747512519813e+00 5.955029065936196631e+00 2.504942875324204898e+00 -2.977143591232012110e+00 -2.391743592653160722e+00 7.454454741114293626e+00 -5.468800099419502736e+00 -4.558523897132706892e+00 -6.169449643538012396e+00
1.000000000000000000e+00 6.741929978216575137e+00 -5.547297738415530866e+00 -1.542541080054288916e+00 -6.422784374023549958e+00 -3.789019188632208657e+00 9.912570813417906024e+00 4.739107038099392710e-01 5.151252200980641405e+00 -1.015254509507379055e+00 7.301955089815571620e-01
1.000000000000000000e+00 5.303644394207903900e+00 -5.863113251712078977e+00 -2.736607915398694413e+00 -5.169777893532389257e+00 -1.037326807699998632e+00 9.501884692663653098e+00 -1.137278992527753996e+00 5.614354160038914188e+00 -1.897934710800266156e-01 7.039631143977251870e-01
1.000000000000000000e+00 4.271500210407071840e+00 -6.361890661302686212e+00 -9.636095874073135059e-01 -4.796023887955904286e+00 -3.373732252348951910e+00 8.831844030038627835e+00 -1.420143192850049918e-01 4.777499296263171047e+00 1.595260859397538811e+00 1.572577632645196566e+00
1.000000000000000000e+00 5.704716723206402662e+00 -7.896607821389358683e+00 -1.056006166578820960e+00 -6.051808687531078590e+00 -3.826982985484232103e+00 9.034084490000772405e+00 -6.082511912750714345e-01 5.970403279933283791e+00 -3.925097340721773187e-01 1.199227294493735219e+00
1.000000000000000000e+00 5.155212245470785604e+00 -5.552942738512819609e+00 -1.674907744895766104e-01 -5.320821477897227147e+00 -3.600586012756630261e+00 1.029211815784814021e+01 2.068640539161256120e-01 6.364077820336287772e+00 4.241277787563051405e-01 1.566558714005724218e+00
1.000000000000000000e+00 4.634762120399281926e+00 -5.272637570995819090e+00 -1.513798328416061656e-01 -4.229097901562064443e+00 -4.204158193213748618e+00 1.072191673107495724e+01 5.029193795893417418e-01 6.823431438489891754e+00 -8.376331913724015532e-01 1.101984311656660775e+00
1.000000000000000000e+00 5.036560402813563542e+00 -4.850519421652148111e+00 -3.493055699340291032e+00 -4.626001020918447004e+00 -3.680348334487350659e+00 8.916823129655876201e+00 -3.457919249174120635e-01 5.683623983377594335e+00 -1.685883882651214360e+00 -7.251451293728161662e-02
1.000000000000000000e+00 7.160551721607077091e+00 -6.340150220519642055e+00 -1.117912618392382207e+00 -5.626879584079364172e+00 -4.315463028710830429e+00 1.001478591719600253e+01 1.133692004934510611e-01 4.391859188592484919e+00 -1.822075032251506910e+00 -8.654915474488455995e-01
1.000000000000000000e+00 7.447656927900720092e+00 -6.217900396224150583e+00 -7.744088947325930006e-01 -4.752341063605515004e+00 -2.749347460083763295e+00 9.856116517979739200e+00 -1.311161760750109984e-01 6.575392587207048223e+00 1.465881870646105201e+00 1.187566776331770768e+00
0.000000000000000000e+00 8.490994676717992462e+00 -6.922320136049494366e+00 5.454474179665041333e+00 2.890020423084815882e+00 -4.147547524727958290e+00 -2.817835253734431777e+00 6.774078010099848335e+00 -6.766035169167340158e+00 -5.433434924566457269e+00 -6.836905315207338241e+00
1.000000000000000000e+00 5.990999790057110808e+00 -5.672479867537142617e+00 -1.910678256183369061e+00 -6.372688297199692542e+00 -3.532646421430000405e+00 9.658385233403786074e+00 6.430771199282792061e-01 5.605831261071106297e+00 -1.709280901788338580e+00 1.930144550289472738e+00
0.000000000000000000e+00 6.680894213057527509e+00 -7.912287438852594335e+00 4.060861831326469940e+00 2.444123119658125454e+00 -3.776908791750787753e+00 -3.695789120473328637e+00 6.865396207313036570e+00 -6.979501013615414529e+00 -5.111883769738905237e+00 -7.280722756623422498e+00
1.000000000000000000e+00 7.673885706237278725e+00 -6.710184524945054463e+00 -3.117350400715156455e-01 -5.751836898306223134e+00 -4.054195592007009630e+00 1.115023594363628412e+01 -5.843066818322553146e-01 5.128568913054653677e+00 -6.851778683678952930e-01 -2.543268512930979552e-02
0.000000000000000000e+00 7.677302885960205714e+00 -7.185118109245297369e+00 7.274327233431383988e+00 3.190836536197473539e+00 -2.084474982858388614e+00 -3.334063137357857531e+00 7.483249913996909974e+00 -5.721121868023862689e+00 -6.342320745557077366e+00 -7.325565229343025564e+00
1.000000000000000000e+00 5.581749573323271818e+00 -7.602670842376841875e+00 -3.300467695604103469e-03 -4.607614823251884317e+00 -3.608299969390495576e+00 8.347551086313410806e+00 -5.023853266098705639e-01 5.220975691269449825e+00 1.597390447155472293e-01 5.312876942726665330e-01
1.000000000000000000e+00 6.297921769664845293e+00 -7.084642598014981196e+00 -1.564343126389051708e-01 -6.555430264127963369e+00 -5.160069015770581302e+00 1.006371391454080921e+01 -9.219882880161045513e-01 3.442797117484230895e+00 4.951794587390545566e-02 -1.302639963786151434e+00
1.000000000000000000e+00 7.415701781678311733e+00 -7.091159752096277913e+00 3.475787517296866636e-01 -4.513829628055274767e+00 -3.233348019209929536e+00 9.789506957820460542e+00 -5.414466991968707177e-01 4.522596221090836366e+00 -9.822979177833467412e-01 2.159107409471069161e+00
0.000000000000000000e+00 6.988770448899447096e+00 -6.760998886047081768e+00 4.097568850399795792e+00 1.584266675825408921e+00 -3.950565707041901131e+00 -2.426373266145850138e+00 5.366092124930647245e+00 -6.568924889239822207e+00 -3.848890430542297736e+00 -5.513254785768879174e+00
0.000000000000000000e+00 7.331902974423606167e+00 -6.834847168953775309e+00 5.547876858891946483e+00 4.229159214663915201e+00 -3.171014152972273070e+00 -1.366563823863186755e+00 7.113395043055705358e+00 -6.763454482112678967e+00 -5.364114088555711035e+00 -6.411015535578148850e+00
1.000000000000000000e+00 6.908823849539178497e+00 -5.755303619022485329e+00 -2.455025348889970926e-01 -6.327666530647127807e+00 -2.672957301868963853e+00 9.397748047133504201e+00 1.168199575874176110e+00 6.618919080893494566e+00 -7.147879520860520586e-01 1.240485387192823197e+00
1.000000000000000000e+00 5.422498225227439406e+00 -7.409722147880312804e+00 5.228903786836081036e-01 -6.836489805165347988e+00 -5.631463507159486070e+00 1.019413516408334353e+01 5.723514508419426106e-01 4.847202544641162625e+00 5.706098875263726500e-01 3.034529143137725704e+00
0.000000000000000000e+00 8.209854947724055663e+00 -7.711255137982400143e+00 5.206207843267056212e+00 3.571688503378055213e+00 -4.557641251518321113e+00 -3.386506698158652462e+00 7.476326599802722406e+00 -6.952618714670006028e+00 -4.155322670252654227e+00 -8.072370556466948344e+00
0.000000000000000000e+00 6.211471670549898683e+00 -6.834619235331548026e+00 7.743891031478463027e+00 3.795518955563255137e+00 -3.211095108678551302e+00 -3.611295612033673663e+00 7.314498700381408369e+00 -7.108078185848156316e+00 -6.492777168044634450e+00 -6.284880806312665769e+00
1.000000000000000000e+00 5.261204741478708868e+00 -7.473189092861754368e+00 -5.535634122960495507e-01 -4.660095192037544187e+00 -3.812392196873862549e+00 1.053001508273253251e+01 4.358757203763937715e-01 5.921194259116490777e+00 -8.967503861978251001e-01 -6.848687231071699522e-01
1.000000000000000000e+00 5.962677932235711964e+00 -6.504746332725254376e+00 -2.994070871407493728e-01 -5.355029911993602454e+00 -4.312091725533586661e+00 9.158453978389209382e+00 5.983754551593654103e-01 5.232464204149891884e+00 -1.570076305662964078e+00 -8.850848669884774367e-01
0.000000000000000000e+00 6.814852246158672244e+00 -6.972511945420317048e+00 3.768326977379787834e+00 1.756858870808473583e+00 -2.076803798419201819e+00 -2.806475851707217029e+00 7.016745352072793374e+00 -6.552021798021524290e+00 -6.511880243626690046e+00 -7.676799476763132901e+00
1.000000000000000000e+00 6.587275510089853015e+00 -6.432824867956197679e+00 -1.356436101368887481e+00 -6.190603062763830877e+00 -4.040615242887328762e+00 9.327058235729774438e+00 1.045754850023223881e-01 5.735069688924170350e+00 -1.113929463157555810e-01 5.654834607781676903e-01
1.000000000000000000e+00 7.646781715829105153e+00 -5.236555399528809218e+00 -5.459334031227602857e-01 -7.782631421743154476e+00 -2.915270312369651506e+00 1.043544403740245485e+01 3.530084077934220188e-02 3.969602847211256336e+00 -1.295954471113170969e+00 -4.309961064039583567e-01
0.000000000000000000e+00 6.896190229731263166e+00 -8.270157721104022031e+00 5.122813040471438484e+00 2.759174182898777250e+00 -3.870196903771446095e+00 -1.091827704070577942e+00 7.917794902980317850e+00 -6.345395129268278644e+00 -5.980901599124253565e+00 -7.017916026401077367e+00
0.000000000000000000e+00 8.032947923060067552e+00 -8.379319821550144098e+00 5.269268602330043905e+00 2.912646221070998465e+00 -3.319697254392826036e+00 -1.224218187890084630e+00 6.684672976234502073e+00 -7.281333179969051272e+00 -6.888668656603158524e+00 -7.441777348468952447e+00
1.000000000000000000e+00 4.604276022894784326e+00 -6.843050929923260917e+00 -1.790619026036209593e+00 -5.759340675338921578e+00 -5.305905699909523321e+00 9.887951863384072837e+00 -1.413410383121268099e+00 3.081018682060152614e+00 -3.973347255434596104e-01 6.434925172712202546e-02
1.000000000000000000e+00 6.128365431929159612e+00 -5.178878896333554138e+00 -3.192591149750489521e+00 -6.712524761588506195e+00 -4.424556763359605682e+00 1.009990585016174514e+01 2.917809471270110810e-01 4.250744244153856322e+00 -8.911153147354751169e-01 9.708597768645039761e-01
0.000000000000000000e+00 6.656110599170260045e+00 -7.368531181591133183e+00 5.374430439621310285e+00 3.719343109078540710e+00 -3.302041142764716497e+00 -1.635392737473697178e+00 6.391830574366775153e+00 -7.301239681101587387e+00 -6.048671735665070770e+00 -7.350734123200804326e+00
1.000000000000000000e+00 5.182658352755619369e+00 -6.563472298478977507e+00 -1.157287412889105305e+00 -4.366426197367317741e+00 -3.150853954997890227e+00 9.209328887380042516e+00 -3.161619128123472899e-01 4.845342248015366948e+00 -2.473023710661912400e+00 1.059623113227848190e+00
0.000000000000000000e+00 8.513510250001447233e+00 -6.731370828788766580e+00 2.802841009106030956e+00 2.818570868576840915e+00 -3.337268841652859308e+00 -2.640251389208715604e+00 6.303847356848663708e+00 -5.971238360262355549e+00 -6.684965269782525255e+00 -7.426999679220121386e+00
1.000000000000000000e+00 5.024320931672124679e+00 -7.972392552738694960e+00 -4.830226736343771199e-01 -5.647685587234274607e+00 -4.629029573511063589e+00 1.155088465960812627e+01 -7.390482944552887457e-01 6.434810960379497402e+00 -1.266941927383029021e-01 1.359711559247796853e+00
0.000000000000000000e+00 8.993039964246818840e+00 -8.885262138924382214e+00 4.334079189521995445e+00 2.316527167568446011e+00 -3.384043353743069638e+00 -2.500473370304540310e+00 6.551438074374123843e+00 -6.769793253093112639e+00 -6.926343437221865074e+00 -7.391021823500953047e+00
0.000000000000000000e+00 7.528982061159291028e+00 -6.579390910338235088e+00 6.543441461408240123e+00 3.458121587465420088e+00 -3.895325162930616703e+00 -2.455456262385227184e+00 7.090295301852910015e+00 -7.585577293491863493e+00 -6.133073689886929358e+00 -6.108668153044727767e+00
0.000000000000000000e+00 6.899517976299034849e+00 -7.865334742034733928e+00 4.541850358924350850e+00 2.715966375533832800e+00 -3.425626394312200063e+00 -1.759872497969640293e+00 5.325510624156125417e+00 -7.324693002385048501e+00 -4.686673422202300543e+00 -7.579677880792630162e+00
0.000000000000000000e+00 9.037211516619539253e+00 -8.201249762539712052e+00 4.459240454873715009e+00 4.080016547710233255e+00 -3.001692222659310794e+00 -3.271656437230841874e+00 6.318636012503611177e+00 -5.879780481037965245e+00 -8.127133016867015058e+00 -5.959460119571253323e+00
1.000000000000000000e+00 5.591721130735225920e+00 -6.686013922296259793e+00 -8.525395604657228787e-01 -6.019031207660635374e+00 -4.012693853185978377e+00 1.006911945473451730e+01 -1.077087558735260853e+00 5.733532720280033246e+00 5.434788131380324794e-01 -1.877071970351941177e-01
0.000000000000000000e+00 7.382221682186982825e+00 -7.657423024140741497e+00 5.753014834213583839e+00 3.381424526960306043e+00 -3.176389135632021965e+00 -2.855134578579380022e+00 6.482741749828284661e+00 -7.249883292026801485e+00 -6.169927753024053274e+00 -6.112955876684027956e+00
0.000000000000000000e+00 7.099348654516593804e+00 -7.389565642447148086e+00 5.166466445497311710e+00 1.224420038780379860e+00 -4.419114283553938982e+00 -2.884509250949629511e+00 5.316287776657182107e+00 -6.940332893423265759e+00 -2.570649490321235575e+00 -6.864906952369131510e+00
0.000000000000000000e+00 6.714683395525490539e+00 -7.680732150021849947e+00 5.658726652376263822e+00 2.495544530935370542e+00 -3.115378531676365803e+00 -1.296268176429178132e+00 7.548451369221909957e+00 -7.428603533552839089e+00 -6.189361798915228974e+00 -7.566775578334267394e+00
1.000000000000000000e+00 5.101480275103066120e+00 -5.965392851007414343e+00 -1.697284230059727062e+00 -5.585307016735435504e+00 -1.878876917268364366e+00 8.990133599980905998e+00 1.403543010267433111e+00 6.864134596162778656e+00 4.571761189118274116e-01 7.016808158286501618e-01
1.000000000000000000e+00 5.098227486649164142e+00 -7.386310091720044824e+00 -1.557164568922198011e+00 -3.755997548500802807e+00 -4.650140603315778165e+00 9.624214645594593165e+00 5.014049979218563324e-01 3.009244667265789541e+00 2.713764948255190657e-01 2.374921617173000765e+00
1.000000000000000000e+00 5.644620130495961341e+00 -7.225843827156634092e+00 -6.357467552614712858e-01 -4.904684224367652057e+00 -3.955236985924358351e+00 9.132546323842948510e+00 -1.855594768536901418e+00 3.210469581842307907e+00 -1.644519880602267059e-01 -8.012238119196435360e-03
1.000000000000000000e+00 6.839725368503321690e+00 -5.662717589989489042e+00 -7.680124919261047678e-01 -5.141298409983589224e+00 -4.132510843110412502e+00 7.850798994321456448e+00 -6.598475060794291025e-01 5.153453202912279707e+00 1.033933367136487425e+00 1.118217318247199943e-01
1.000000000000000000e+00 5.485837275467601692e+00 -4.540116211115065248e+00 -1.716055151006627533e+00 -5.292821730504319255e+00 -3.659907852923507843e+00 9.740450412373883537e+00 -6.108848585710251466e-01 4.591195112701952574e+00 -5.340120137237728271e-01 -7.772025491304845879e-02
0.000000000000000000e+00 6.809253973225461110e+00 -8.018140416710316742e+00 5.744276668637415817e+00 1.352233345443507373e+00 -3.326597641709204023e+00 -2.500801185366069213e+00 5.701707006129598909e+00 -6.913887097290189132e+00 -5.076329774383075311e+00 -6.637320622861769159e+00
1.000000000000000000e+00 4.885231221257443579e+00 -6.760499010278568477e+00 8.891902709621661849e-01 -5.689362240786804747e+00 -3.893793755075537710e+00 9.179449901832867909e+00 1.904834485268985800e-03 4.971638045134501027e+00 -1.485503039919586488e-01 -2.030131707885595160e-01
0.000000000000000000e+00 9.184179584323947765e+00 -8.006979325368366318e+00 5.075716569410884560e+00 2.497371527202369990e+00 -1.816350535639116082e+00 -1.876032804474042415e+00 6.297361691703398989e+00 -6.067528559866032900e+00 -5.139167900069986139e+00 -7.009180005171272043e+00
1.000000000000000000e+00 6.167683723611933289e+00 -6.014210174973987577e+00 -7.375608381806147973e-01 -6.252439184062539290e+00 -3.343819626102725540e+00 8.913097913216949664e+00 5.619330675548070975e-01 4.887618512075053268e+00 1.606227691646755495e-03 1.003495347908990976e+00
0.000000000000000000e+00 7.424353313096419882e+00 -6.598885604831572493e+00 5.949259986925899746e+00 2.650318488428734742e+00 -4.045855977317368790e+00 -1.863902818358176061e+00 4.707802593401098967e+00 -6.719759065638168494e+00 -5.421341088628730986e+00 -7.000179338105025906e+00
0.000000000000000000e+00 8.520303940341568349e+00 -7.107189043139086060e+00 5.230556063061042593e+00 8.054173149250689612e-01 -3.281113684388733631e+00 -2.649828865198847971e+00 6.517916548453847270e+00 -5.798369079078792510e+00 -5.056063271292414285e+00 -5.840308674825610780e+00
1.000000000000000000e+00 6.203245825997982799e+00 -6.507516009479177299e+00 -1.161253350597706735e+00 -3.807197936906737912e+00 -4.559614527485864599e+00 8.931317199541657814e+00 -1.595191764651908040e+00 3.920261537463335610e+00 -1.275517188175479433e+00 -1.979033669779126647e-01
0.000000000000000000e+00 8.388173956224607153e+00 -6.179990664664837041e+00 5.613669422760570349e+00 1.473865019269853693e+00 -3.563026047231711679e+00 -2.259015707842942700e+00 6.507718038161834251e+00 -5.365635915911445508e+00 -4.637845757632996779e+00 -6.237979474957699111e+00
1.000000000000000000e+00 5.851879498599235063e+00 -6.197308179063577782e+00 8.129060751370442706e-01 -6.990257080439652881e+00 -1.723621593193547685e+00 8.486477855858725050e+00 -1.561792949777211170e+00 6.211073945540511509e+00 -1.251173914140616183e+00 -7.189169321209218921e-01
0.000000000000000000e+00 7.696246460075619744e+00 -7.442645314453832484e+00 4.256653399043037744e+00 3.467708508557582725e+00 -3.800908103805763272e+00 -1.194207232991029155e+00 6.859324901492460214e+00 -7.258523833862453145e+00 -6.093294271404768203e+00 -5.974679423913887177e+00
1.000000000000000000e+00 6.005749904668279626e+00 -5.580310998407026268e+00 -1.040542944800209035e+00 -5.496763425145918092e+00 -5.409107262446170239e+00 8.972322743573062809e+00 -6.043835387204848919e-03 7.081455322982373346e+00 -3.077328165460556653e-01 -1.475164789191747428e-01
