0.000000000000000000e+00 1.640042550885957962e+00 -6.392129246205895399e+00 -5.874083075353376593e+00 5.765650218770108637e+00 9.863151953183296072e+00 -9.650693990950523826e+00 6.122752246838198076e+00 4.391443459462726295e+00 5.981431413022569643e+00 -4.224967657326789805e+00
1.000000000000000000e+00 1.759293956529335512e+00 -4.509349972129153450e+00 7.639278992022056514e+00 9.429342732287000928e+00 8.602570330225610462e+00 -7.416346457951519255e+00 9.180938069814844837e+00 -1.001881762518386765e+01 9.648820442200600311e+00 3.984673964382112743e+00
1.000000000000000000e+00 1.461210196433408992e+00 -5.424470659911383663e+00 8.169440244684889052e+00 8.152791374394613655e+00 9.804749753262310463e+00 -5.918623621607452812e+00 1.025289688067787885e+01 -8.464033889862612625e+00 9.424913740971401666e+00 3.842848916350662059e+00
1.000000000000000000e+00 1.035106483595253923e+00 -4.834814763491986689e+00 7.835340472211974827e+00 8.528958988868215130e+00 9.770156750827862169e+00 -8.353071573898837698e+00 8.915522876174712508e+00 -8.833080326119688408e+00 8.104900328197404136e+00 4.466137795156855717e+00
0.000000000000000000e+00 -1.267721990981645064e-01 -5.477344505902394189e+00 -6.153042490455057134e+00 6.095473949943326808e+00 7.684520571278574685e+00 -8.846928768545584632e+00 7.260716643470858322e+00 2.897537291531619097e+00 7.445889200821923737e+00 -4.022122276150676079e+00
0.000000000000000000e+00 -1.110285400033301340e+00 -4.815164600114859361e+00 -4.247362252833999818e+00 4.215598162769198964e+00 8.055088113524922377e+00 -9.697223495456054110e+00 6.299887535315166431e+00 4.306387439280536356e+00 7.766508925969504595e+00 -5.617240452380128701e+00
0.000000000000000000e+00 7.443128840434498628e-01 -4.757061608095708216e+00 -5.422324927867725464e+00 5.788156162179977748e+00 8.212151814324169408e+00 -8.158541785136428359e+00 7.246358312719445749e+00 1.932417981301614684e+00 7.610784625897165867e+00 -3.978779059068417112e+00
0.000000000000000000e+00 1.110338042480539245e-01 -4.422401329679457760e+00 -4.777648888516075054e+00 5.673906740796390125e+00 7.891932868982053151e+00 -8.221175076467210019e+00 5.526186715671011385e+00 3.018471424653492274e+00 9.016958820314771472e+00 -6.010451665470907479e+00
0.000000000000000000e+00 2.754678068971294636e-01 -4.492545256901067319e+00 -4.981582114359788704e+00 3.664043018282701070e+00 6.953208753307490220e+00 -1.037754779971594488e+01 6.989297336410587924e+00 3.300051095546099322e+00 7.951629456110954841e+00 -4.163213588887219707e+00
0.000000000000000000e+00 -9.496412695923273084e-01 -5.563991037135015638e+00 -4.199897108034270410e+00 3.791991073304951332e+00 8.053440930249575302e+00 -8.659277499167304271e+00 6.734364259870512015e+00 3.027854986551891336e+00 7.278907187128238476e+00 -6.566131207929384317e+00
1.000000000000000000e+00 2.827077099169995611e-01 -5.216752489929642245e+00 8.763547230667976251e+00 7.828111406306055287e+00 1.089889706850774509e+01 -7.397599726916085139e+00 9.099958604393057371e+00 -9.318747196442547676e+00 8.197408986335814163e+00 4.024350669622933196e+00
0.000000000000000000e+00 8.534165209106435723e-01 -6.156224579562373123e+00 -5.316618873369170828e+00 4.569072110275117282e+00 8.487571448959128517e+00 -8.343884642653200956e+00 7.183121089422789041e+00 2.459273709405094266e+00 8.337868180698283282e+00 -4.836627009019179191e+00
1.000000000000000000e+00 -6.306182617518192313e-01 -5.112494177744007828e+00 9.183947108485851274e+00 7.775856407304791773e+00 1.015713035121906316e+01 -7.006141318589405920e+00 8.196410340501982361e+00 -1.105205649312903304e+01 9.931554436019284893e+00 3.933286170162434647e+00
0.000000000000000000e+00 3.074157047623926609e-03 -4.570358029550442680e+00 -4.994481167041635139e+00 7.648054627762805424e+00 9.472071566060046521e+00 -9.663419870607564022e+00 6.302619330723137736e+00 4.313914820383774718e+00 6.201970776048135292e+00 -7.033523983462123041e+00
0.000000000000000000e+00 7.007119054218389209e-01 -6.057297218409687822e+00 -4.278301099612370706e+00 2.835928784397702351e+00 1.004725883564243816e+01 -9.270814172071167647e+00 8.768960378138974221e+00 3.476567613462945072e+00 6.583519182970690053e+00 -3.712872356646921279e+00
1.000000000000000000e+00 1.113000457745088045e-01 -5.426295463123119944e+00 1.011209217547374450e+01 8.591627213915499439e+00 1.076356564027022955e+01 -7.141816224160866255e+00 9.199087752426386544e+00 -8.734911020447190921e+00 9.857327114076728236e+00 4.774162085427292368e+00
1.000000000000000000e+00 3.752560555663921327e-01 -6.181183444721650488e+00 7.551512057579721215e+00 8.578698350962801200e+00 9.780878231575572457e+00 -6.997328408920759024e+00 1.003511211257650615e+01 -8.322202478891346900e+00 9.779056473623342072e+00 3.342875513994328251e+00
1.000000000000000000e+00 1.306500931715889546e+00 -6.065496071135349609e+00 8.013828016954953171e+00 8.228166542210050949e+00 8.363078886280689517e+00 -7.892271093602246879e+00 9.641796674815305224e+00 -8.580082423064048669e+00 8.427218780088749028e+00 4.927836213545892186e+00
0.000000000000000000e+00 1.342907205589332076e+00 -5.300032336327864968e+00 -5.792912453895350033e+00 5.586559914839443586e+00 7.416784895997098559e+00 -8.477027910070034977e+00 5.397437886306012622e+00 3.653132517638617127e+00 6.677216541869702482e+00 -4.956179760564253911e+00
1.000000000000000000e+00 2.723688498597084950e-01 -4.058161823742985064e+00 5.988185245941027190e+00 8.323727186343997886e+00 1.055748874255468728e+01 -7.463740749202143476e+00 1.038270559596833920e+01 -9.076280194787646138e+00 9.809169401797923626e+00 3.798540484541449658e+00
1.000000000000000000e+00 6.512555079991700913e-01 -5.578016041989138252e+00 6.890537463531280160e+00 9.579419466585250120e+00 9.510737807389958220e+00 -6.735819985400556931e+00 1.036657598311164108e+01 -9.635849021278403370e+00 7.994414846133618191e+00 3.930873793382221759e+00
0.000000000000000000e+00 1.278917680282509073e+00 -5.831833481911426809e+00 -5.202082599344490355e+00 4.505981888197778673e+00 8.399462850144873372e+00 -9.924334578596617717e+00 6.985577313149412326e+00 4.590856257185595979e+00 7.420432349302254593e+00 -3.996564901194675112e+00
0.000000000000000000e+00 1.080904526728248882e+00 -4.670761811574132061e+00 -4.397812693549567165e+00 4.152479514749847667e+00 8.269390043039686944e+00 -9.659046114881096656e+00 7.781620534492087238e+00 2.112778290594275354e+00 8.007613175491295365e+00 -5.208802536073032563e+00
0.000000000000000000e+00 -7.094694307426330226e-01 -5.791714861176918916e+00 -4.565579605215591030e+00 4.633657630892836998e+00 7.585006294363885182e+00 -9.043034539696646945e+00 6.571695991969197514e+00 3.834123317145355703e+00 7.152166351054730420e+00 -5.178279275084811673e+00
0.000000000000000000e+00 2.167739796203123070e+00 -5.138883219239066769e+00 -4.483560451391934265e+00 5.439900085951623332e+00 9.263943844434384900e+00 -8.260732009741282411e+00 6.960292090262453435e+00 4.576996827315248595e+00 8.297018119354811816e+00 -4.724518828057213682e+00
0.000000000000000000e+00 1.639943038357035476e+00 -3.781473965672662807e+00 -5.245855693864227121e+00 4.818666691796452461e+00 8.075879814109843124e+00 -7.676344049630792199e+00 7.072182525041277756e+00 3.267540669070699622e+00 7.768854670309665700e+00 -4.765350964697642411e+00
1.000000000000000000e+00 1.059159434740829298e+00 -4.915112478101537619e+00 7.249460518412806920e+00 7.505596270965050998e+00 9.474100719275405424e+00 -7.634277720698466219e+00 9.080330019806078568e+00 -9.698341369305691018e+00 9.688053450794058108e+00 3.169239791175415100e+00
0.000000000000000000e+00 -6.558338796429186157e-02 -4.958433241967461491e+00 -5.822974951121714149e+00 4.880140658724902991e+00 8.060287039161927680e+00 -8.996452357404837841e+00 8.126913466627632587e+00 3.151564055416486543e+00 9.287088735071147738e+00 -4.878560142143582468e+00
1.000000000000000000e+00 1.517000118954477506e+00 -4.764615210502276987e+00 7.785795963465606206e+00 8.952657038666691491e+00 9.160534824106136398e+00 -8.020342728856995507e+00 8.743465950665420650e+00 -9.996515335727599094e+00 9.038601322586236719e+00 2.877380013596439134e+00
1.000000000000000000e+00 -2.090052802895842721e+00 -6.391198031842577620e+00 9.911515734915131048e+00 8.597003688886626804e+00 8.652063000338285903e+00 -7.940037099344266380e+00 8.826334930252139443e+00 -9.464810543738661153e+00 9.752079628756570528e+00 3.680977445304441265e+00
1.000000000000000000e+00 1.146255112414956479e+00 -5.180160602654153124e+00 9.834656907356968958e+00 7.936009023684464481e+00 1.009857612195192011e+01 -6.551651486470296604e+00 8.704800381227272510e+00 -9.600221614567287176e+00 9.669395368039026550e+00 5.003809780723790013e+00
1.000000000000000000e+00 -1.935859970003522834e-01 -4.974776340148995502e+00 8.126772494360217536e+00 8.177712353256545441e+00 8.447722101244183435e+00 -8.787206577527431506e+00 9.654504895739568937e+00 -8.534173637600902751e+00 8.702544051062655939e+00 6.038168193550530916e+00
1.000000000000000000e+00 4.646297929606212351e-01 -4.456807565931990567e+00 7.646732930425664598e+00 8.987037206227091346e+00 1.111484663404049300e+01 -6.190239147125281782e+00 9.233775194068865488e+00 -7.914609853655231397e+00 9.434456750641931677e+00 5.378201003071990449e+00
0.000000000000000000e+00 1.462381716189133485e+00 -5.440067011561055210e+00 -4.294171914362199693e+00 5.266126995150671952e+00 7.619219784041653121e+00 -9.106346995049408477e+00 4.802634337955712596e+00 3.171214266470449239e+00 8.021969495861712929e+00 -4.422320987736790165e+00
0.000000000000000000e+00 -9.609216740330186468e-01 -5.867532039988488712e+00 -5.475379320579675024e+00 6.754323533166187943e+00 8.756501963950725553e+00 -9.053122395042406012e+00 7.238740366227928824e+00 2.944258723899249031e+00 6.977825896226101499e+00 -1.745436289044274059e+00
0.000000000000000000e+00 7.463106571273497858e-02 -4.722802622336234712e+00 -4.626904876124314114e+00 5.167649484162370577e+00 8.697922380788412511e+00 -9.197081231744141050e+00 5.543127379245007980e+00 2.831989448405670462e+00 8.217596550521237830e+00 -4.327068598954429746e+00
0.000000000000000000e+00 -5.632220419666071898e-01 -2.827769589132056449e+00 -6.080446427649637720e+00 5.714803050545183005e+00 9.155870146193336723e+00 -8.134533140514372818e+00 7.243373683549556574e+00 3.416058676046446418e+00 7.848628862150956564e+00 -5.871396717632207718e+00
1.000000000000000000e+00 1.976931211182681114e+00 -5.487167911218537419e+00 5.878857386272001939e+00 8.198313398616065228e+00 9.680030360041390836e+00 -8.233263680056786882e+00 8.488402569809300857e+00 -8.340612645731466657e+00 9.251435929736128827e+00 3.993200000530018112e+00
1.000000000000000000e+00 7.988157860354416773e-01 -4.832979215129403983e+00 7.279796134643076400e+00 7.629246178896536890e+00 9.191009770166273185e+00 -7.465197521077871379e+00 9.227392530162042306e+00 -8.961947259567713431e+00 8.578915844702791560e+00 3.044972190282871249e+00
0.000000000000000000e+00 1.174715289183018152e-01 -6.202463466535357739e+00 -5.133158482836535974e+00 5.699531519943896285e+00 8.398025287715245923e+00 -7.326076650599604001e+00 7.326959851613218611e+00 3.944707112591481657e+00 9.311195412770501889e+00 -5.591994447686254865e+00
0.000000000000000000e+00 -2.343177777966821695e-01 -5.348010657965957648e+00 -5.581948630840873449e+00 4.776376171783346614e+00 8.569151395081060940e+00 -6.987275760626923571e+00 6.530520023062953427e+00 2.690023676083094895e+00 9.516253038144046883e+00 -5.599634750237476588e+00
0.000000000000000000e+00 7.747796884312574406e-02 -4.910959947579089047e+00 -4.810237092541303383e+00 4.035600098485415010e+00 9.461728441786679156e+00 -9.552442475164637514e+00 6.085618171368680329e+00 3.757578569993102136e+00 7.378787126347532421e+00 -4.834982306560124954e+00
1.000000000000000000e+00 -1.612959924965116976e+00 -5.368769591307473554e+00 9.173870649964854351e+00 8.959253358378481025e+00 9.386571963752906811e+00 -7.821040904731712651e+00 8.749110763138025604e+00 -8.498643312376820802e+00 9.897316937229877709e+00 3.634412719001987924e+00
1.000000000000000000e+00 -8.479332178925491625e-02 -3.568561258330010588e+00 8.017244356860718568e+00 8.613426875525995285e+00 9.947025638174233464e+00 -4.972781348210546071e+00 8.458989877697092652e+00 -1.102325487015396632e+01 9.684906078194117640e+00 5.017745404240268492e+00
1.000000000000000000e+00 1.541773183728110563e+00 -4.858199557654803158e+00 7.384815471139720700e+00 8.294303916626473594e+00 1.005406442293882741e+01 -8.199071191439031736e+00 9.844153859443435906e+00 -8.975496917748685632e+00 7.624236319865618228e+00 4.299138852166506375e+00
1.000000000000000000e+00 2.717111783573270545e-01 -4.954949721119821682e+00 8.768054437676878976e+00 8.663039124695755433e+00 1.004934350921857522e+01 -7.089336431809362793e+00 9.655388286847919943e+00 -7.629706165818223695e+00 8.033443372491417378e+00 5.099858481795321197e+00
0.000000000000000000e+00 1.245780981205913962e+00 -4.445393683530113549e+00 -5.540617333142900058e+00 4.795227825870650662e+00 9.618116426368857219e+00 -9.787349001292099615e+00 6.032020166688676355e+00 3.259623536987843462e+00 9.864695270769892943e+00 -3.396352363985523315e+00
0.000000000000000000e+00 6.814407909996916812e-02 -3.473546384616519767e+00 -4.450867472723087914e+00 5.603132466592158245e+00 8.523302842907538590e+00 -8.866558161999265053e+00 5.913401934757245293e+00 2.155511792539393401e+00 8.632764641295571195e+00 -4.608437935505712346e+00
1.000000000000000000e+00 1.876326077370152223e+00 -4.401054696264069754e+00 8.527281178775085735e+00 7.506353161029190701e+00 9.514396367803231058e+00 -6.321305372132536071e+00 1.047900377055296239e+01 -8.477430253037301355e+00 9.557997443581298214e+00 3.590303995813417082e+00
1.000000000000000000e+00 -1.282610303017877484e+00 -6.477217086093654430e+00 7.542206123585816435e+00 6.974874467949113921e+00 9.585149717815474091e+00 -8.316091896197342237e+00 9.055303842537803405e+00 -8.838139106509055765e+00 9.726476963596869751e+00 4.933275647393251084e+00
0.000000000000000000e+00 -4.984125418451779144e-01 -6.906065910732174018e+00 -4.695065919154160383e+00 3.584005262049341667e+00 8.644092001318719909e+00 -8.950772418604962866e+00 5.941758469968977607e+00 4.455615398059751264e+00 7.617641401573608029e+00 -3.296591521394805824e+00
1.000000000000000000e+00 -4.607000549077737706e-01 -4.361733160162732936e+00 9.286243795411847302e+00 8.474581791788779128e+00 1.023023889048188018e+01 -6.142117414833595745e+00 1.026512244181561329e+01 -9.298007877189357728e+00 9.476953221604661692e+00 4.846247618630998844e+00
0.000000000000000000e+00 3.481444456591051839e-01 -4.835261302430187591e+00 -4.906762053572187199e+00 6.166749038269338179e+00 9.348208237350760896e+00 -6.441476994503481102e+00 6.872817025048184369e+00 3.359199872802869358e+00 7.448120710910599129e+00 -4.485729408607773472e+00
1.000000000000000000e+00 6.869507054074225350e-01 -4.990243401036625670e+00 9.552820797329857783e+00 7.935750979840922703e+00 9.788474193217927777e+00 -7.238453926780868741e+00 7.050539787511038270e+00 -8.215489851290959322e+00 9.135635607150788928e+00 4.458655848236367625e+00
0.000000000000000000e+00 -4.960824696436028081e-02 -5.138474992491375737e+00 -5.990185830412050549e+00 6.678149955862421550e+00 9.078441606021176113e+00 -7.068102486603089929e+00 6.668289200944498063e+00 4.146526359878911272e+00 5.481502477194434064e+00 -4.940708139167252710e+00
1.000000000000000000e+00 2.893581132458986183e+00 -5.878107860737926238e+00 9.038555475681397056e+00 7.335059760045162136e+00 7.978295231528849563e+00 -9.524537341652997924e+00 8.006684001227414527e+00 -9.034967926092582147e+00 9.157564903137982881e+00 5.400733577972759214e+00
0.000000000000000000e+00 1.380287313441038499e+00 -4.423695566683040425e+00 -5.823001430301233405e+00 6.331574893299740658e+00 8.988946524186214759e+00 -9.778050585424777452e+00 6.907959249660028611e+00 4.167163313346124554e+00 5.512249226443762140e+00 -5.201853682832134673e+00
1.000000000000000000e+00 1.597736406446862434e+00 -5.043466053453756537e+00 8.758283248840333712e+00 8.786471980069386234e+00 1.051731349193366150e+01 -6.953355216971145225e+00 8.098672042226990442e+00 -9.633356462068338288e+00 8.212269869780277176e+00 4.342581212814708103e+00
1.000000000000000000e+00 1.435291727876463419e+00 -4.054883690383997319e+00 7.475423983035415887e+00 7.097786844723841249e+00 9.673686858253454091e+00 -7.923617186681998881e+00 8.556746058132706167e+00 -1.066959228987604291e+01 9.780300482340425816e+00 6.101153583861664842e+00
0.000000000000000000e+00 3.658513941521275292e-01 -6.003128549708047323e+00 -5.386980859260225074e+00 5.496146386659615857e+00 7.179631974502103553e+00 -9.364431592510916502e+00 8.048121198585363345e+00 1.962396663291473331e+00 8.327463935644612292e+00 -3.551875251189025473e+00
0.000000000000000000e+00 -8.428875436809994959e-01 -4.347819101056626501e+00 -6.885440842446024945e+00 3.721700282780961100e+00 8.358676058717637858e+00 -9.201897669737371999e+00 7.801946940007363551e+00 2.333401839378295151e+00 7.359461518753256826e+00 -6.491329792229582729e+00
1.000000000000000000e+00 4.723029351501648598e-01 -6.307043512758483850e+00 8.452414159251130599e+00 9.070209948914088827e+00 9.607962546263483006e+00 -9.006613692851916042e+00 8.053265120655700215e+00 -9.732305288447191671e+00 9.548642365248491970e+00 3.722008042164049346e+00
1.000000000000000000e+00 -9.552318332953728675e-01 -4.934953978176887190e+00 8.082244797618070464e+00 9.117033168396858400e+00 1.019760398726851136e+01 -8.992412061811045021e+00 9.282122908325472821e+00 -8.047426300504113783e+00 9.059590983404174125e+00 5.539889619544179133e+00
0.000000000000000000e+00 -4.011820175696383384e-01 -4.026295621690612947e+00 -5.596845234274299585e+00 6.630803986605885214e+00 8.578838872013655248e+00 -8.041384505692342088e+00 5.870819369988129033e+00 2.585620983864536093e+00 8.807587393569708212e+00 -4.594305546252095418e+00
1.000000000000000000e+00 7.041337409559047522e-01 -4.744013016600518995e+00 9.360505170685161858e+00 7.988943450311953853e+00 1.010203897586875144e+01 -7.408942889585070191e+00 8.841587124022712629e+00 -9.323584125510381071e+00 8.976735183303118149e+00 4.636101083452512484e+00
1.000000000000000000e+00 1.815905900415069274e+00 -5.407477539628849250e+00 9.025515879338467329e+00 8.705170750369262578e+00 9.443141808358817002e+00 -7.472661656305393585e+00 9.633195962173596527e+00 -7.955606716771801423e+00 7.807500759674557145e+00 4.670256158612473563e+00
1.000000000000000000e+00 -1.944208701447740495e-01 -4.996606521754592301e+00 8.113977910142498473e+00 9.081578047044981616e+00 8.550548720442211703e+00 -7.439430182961150884e+00 1.004464431981359240e+01 -9.232625401382763997e+00 8.603273231836755741e+00 3.977596793662609986e+00
0.000000000000000000e+00 -4.399258628626017131e-01 -6.763045002542868112e+00 -3.876086483121922832e+00 4.827472700057776400e+00 8.987858287901836718e+00 -9.390434398856339016e+00 4.689518600553663319e+00 4.110244695589888586e+00 6.990108748976767927e+00 -5.018114239407219124e+00
1.000000000000000000e+00 5.996436349584074454e-01 -5.906777159117245546e+00 8.264954281715514384e+00 8.032702520434845894e+00 9.184575514234623483e+00 -7.846628627348191110e+00 8.667970190621868909e+00 -1.009627179015646981e+01 8.196084882967261009e+00 4.884213632915027858e+00
0.000000000000000000e+00 4.119025723849050746e-01 -5.795710855689274688e+00 -4.552913722453801881e+00 5.747038878258216243e+00 9.010259073680348507e+00 -9.655988046758476884e+00 6.809328752325775724e+00 3.423064000751403491e+00 7.236159537277004894e+00 -6.932977272200696817e+00
1.000000000000000000e+00 5.305061657992055091e-01 -4.228113157745802653e+00 6.141211595219893127e+00 8.675049755253537498e+00 9.614929839331345818e+00 -9.072399394907453285e+00 8.365306934867826172e+00 -8.817115564195317390e+00 9.073047421856239581e+00 6.419482691536063435e+00
0.000000000000000000e+00 3.947389519960382009e-01 -3.606844761194924143e+00 -4.960969055784582693e+00 4.660535348073708839e+00 8.657538200124093919e+00 -9.403660738073188696e+00 5.418659443688763844e+00 3.605303904924646474e+00 7.465717987291495383e+00 -5.324838769582254550e+00
1.000000000000000000e+00 8.260102172561769596e-01 -5.470017495079687819e+00 8.195767206662909032e+00 8.468223341198008569e+00 1.105459313621697781e+01 -7.552395342317804072e+00 7.809341675103100400e+00 -8.514875970916445880e+00 8.405867521447065727e+00 5.949460941460583463e+00
1.000000000000000000e+00 4.914187823812737888e-01 -5.394792830342224121e+00 9.068161867853362423e+00 8.550340752797087163e+00 9.094959900863486268e+00 -7.964039575878360644e+00 8.637755154648523614e+00 -9.627549786003438470e+00 9.137792597458222588e+00 4.446985310687926685e+00
0.000000000000000000e+00 9.867578382489061717e-01 -4.892911611487948065e+00 -6.534332759585771200e+00 6.437302521209753436e+00 7.938549641255173484e+00 -1.022322123888013223e+01 5.013881186898071718e+00 3.498652037197395703e+00 7.623055938295049572e+00 -5.201394243136534534e+00
0.000000000000000000e+00 6.406207301424984291e-01 -4.693202891134853338e+00 -7.070313701708596632e+00 4.995679695158539602e+00 8.882251094533215152e+00 -8.513984723820032130e+00 6.332998454342630978e+00 1.857917812278256919e+00 8.892744948887790102e+00 -5.693128539003224020e+00
1.000000000000000000e+00 6.812471228811283197e-01 -5.091641467547532329e+00 7.769950233200527023e+00 9.858841146515841203e+00 1.012121274001066062e+01 -6.902342502029859439e+00 8.539188454570744824e+00 -8.270434860097401142e+00 8.739493335558277565e+00 5.353199469856623871e+00
1.000000000000000000e+00 1.579787760517165962e+00 -6.279839114078226814e+00 7.022807875332025773e+00 8.677487224874511185e+00 1.053872770196213438e+01 -7.069275323243723541e+00 9.571765625719542925e+00 -9.513654002164837920e+00 9.269217539162507791e+00 5.286183639893327957e+00
0.000000000000000000e+00 1.765893765274771710e+00 -4.526387577113542449e+00 -4.381596119792804167e+00 4.420281095479307254e+00 9.562446103029911271e+00 -9.448851176591288592e+00 8.154098010438826094e+00 2.997705008535710203e+00 8.557664613497689032e+00 -4.695977182185494314e+00
0.000000000000000000e+00 1.006362704797349572e+00 -5.141990077346235921e+00 -5.401892199381964410e+00 7.221228379461512858e+00 9.003074428366064197e+00 -7.740093295120798800e+00 8.121695060673644662e+00 4.427289542994730098e+00 7.957336750381956314e+00 -5.401827848903098861e+00
0.000000000000000000e+00 1.217034222354008044e+00 -4.501487310329065572e+00 -4.199819488980477189e+00 3.793437463109080809e+00 8.365464212809495592e+00 -8.129166646120804529e+00 6.601060024714262120e+00 3.636025883274318637e+00 8.082042616012817149e+00 -4.707044297243521136e+00
0.000000000000000000e+00 7.311038996178814697e-01 -5.232123838769623170e+00 -5.302450730689148628e+00 5.987757171124792777e+00 7.849165816701661136e+00 -1.001249389447604976e+01 6.274759573746017338e+00 2.962756381426861818e+00 8.230027219658374804e+00 -5.514815405118092428e+00
1.000000000000000000e+00 9.670359577403496720e-01 -4.377100631333442848e+00 8.427848205548000848e+00 9.211538513654781823e+00 7.959393521535614191e+00 -8.658662848936190315e+00 8.019722734597207747e+00 -8.027281905375907911e+00 8.153967516220772538e+00 4.624303187376050950e+00
0.000000000000000000e+00 1.699820861743403189e+00 -6.040031412546933431e+00 -5.485959728409201652e+00 5.558281686398016674e+00 8.309401587549752222e+00 -7.959223561813003833e+00 7.383784216362030861e+00 2.872400514141563388e+00 6.420878162561621139e+00 -5.299488426263286200e+00
1.000000000000000000e+00 -3.589440638144619777e-01 -5.197960458178154219e+00 7.431623506049492178e+00 8.246495335343441369e+00 8.482535964382552862e+00 -7.021447080905396376e+00 9.379090624534324405e+00 -9.264743989004262659e+00 7.691781401705140908e+00 3.846008742858066043e+00
1.000000000000000000e+00 9.138017533883755483e-01 -5.495653419299351583e+00 7.127454140472721633e+00 9.207315143922748746e+00 9.028101345304776260e+00 -8.874098066845807153e+00 9.134019844998887194e+00 -1.018785173698977076e+01 9.532930473221441048e+00 4.416103840247482815e+00
1.000000000000000000e+00 -8.531211530358042694e-01 -4.453170539589108579e+00 7.519602941398585649e+00 7.559793868192475230e+00 1.063448941642246837e+01 -7.877057646807543279e+00 8.893405823188521353e+00 -9.607081678778879308e+00 1.051183649026721056e+01 5.843552629310599045e+00
0.000000000000000000e+00 1.638553190085145550e+00 -5.523626978004633870e+00 -5.660798137946137842e+00 4.370365352474815168e+00 9.518226705251784381e+00 -8.840097053373421332e+00 6.924056065495449275e+00 2.687092928512779366e+00 7.853856531666672858e+00 -4.612709392952234921e+00
0.000000000000000000e+00 7.231708050106022689e-01 -4.963195596736148296e+00 -4.701713220124542403e+00 5.379160935810467947e+00 8.653464903407527942e+00 -8.612513206299976076e+00 7.166119941354152090e+00 2.909822456045963790e+00 7.960793785180536375e+00 -4.455834710626096040e+00
1.000000000000000000e+00 6.146213795480603981e-02 -6.670921167093641913e+00 8.173464700670225014e+00 8.243466354103203386e+00 9.904753084167230881e+00 -6.555189648870134889e+00 9.531066569437186331e+00 -8.687258199555943250e+00 1.049373904430305515e+01 4.804591529339809597e+00
0.000000000000000000e+00 -5.340872059233736646e-01 -4.680747541538320178e+00 -4.925973988844471130e+00 4.640479660997002043e+00 8.219238141118200502e+00 -8.661416349085127919e+00 5.588540558614708331e+00 2.363349175956373838e+00 7.815846606951210696e+00 -5.490473750224361460e+00
1.000000000000000000e+00 -7.141546199453525645e-01 -5.802190834769347383e+00 7.976546475391793400e+00 8.650517375217614102e+00 8.319842307391274616e+00 -6.289210802575315284e+00 9.204874185650707474e+00 -9.322900442810107435e+00 8.078541849234310845e+00 3.336259408558437833e+00
1.000000000000000000e+00 1.554719574966536344e+00 -4.396910178764571242e+00 7.290611803547835557e+00 9.438309152245381028e+00 1.012019977004836768e+01 -7.372437413130075612e+00 9.337253922768327996e+00 -8.590893656067065010e+00 8.850454430807435102e+00 4.345434969544763604e+00
0.000000000000000000e+00 1.090079208775827313e+00 -4.964571982617825618e+00 -3.972740653039091185e+00 5.858878284643109779e+00 7.921273199222121697e+00 -9.203839227731197781e+00 7.759523229712373293e+00 3.274301951765478780e+00 8.153252494058934374e+00 -4.476989805152354229e+00
0.000000000000000000e+00 -1.362369102368323759e-01 -5.888167447276175359e+00 -4.778808598529809437e+00 5.961074265097581204e+00 9.141767775221955716e+00 -9.504318548014992984e+00 6.350860258336295416e+00 3.318387375240944515e+00 9.172250470537791855e+00 -5.291776961978518656e+00
0.000000000000000000e+00 -4.070615602775778941e-01 -4.684252700975957140e+00 -5.465337617983891505e+00 4.806526983319625579e+00 8.913202845881180281e+00 -8.089383070026743283e+00 9.453528645780764350e+00 3.985505966333404260e+00 7.415923416038984861e+00 -4.625021974776207578e+00
1.000000000000000000e+00 -7.068327456774914364e-01 -4.871054091454692703e+00 7.647305839160864593e+00 8.437968841490384619e+00 1.031572374213696008e+01 -8.754755440154291080e+00 8.399839829366799293e+00 -8.082429425475835316e+00 1.040826673080754006e+01 4.635789658190438089e+00
1.000000000000000000e+00 -1.219070796418179947e+00 -6.484571943658149706e+00 9.054200816986355704e+00 9.028491111899320742e+00 9.186896146926624596e+00 -6.367716553366424392e+00 7.780337279230806757e+00 -8.612838080620985437e+00 9.145441337460070486e+00 3.964180625618392462e+00
1.000000000000000000e+00 1.678300868142555968e+00 -5.684875816688490069e+00 7.730198787094000323e+00 8.602580686196883875e+00 9.082852218643205688e+00 -8.456962067351414092e+00 9.642651865723443905e+00 -8.394323545563356248e+00 8.527796606574304050e+00 4.698962559824715335e+00
0.000000000000000000e+00 -2.079669487092836722e+00 -4.223880369496018972e+00 -4.306437255031450917e+00 5.881038852642982206e+00 8.109363795486162374e+00 -1.123658082443310491e+01 7.492464326828015331e+00 3.559377608986822761e+00 6.912636985661910316e+00 -5.080017751566622941e+00
