1.000000000000000000e+00 -6.974616482384726979e+00 7.799661764449515644e+00 2.175711221472050649e+00 5.872408695203231943e+00 -8.175101385417667288e+00 8.103190626705236710e+00 8.691755293944224192e+00 -8.459791284526257726e+00 -4.743013463468012780e+00 6.769574502230411017e-01
1.000000000000000000e+00 -4.843557322992284142e+00 9.124229675807491446e+00 4.369821626784897717e+00 5.849179466394617499e+00 -9.659150655605515112e+00 8.154444536007176225e+00 7.931212664322257133e+00 -8.895989469042868691e+00 -5.282279462323134389e+00 1.949587347463093590e+00
1.000000000000000000e+00 -3.994727165206253705e+00 1.036144867664942204e+01 3.821659212074362433e+00 6.932930663939865568e+00 -7.640267657142484126e+00 8.588392796943704610e+00 9.509615155362173056e+00 -8.561807270141267523e+00 -4.538353839098265397e+00 1.796063779927780324e+00
0.000000000000000000e+00 6.897854114771169165e+00 3.209294045557376407e+00 4.866300017342295448e+00 -2.162505545965061948e+00 -4.453049398371409229e-01 -9.600336534837675018e+00 8.658047649219267061e-01 -5.677490627927826772e+00 -7.311841002143012247e+00 -8.261059025042969850e+00
0.000000000000000000e+00 6.385077240109930941e+00 4.182966476986925031e+00 3.097235304315137050e+00 -1.877067555195091053e+00 -1.191756292443703069e+00 -8.484941143661442808e+00 1.867481037670979616e+00 -5.207367487535638162e+00 -6.146358928100325691e+00 -6.936141192561464663e+00
1.000000000000000000e+00 -5.522132748016600701e+00 8.983762224025348075e+00 2.789095616978030101e+00 6.702001801788441959e+00 -5.510314298979343661e+00 6.442272965484679759e+00 8.527078309378813614e+00 -1.040343324501779065e+01 -3.479055265519862772e+00 9.335444449095804398e-01
0.000000000000000000e+00 7.066007233031607271e+00 3.650016432782258846e+00 6.110967672468182954e+00 -1.178003359917821680e+00 -1.365429842974686059e+00 -8.819857386277972111e+00 1.303887890528638849e+00 -5.563149320619344529e+00 -7.334643719707990783e+00 -7.273295352263603242e+00
1.000000000000000000e+00 -4.969950375174953194e+00 6.872622943244985017e+00 3.166933850319754828e+00 7.982497697300318329e+00 -7.680470020157295075e+00 7.158193226240744167e+00 9.221355334523687830e+00 -8.320080778913926167e+00 -3.855111599575741899e+00 1.804744026682926439e+00
0.000000000000000000e+00 9.301001595487557339e+00 5.967677729843855694e+00 5.510450512543624058e+00 -1.090543257090732743e+00 -1.243951755305439111e+00 -8.991207228823878239e+00 4.021147618569880233e-01 -4.394594718012552192e+00 -8.027670215947734889e+00 -8.528820239825121163e+00
0.000000000000000000e+00 7.444166960137596156e+00 3.083166655461058170e+00 5.196515921032023755e+00 -2.069354031402242722e+00 -1.240852331477632742e+00 -1.082036469267430512e+01 2.455052718099257625e+00 -3.721116534886268923e+00 -7.368996754505846347e+00 -6.920107585264885230e+00
0.000000000000000000e+00 7.156505569728381033e+00 4.066958378199471369e+00 5.216188107368110671e+00 -2.304788119554205039e+00 -7.809003387197032131e-01 -8.657526370492620416e+00 2.310708699628700735e+00 -4.789466462057549556e+00 -6.484824975332770691e+00 -8.419716438084506649e+00
0.000000000000000000e+00 6.580829256557857221e+00 2.594817132273644411e+00 5.668203575806010086e+00 -1.996374719993414537e+00 -1.806847471780486769e+00 -8.899820755318943455e+00 3.701560268704165768e+00 -5.503772692733681637e+00 -8.510396877957273176e+00 -6.720067092687317611e+00
0.000000000000000000e+00 7.455210293095904106e+00 3.459648118356623225e+00 3.838034245253686194e+00 -6.565922567579159930e-01 -1.299857182075997875e+00 -9.030772610312927995e+00 2.558683477083056879e+00 -3.662697563012471402e+00 -7.643290025926594566e+00 -6.431854464681599381e+00
1.000000000000000000e+00 -6.961844817023296272e+00 1.070019098544766578e+01 3.058539890134865047e+00 8.078497629961480797e+00 -7.503761699861815515e+00 6.622191099019015148e+00 8.063604785055249025e+00 -7.351556981464946183e+00 -3.628410069174130559e+00 1.845713152785275923e+00
0.000000000000000000e+00 7.937804046806472336e+00 4.266352528248221532e+00 4.426431230733551381e+00 -1.663727886190573546e+00 -1.125439488027740742e+00 -9.289869641360384733e+00 2.636647171871699058e+00 -3.071017869494472308e+00 -7.241176931177188081e+00 -7.347617020591213688e+00
0.000000000000000000e+00 6.821572676845989669e+00 3.454388059993946047e+00 5.338493923589983758e+00 -6.138871293861063450e-01 -3.745541684079974898e-01 -8.474089189965555491e+00 1.558160059984481594e+00 -3.242054170849915984e+00 -6.150101556925255508e+00 -9.427363508442509143e+00
1.000000000000000000e+00 -5.492390178425280212e+00 8.880093537949580451e+00 1.956345899925026721e+00 6.588401680277233829e+00 -7.583411892484805072e+00 7.369808659538024997e+00 7.559749310606088457e+00 -8.717726301219386187e+00 -2.847322937925622632e+00 1.619280359771736899e+00
0.000000000000000000e+00 5.989532898330286237e+00 3.802399609825420690e+00 4.275883542141125204e+00 -1.318178256149576733e+00 -1.144710881118334855e+00 -1.021885000144783362e+01 -5.212865190755531231e-01 -6.112095614535154375e+00 -6.780009401142265801e+00 -7.649526538813057108e+00
0.000000000000000000e+00 7.426476314826605751e+00 2.811035967965541005e+00 5.003452808810111563e+00 -2.789347583005548969e+00 -2.820852450310747273e+00 -9.440948019983659734e+00 1.941348481294980166e+00 -3.125635072659494362e+00 -6.128746795493466237e+00 -7.665124281772210502e+00
0.000000000000000000e+00 5.918777116842401931e+00 3.995912231839789719e+00 4.635052798184871925e+00 -1.423440497310836772e+00 -2.222706168767214940e+00 -1.023382816444218513e+01 2.827923774805173984e+00 -4.653370492660124036e+00 -7.385760062815793781e+00 -7.761910575623480746e+00
0.000000000000000000e+00 5.876965275543724943e+00 3.234891537160917707e+00 5.851783715800364938e+00 -1.899527737359986146e+00 -9.633276351969919382e-01 -1.039143632365513881e+01 1.792528393353508109e+00 -4.574457618673396730e+00 -6.886752509221232721e+00 -5.932645995745117418e+00
1.000000000000000000e+00 -5.027791974237601380e+00 9.737765482351750990e+00 4.856407540068819806e+00 8.345593369688634411e+00 -7.377100217760539813e+00 8.256498600335229199e+00 8.093632194324136719e+00 -1.010565983502382537e+01 -3.078018306230845269e+00 6.277151443121438135e-01
0.000000000000000000e+00 7.094479309279094537e+00 5.456321299293699134e+00 5.743463520472812611e+00 -2.562253806099767051e+00 -2.109168170178321144e+00 -9.482674637245516180e+00 3.466989677516361112e+00 -4.042829105443224158e+00 -6.720102418370766273e+00 -7.273112330857970598e+00
0.000000000000000000e+00 7.214665183581153940e+00 3.951736939671090187e+00 4.050423994640643066e+00 -1.760113449385747764e+00 -1.990034991028940770e+00 -9.643833739856132681e+00 7.052243678038218055e-01 -4.102926599724510126e+00 -7.817260953749493702e+00 -7.557132036544602194e+00
1.000000000000000000e+00 -7.488240831770918149e+00 8.436890822338105167e+00 3.914342213953501570e+00 5.834016291008913058e+00 -7.029042793625957408e+00 6.481748837519002215e+00 9.882225287130658842e+00 -9.614984635464624674e+00 -4.498650838680950059e+00 1.263566004188346970e+00
0.000000000000000000e+00 7.776187913009063202e+00 4.048669391319995370e+00 4.494089441088810588e+00 -1.892756944925512830e+00 -8.663830727854224811e-01 -7.034964133605691394e+00 1.030902561574868814e+00 -5.003432478285056106e+00 -7.831641803403356583e+00 -8.007369050458954973e+00
1.000000000000000000e+00 -5.320603995544549214e+00 9.450903805410685976e+00 2.969273431421150633e+00 7.191997705258051710e+00 -6.674620503384087300e+00 8.236605667924509433e+00 8.843325545310364078e+00 -8.959606841152510270e+00 -5.443546872759448263e+00 1.562527200366256253e+00
0.000000000000000000e+00 7.324737967742693812e+00 4.351461714481099641e+00 3.263093466058588188e+00 -2.176393547159486630e+00 -7.412753686248358953e-01 -9.807935022786853807e+00 2.327727541475458128e+00 -4.393992131086329245e+00 -6.804272195922230537e+00 -7.889068107929066542e+00
1.000000000000000000e+00 -6.701003599387042264e+00 8.590031567276135149e+00 3.570662812519633356e+00 7.460137563113034886e+00 -7.776061469437502538e+00 6.509798044314520027e+00 8.322466720584833055e+00 -1.063954581906740238e+01 -6.191767072036322261e+00 2.874189241864534505e+00
1.000000000000000000e+00 -5.409617630293791279e+00 8.697936971462045364e+00 2.134447037486267185e+00 6.628892404504795444e+00 -7.997084436856637168e+00 7.038242242742756893e+00 7.692229735984244421e+00 -9.268199846812002818e+00 -3.875422765849091178e+00 1.462714721694721387e+00
1.000000000000000000e+00 -6.468828846698283286e+00 8.704667289283921860e+00 3.719411410655736105e+00 6.928038806743598066e+00 -7.477199110320181141e+00 8.051261152625595940e+00 8.072030621605243539e+00 -9.522806472274991663e+00 -4.530406743173251094e+00 1.486069345641152006e+00
0.000000000000000000e+00 7.340028402430695209e+00 4.747591092257367862e+00 5.814427039065397373e+00 -2.781385495752878967e+00 -8.250583901520456287e-01 -1.056512499788050974e+01 3.015770351172335495e-01 -6.033298016008294518e+00 -6.098913502552743893e+00 -7.319598362008122194e+00
0.000000000000000000e+00 7.199728596654060730e+00 3.729833628391100220e+00 6.243861510183583263e+00 -2.074208606492023321e+00 -1.090282891398536957e+00 -9.791135248579285744e+00 1.505612734319960122e+00 -4.632562868503815601e+00 -8.096976193117386700e+00 -8.288354537547045098e+00
0.000000000000000000e+00 6.082261708073881223e+00 4.457209105189881448e+00 4.089728511643098585e+00 7.429920749393583712e-01 -1.845125509501136740e+00 -7.872252759040027748e+00 1.972347848650610302e+00 -6.633733048479876437e+00 -6.986591597917930052e+00 -7.676788699751476486e+00
0.000000000000000000e+00 7.615043000287180064e+00 4.170338343033044737e+00 4.838149700319534396e+00 -1.622212088363708338e+00 -1.565289086215985170e+00 -8.695923791990226803e+00 1.804963555279450516e+00 -5.667215736272255278e+00 -8.871120244530594334e+00 -7.684674073087735202e+00
1.000000000000000000e+00 -5.432187910912433360e+00 9.913034701825138129e+00 3.525905753662606834e+00 6.423360902061896915e+00 -5.568434060133479413e+00 6.824802724728947112e+00 8.562209514340707983e+00 -9.292154307927610546e+00 -4.113841653411832056e+00 2.018946391863473799e+00
0.000000000000000000e+00 6.735636373459657378e+00 3.728940499783926832e+00 3.639891335445770260e+00 -2.024349588129363831e+00 -1.983540985986726790e+00 -8.502583042707467342e+00 1.160077454435984645e+00 -3.899024414410890760e+00 -6.978648104741218994e+00 -9.520086322203788143e+00
1.000000000000000000e+00 -6.381908927091634709e+00 9.132375315659372106e+00 2.940956978501348740e+00 6.169117730990770099e+00 -8.217000681211118263e+00 6.037153137990681984e+00 9.255036856370923104e+00 -8.640985445765551276e+00 -5.420777687175164949e+00 2.020077648882276478e+00
0.000000000000000000e+00 7.561795823549569029e+00 4.947021763227935409e+00 6.324958640559920298e+00 -1.736814533768995528e+00 -1.355797920465148687e+00 -8.435898130402209816e+00 2.328631165946068116e+00 -4.443888828107247946e+00 -9.191116901651732007e+00 -6.868579248693534645e+00
1.000000000000000000e+00 -4.446613421234683727e+00 1.101521978023023074e+01 2.460393271753188671e+00 7.818257371680203960e+00 -6.664254695018537511e+00 7.140410727628744070e+00 9.065338185807460647e+00 -1.074883428914133887e+01 -3.605624779995547868e+00 4.492736036661956200e-01
0.000000000000000000e+00 7.130668728438306125e+00 3.937981132799416528e+00 6.632319193679424352e+00 -6.910506599493152491e-01 -1.430616643900527230e+00 -1.038905634584876836e+01 2.480344548260969617e+00 -3.659226240525072171e+00 -7.240086043818999784e+00 -8.462943598440650916e+00
0.000000000000000000e+00 6.470859905726795702e+00 3.119935376308442976e+00 4.860265694909548628e+00 -2.385953402067139795e+00 -4.355800503042442928e-01 -9.690684951138219816e+00 2.191883052734411308e+00 -4.527152868826515686e+00 -7.309404633095863524e+00 -7.699036359452620104e+00
0.000000000000000000e+00 5.846108007307204701e+00 4.637223227707830020e+00 3.125843164095775784e+00 -1.313637714964646097e+00 -1.018748551914438583e+00 -9.996544184088429930e+00 2.735864740809379470e+00 -2.811754387282020762e+00 -8.830812310533220355e+00 -9.022453330529513593e+00
0.000000000000000000e+00 7.228191160274159088e+00 3.410282866341733943e+00 3.112694890267744263e+00 -4.722083542656156929e-01 -1.019025529691862220e+00 -9.144349033196988330e+00 1.823083753324220346e+00 -4.442019422463259204e+00 -5.450184430130087243e+00 -8.385516108550307379e+00
1.000000000000000000e+00 -5.791446720638173673e+00 9.226073904315875041e+00 4.059314515784197219e+00 6.459398002254132187e+00 -6.729970066462481526e+00 6.678055328545714708e+00 8.289916881781206115e+00 -9.979019571929471866e+00 -4.703605176562025036e+00 2.647142283215539571e+00
1.000000000000000000e+00 -6.241602731044164187e+00 1.005867800697568626e+01 2.336129596713421464e+00 7.655953699105239707e+00 -5.533750753694367752e+00 7.736722971609495403e+00 9.255816630344270379e+00 -8.940078386464056948e+00 -4.969500411642527204e+00 2.625899477909058533e+00
1.000000000000000000e+00 -4.505895702206361264e+00 9.294668001097749155e+00 4.961405475075534532e+00 7.664226858353559102e+00 -7.121016713927645903e+00 7.976453317119489128e+00 8.191794413630242744e+00 -9.233989905516786223e+00 -5.400601326366418320e+00 1.304536720984040388e+00
1.000000000000000000e+00 -6.307057472446088831e+00 8.964131077440914197e+00 3.317983961832206674e+00 5.046336706384926707e+00 -6.526938014348193207e+00 7.061840093359685433e+00 8.431387831753287543e+00 -8.132184913413651017e+00 -4.788790140894709779e+00 3.982388493276827202e-01
1.000000000000000000e+00 -5.466322187809387501e+00 8.933493266121974585e+00 4.771546912427797160e+00 6.257855390576196442e+00 -7.652028450968405338e+00 6.884288909753411012e+00 7.697473760766046169e+00 -9.929169784555247347e+00 -3.590338092216321275e+00 1.454431488989992971e+00
0.000000000000000000e+00 6.324700461970590659e+00 4.177742546544379820e+00 6.472949718248301565e+00 -2.077223724296579199e+00 -3.144972506680027147e-01 -7.898495307010450439e+00 2.463596372021977565e+00 -4.915753545688556159e+00 -5.595682806349543625e+00 -8.643530650252552405e+00
1.000000000000000000e+00 -5.227416530346978618e+00 8.708287957853999117e+00 4.593982717562665741e+00 6.716993048232356323e+00 -7.069355386240870232e+00 6.997994781837335587e+00 7.772670700784578557e+00 -9.572499311760303442e+00 -4.549868512250412778e+00 3.501728430736295028e+00
1.000000000000000000e+00 -4.535895607693090525e+00 1.041099569587317575e+01 5.159750655187673729e+00 5.544471107530611675e+00 -6.560929158391116012e+00 7.646716602025483311e+00 8.092059434690877850e+00 -8.637167188409824448e+00 -4.280497208956005828e+00 2.540871300557696166e+00
1.000000000000000000e+00 -5.587125681579562020e+00 8.861418398293430698e+00 5.039077864969813803e+00 7.127489388032080875e+00 -7.287404420155660922e+00 7.866079087416169457e+00 8.567207000331270805e+00 -7.053657837197038205e+00 -4.763205086870020644e+00 2.837775845548127229e-01
1.000000000000000000e+00 -7.004616550582946743e+00 9.002933627314568810e+00 1.667846558819186420e+00 7.121719673882696000e+00 -5.298442736920598861e+00 6.669030921803852152e+00 9.766959111648166214e+00 -8.274833367379313742e+00 -4.445066183098024482e+00 1.784472633086919391e+00
1.000000000000000000e+00 -5.289699727214947522e+00 9.478710055980828386e+00 4.398773045967092621e+00 6.252592709744957844e+00 -6.531910354950250408e+00 8.458882252807583768e+00 8.311133082913951142e+00 -8.713629224603547385e+00 -4.694411060008975234e+00 9.369725797058023886e-01
1.000000000000000000e+00 -6.250872740423695895e+00 1.057664526618274969e+01 4.489597764299887217e+00 8.600353186082047685e+00 -7.070094028670259156e+00 5.669222629792207258e+00 9.226604189112475041e+00 -9.725570611668903354e+00 -4.436560189742820626e+00 1.156824897940466945e+00
0.000000000000000000e+00 7.740064698189330628e+00 5.258893380734156686e+00 4.225528615381913156e+00 -8.064382594761627665e-01 -1.489862378217580829e+00 -9.006151200247016320e+00 1.194920608446520260e+00 -5.537743259009451080e+00 -6.448498499977273646e+00 -7.067448398993181335e+00
0.000000000000000000e+00 7.058008590319775344e+00 3.952843793693445740e+00 5.387233360458582254e+00 -1.171973353620633818e+00 -6.761893221606780635e-01 -8.741267106030916167e+00 1.059284017820773416e+00 -4.987412546981139450e+00 -7.391830756375789235e+00 -8.016267562702655169e+00
1.000000000000000000e+00 -3.339603317915580405e+00 1.010720686702900295e+01 4.113475388456906856e+00 7.475395306549293295e+00 -7.487757368781553957e+00 8.221966211587666606e+00 8.812063106527075362e+00 -8.792331004016569196e+00 -4.312439994760374873e+00 2.396000584761776686e+00
0.000000000000000000e+00 7.296047871531869511e+00 3.898635350468773630e+00 4.721505421186796170e+00 -1.834018860857521416e+00 -2.121132305779890537e+00 -8.943339470747329045e+00 -1.696205161702395436e-01 -4.263581758341983274e+00 -7.047983501965590314e+00 -8.290350053487671289e+00
0.000000000000000000e+00 7.343596711557926149e+00 4.078748864569496035e+00 5.862471323595308093e+00 -2.198035118607129412e+00 -8.225159706393949666e-01 -8.681689022643281461e+00 9.191717998610484663e-01 -4.340524089873618152e+00 -5.599354269562608621e+00 -7.836963852380675277e+00
0.000000000000000000e+00 5.974639524523666090e+00 2.601632826563018419e+00 4.712218983347252532e+00 -1.110545247723964568e+00 -4.207788921764676893e-01 -9.282766170371733239e+00 1.076389114158085025e+00 -5.049296904987281565e+00 -6.610498960903889554e+00 -8.961880891522019610e+00
0.000000000000000000e+00 7.626897406522386902e+00 5.043898523722177174e+00 5.663229551557348529e+00 -2.026308651464779231e+00 -1.377258856756388816e+00 -9.064138693110546541e+00 1.065349849374998215e+00 -5.273499096753768711e+00 -7.160599305893255995e+00 -8.168564835475322639e+00
1.000000000000000000e+00 -4.706005488319052077e+00 1.086108216069679600e+01 2.850971610920395527e+00 6.718917376041852130e+00 -7.314462330119845923e+00 7.302554977081942233e+00 8.813114322651662391e+00 -7.788626208637559500e+00 -4.122103871101027828e+00 2.204650830016464447e+00
0.000000000000000000e+00 6.978902791051296184e+00 2.846403580231327446e+00 5.190075136535467593e+00 -1.297556618502458514e+00 -1.717465769232271455e-01 -8.783991499641000900e+00 9.438270026879830299e-01 -6.907963174298699549e+00 -6.079561705343312639e+00 -6.779217029575466569e+00
0.000000000000000000e+00 6.042932593065241775e+00 2.567635279089370393e+00 6.097834260351350899e+00 -2.092799175124194999e+00 -9.301419975233171655e-01 -9.720294815004539402e+00 3.509523149405454401e+00 -5.585733172941576008e+00 -7.593902876214420949e+00 -8.522291865655441612e+00
1.000000000000000000e+00 -3.662488750968440954e+00 1.056042132883421480e+01 2.902726614066292399e+00 7.006936230522184061e+00 -8.839962118248543277e+00 6.965211643108855988e+00 9.382916854448669852e+00 -1.009395890356487158e+01 -4.060625903956404770e+00 9.488153754287751429e-01
1.000000000000000000e+00 -5.038887218114978417e+00 9.500516560800656762e+00 3.943105344994578765e+00 6.236926137925639324e+00 -8.204502983077492928e+00 7.569103162877929059e+00 7.552253305050040666e+00 -7.161792569492955174e+00 -3.185713188411416041e+00 1.780079991378396898e+00
1.000000000000000000e+00 -6.899155928057594700e+00 1.004021407676502164e+01 3.462599522040088029e+00 4.144189988353629062e+00 -7.355337322591898541e+00 6.548516820027317387e+00 9.832684523394076948e+00 -8.632995033372690585e+00 -3.283783711433115204e+00 -5.693933753191133817e-01
1.000000000000000000e+00 -6.464912959359819133e+00 8.533879061206915750e+00 3.877156845158570952e+00 7.099825934651782688e+00 -7.988042360278132747e+00 8.472234054452091101e+00 8.566000369686348037e+00 -7.697475296050766858e+00 -3.747464989629528453e+00 7.065380371540709303e-01
0.000000000000000000e+00 6.406842343203652312e+00 4.062781082084067741e+00 4.408319792762759981e+00 -1.158090871508955733e+00 3.037491717703189043e-01 -9.433107556363825807e+00 1.853483307381546874e+00 -4.673457402740789135e+00 -8.122991923175057138e+00 -8.124309812081328630e+00
1.000000000000000000e+00 -6.462930180398647195e+00 8.737750045922766162e+00 5.256354198211762530e+00 6.692168871664621932e+00 -7.239670347848136345e+00 6.104143158706833994e+00 7.974607308290988072e+00 -8.850273321012474881e+00 -4.805571356294564112e+00 9.019721992277809353e-01
0.000000000000000000e+00 5.741272249177062470e+00 4.839081570573790181e+00 3.472364354602218484e+00 -7.051673088924089727e-01 -1.524917069310852469e+00 -1.032091208905704427e+01 2.287622983142190591e+00 -5.027123007495564622e+00 -6.415523788952850026e+00 -7.079715211501921956e+00
1.000000000000000000e+00 -6.272700262806297111e+00 1.029476756454889319e+01 3.902073810065453507e+00 6.870945837743025919e+00 -7.372439687061270952e+00 7.775761772187188114e+00 9.693154476494232341e+00 -9.682076469924572493e+00 -3.526811859313174757e+00 1.603882848441634090e+00
1.000000000000000000e+00 -5.544569640323847359e+00 8.320144744116284130e+00 3.724592087488941772e+00 6.775677214148502436e+00 -7.921836503958138209e+00 7.275693220368019354e+00 9.406157009368664390e+00 -9.382733469947156735e+00 -5.697740689773453937e+00 2.239741504735272670e+00
1.000000000000000000e+00 -7.331181551383838979e+00 1.064138895125687156e+01 2.593425289388708421e+00 6.571181299751287952e+00 -7.106983050758379328e+00 7.495685200883608346e+00 8.770645577280586025e+00 -9.981220847850362787e+00 -4.013236314815503469e+00 1.428639560072134218e+00
0.000000000000000000e+00 8.096915037357836908e+00 4.264034767112233837e+00 4.550784826431423014e+00 -1.879631781654540701e+00 2.114940961051465784e-01 -9.212980421827156263e+00 1.785352956057780771e+00 -6.724390357183575695e+00 -7.315385848040609318e+00 -7.683208693685430468e+00
0.000000000000000000e+00 6.260750942670214592e+00 4.017512060458908074e+00 5.464622157497108113e+00 -1.701924039755456253e+00 -1.233410003782386966e-01 -7.787805845310074027e+00 1.265008875816181710e+00 -6.363823494629517796e+00 -7.578733413810565978e+00 -7.593455727087200735e+00
1.000000000000000000e+00 -6.338635704564846485e+00 8.532178890689781525e+00 2.045880172903878247e+00 6.561864730006261581e+00 -6.723141454956003571e+00 7.199130038778789320e+00 8.895522895662733021e+00 -7.894232970034879671e+00 -5.031976594233267264e+00 1.865537292720234053e+00
0.000000000000000000e+00 6.948094979810515603e+00 3.509068908065578807e+00 6.324550434162638624e+00 -1.785304873106120738e+00 -2.981460432127595039e-01 -8.132312138275700875e+00 1.994368865041673544e+00 -2.829126879399922689e+00 -7.066953171140912815e+00 -6.912025771671770791e+00
1.000000000000000000e+00 -6.287382074565656787e+00 8.691845092517164417e+00 6.172094769515220847e+00 5.675989335540975844e+00 -8.349035679266686216e+00 7.427618651436611152e+00 8.470359771499785140e+00 -7.109057394964727550e+00 -5.262380524515471336e+00 1.310359530728790745e+00
1.000000000000000000e+00 -4.670207000604528425e+00 1.114195717085566528e+01 3.101415460976386651e+00 7.025357090417487349e+00 -8.665156691396912692e+00 6.477436743620375026e+00 6.790121577438582356e+00 -8.051086010399119530e+00 -4.069140387416553040e+00 2.812302758139140657e+00
0.000000000000000000e+00 8.380989199952162849e+00 3.201401145756022526e+00 6.653600507956785037e+00 -1.414610453457775030e+00 -6.314788038293481787e-01 -8.192620286600922341e+00 1.014528601242488781e+00 -4.575367909143927214e+00 -7.497347464097154912e+00 -6.202549718551258806e+00
1.000000000000000000e+00 -6.056608455495985588e+00 9.499784293296876569e+00 3.040789932640032944e+00 6.073162045224976602e+00 -8.535031842148862680e+00 6.431583614955114214e+00 7.589273802709032957e+00 -9.156614410738935561e+00 -5.268837587426230762e+00 2.056992657203434938e+00
0.000000000000000000e+00 6.199810625743305437e+00 4.740629052378588781e+00 5.080324965538967952e+00 -2.368478197523490980e+00 -1.039816864654430129e+00 -8.828355624989578487e+00 2.687390302295344924e+00 -2.749262721402930598e+00 -6.589326770345271811e+00 -8.617535449582948814e+00
1.000000000000000000e+00 -5.687020261352515149e+00 8.648594975758513215e+00 2.314979942177906480e+00 4.636120557664048292e+00 -7.700617093209865871e+00 7.829876278855274485e+00 8.939419346901861019e+00 -9.962568734975700835e+00 -4.751920232236377828e+00 1.965231847765960271e-01
1.000000000000000000e+00 -3.364829484071194532e+00 8.602681215337764087e+00 5.588013510547600760e+00 6.854289767600374894e+00 -6.904356105911219288e+00 8.058966338994597578e+00 8.144626562981674311e+00 -9.118718316807301605e+00 -5.843147474956387200e+00 1.657126024929909569e+00
1.000000000000000000e+00 -4.753667910019919063e+00 8.221632123967644645e+00 4.906123616778552687e+00 7.267666370332755754e+00 -7.366134264181972036e+00 6.994562199043116379e+00 7.724043549967554156e+00 -9.855966001078225958e+00 -4.990004720137657834e+00 1.932221515336271400e+00
0.000000000000000000e+00 7.838112511108967340e+00 2.371098083160243952e+00 5.715925327186829108e+00 -1.380050950883491057e+00 -1.459863152095723926e+00 -8.580213997100509360e+00 1.981824367272557286e+00 -4.551501410425471406e+00 -6.137773711228657447e+00 -7.802113310516925360e+00
0.000000000000000000e+00 8.932784329877259566e+00 4.317257641651432998e+00 5.312008356745873350e+00 -2.400983139997605598e+00 -1.979164403159395125e+00 -9.409316138214439462e+00 7.725788945909980443e-01 -6.449481426381066917e+00 -7.479170870351717682e+00 -8.584727515619981375e+00
0.000000000000000000e+00 6.917093862740355092e+00 4.923318289787684598e+00 6.684864395584792618e+00 9.332398848868739272e-02 -1.040578569699023292e+00 -8.079929021648379006e+00 1.404583365978758991e+00 -4.653070426903560985e+00 -6.794168229490515465e+00 -7.820850932918838261e+00
1.000000000000000000e+00 -4.840066286572834997e+00 1.044080926197274373e+01 2.566802413884930800e+00 7.559328922490532676e+00 -7.375371200041616504e+00 7.555894755831645604e+00 8.430616639069123508e+00 -8.412596115051364620e+00 -5.190969392728749021e+00 1.194060924593706607e+00
1.000000000000000000e+00 -5.130790575306583889e+00 1.003229982685343913e+01 2.785479621888836910e+00 8.087632666182939190e+00 -8.840095081655242382e+00 5.829539965576193694e+00 8.501195871016120620e+00 -8.838731490909642829e+00 -5.497558614797108945e+00 5.014568650793412852e-01
1.000000000000000000e+00 -4.194475569042324992e+00 9.099700458445033391e+00 2.421275852565935693e+00 6.479790070680965464e+00 -5.926048989264408817e+00 6.219288462385080152e+00 7.747380839336097225e+00 -9.676268415334400075e+00 -5.962641655345140457e+00 2.025721359084116102e-01
0.000000000000000000e+00 6.901418514430975648e+00 3.368379774390885650e+00 4.848567031874679856e+00 -9.776902409988418308e-01 -1.334007501689268294e+00 -9.458742622843336889e+00 1.952282526928641015e+00 -5.349170580381009010e+00 -6.855965643096995521e+00 -8.192591511135063342e+00
1.000000000000000000e+00 -5.597574168007334983e+00 8.769880250769929830e+00 2.409654602256188660e+00 4.640413308420013649e+00 -8.030211916393913185e+00 6.973678403587993735e+00 8.866641697969662061e+00 -9.329744105964493883e+00 -3.948674907227213371e+00 2.199904795138468039e+00
1.000000000000000000e+00 -4.617124195651609142e+00 9.151191867840095640e+00 4.957424824306832178e+00 6.489008973680469694e+00 -6.592487132466123612e+00 6.508206628344491484e+00 1.059137808417482240e+01 -1.077881569018177998e+01 -5.226864723665473278e+00 2.591129270850498045e+00
0.000000000000000000e+00 7.665091070118947414e+00 3.251599097612412947e+00 4.012230056476443707e+00 -1.429524826956897643e+00 -2.078349550504718035e+00 -8.152040075165613686e+00 6.191850936286340534e-01 -4.303169792311245523e+00 -8.098879597039681855e+00 -8.171683106415420283e+00
1.000000000000000000e+00 -6.041143553956726642e+00 1.069423925019461841e+01 4.768452521921393128e+00 5.054488954807638379e+00 -7.422308389501654169e+00 6.575676096825562311e+00 9.237047060355449091e+00 -8.930827373066668073e+00 -5.625693407860877571e+00 1.949442385911809517e+00
0.000000000000000000e+00 5.239559501939676345e+00 2.452060320896435108e+00 2.891368008928337119e+00 -6.233626930917640641e-01 -1.407880766561263375e+00 -7.815396490268918583e+00 2.764196263531603748e+00 -4.965592872613639130e+00 -7.337725126913737128e+00 -6.958807413594543689e+00
