0.000000000000000000e+00 -6.732674541891984887e+00 2.078050377401541748e+00 2.594367276348532148e+00 -6.002424072623534279e+00 -7.189713727944558208e+00 7.966319171678438948e+00 3.818817103742707442e+00 -3.689068194699013592e+00 8.171673946230319174e+00 -7.515579278506868910e+00
0.000000000000000000e+00 -5.529878106877046839e+00 2.171301978743251926e+00 4.677703369699779401e+00 -5.484982746110446783e+00 -7.489207662855799086e+00 7.968631991245643142e+00 5.741787499326595601e+00 -5.677468945121455945e+00 8.413463265604876895e+00 -9.625888066443520685e+00
0.000000000000000000e+00 -5.408995472394687809e+00 1.085879832529578870e+00 4.892925021957903908e+00 -7.081494396257655310e+00 -8.824422317430595797e+00 7.184384954417788904e+00 5.494761017052143259e+00 -5.929559654415058390e+00 8.968252532671444399e+00 -7.934698983430945596e+00
1.000000000000000000e+00 1.460652442682705665e+00 6.752033804722271881e+00 -5.891911742886009051e-01 -7.049555838130578067e+00 -2.952963325714024201e+00 7.425778890214871808e+00 2.134000485276840386e+00 4.726237289111786311e+00 3.294414485544423510e-01 5.314959179898113284e+00
0.000000000000000000e+00 -5.832059258763117704e+00 1.116529539756015543e+00 4.419308624221257809e+00 -2.627901672528335286e+00 -8.405564153806107441e+00 7.850123629532055780e+00 7.309010540452259619e+00 -3.361331738961711668e+00 8.544348744090846992e+00 -7.341865520658455324e+00
1.000000000000000000e+00 2.745406075404535517e+00 5.701811806232543134e+00 -1.625896368497788735e+00 -4.523091252836071163e+00 -3.342829670151782118e+00 8.507048661322771821e+00 5.979658906132696572e-01 4.508074437532577861e+00 8.496633346634865358e-01 4.798287063136588593e+00
0.000000000000000000e+00 -5.511300326552714068e+00 1.284019490149979514e+00 3.692388202185798995e+00 -5.106847247291943503e+00 -6.923285805732188436e+00 6.316105729979861749e+00 6.548984707737524502e+00 -4.024940885572299010e+00 8.903264436553751437e+00 -9.342768694904513893e+00
1.000000000000000000e+00 1.201060640217490594e-01 6.996346926356234341e+00 -5.532115913115447370e-01 -4.867857990696761838e+00 -5.047488842956393107e+00 7.185277264162250432e+00 1.116230260272549124e+00 6.748851040767313236e+00 7.353145833247154428e-01 4.748682167340025906e+00
0.000000000000000000e+00 -6.650954011315619141e+00 8.253597226632206629e-01 5.260917150293686007e+00 -5.485122347332854531e+00 -8.028524597865960288e+00 9.074219536194114255e+00 4.623743793398384483e+00 -5.618654213994036972e+00 7.687467746664781387e+00 -8.181790809515518959e+00
1.000000000000000000e+00 2.368262859393769126e+00 4.767766385380490135e+00 -1.155744011771022706e+00 -5.086124295132600004e+00 -3.596145890042694138e+00 8.249269688924520949e+00 1.294766812852570670e+00 4.714131219879535095e+00 3.991505964224776881e-01 5.882536148565138845e+00
1.000000000000000000e+00 3.244571408430612536e+00 6.625908599974119184e+00 -1.698558190764616338e-01 -5.860072896354281191e+00 -2.772244346603158327e+00 7.014569924672207968e+00 2.918603686715809165e+00 6.732649079484371413e+00 -1.966971399222232630e-01 4.274290864703164772e+00
1.000000000000000000e+00 3.168230945501258056e-01 6.461951170325813010e+00 -4.871530941972046502e-02 -5.241304847235286779e+00 -4.663109929090428984e+00 6.738141689697531689e+00 5.693659212866324371e-01 6.776294753499665369e+00 1.209881875809694751e+00 5.138098453440514746e+00
1.000000000000000000e+00 3.978671905675624565e+00 5.912245480846796575e+00 -1.513205269937331288e+00 -5.364037145638656412e+00 -4.115600172075131624e+00 7.632369389072123589e+00 1.844945069733133103e+00 7.234415450720018015e+00 5.422712937025929714e-01 5.364170805561673028e+00
1.000000000000000000e+00 2.217132525501176676e+00 5.389065803212211847e+00 -1.532253839440116838e+00 -6.894578016437350243e+00 -3.381886783041342603e+00 8.927311501613775846e+00 1.646637664165338855e+00 4.883934660911305237e+00 9.550583301262099978e-01 3.259016745020336447e+00
1.000000000000000000e+00 5.566963709936767479e-01 6.068122389158093100e+00 -5.672251675870920717e-01 -6.956843488232965278e+00 -4.815388429929795322e+00 7.715288767988582208e+00 2.354810350530769814e+00 6.479767526876759831e+00 -1.089263203449206685e+00 3.789312458169656672e+00
1.000000000000000000e+00 3.445290902354494200e-01 6.951263359122730634e+00 -1.092765977069457550e+00 -4.397559596136005666e+00 -4.400098894048930731e+00 6.907512085509747379e+00 1.840824625906950507e+00 6.739861104572332451e+00 -2.336808866981842092e-01 5.004192011304103183e+00
0.000000000000000000e+00 -5.036861525946682683e+00 3.438977470133083969e+00 2.919807411328174229e+00 -6.339811592880194802e+00 -9.082783704383382783e+00 9.641677065477516351e+00 7.620199396499778288e+00 -3.370801279751140189e+00 8.623774015473188115e+00 -8.694214633545751525e+00
1.000000000000000000e+00 3.340775978373525135e+00 5.208165941004609500e+00 -6.625226674975009944e-01 -5.595825586217648251e+00 -3.804302445416309464e+00 7.862761613333433708e+00 1.100435763553029300e+00 6.341753161869597477e+00 5.024748764922610800e-01 4.610573322140574248e+00
1.000000000000000000e+00 6.077189196902692547e-01 6.045993642869365914e+00 -9.887700287639573649e-01 -6.836876851820690604e+00 -4.804889235755259058e+00 7.950148705947930772e+00 5.692698652891079458e-01 6.699627936430694319e+00 -4.999866898776421653e-01 5.271874343323736944e+00
1.000000000000000000e+00 2.533728822110622669e+00 6.335171220593190711e+00 -3.027023526229707162e+00 -4.923669172439485209e+00 -4.089675990874992451e+00 8.061966289376574224e+00 1.120190245519474992e+00 6.946704996220195660e+00 -3.578689054679602410e-01 5.795476691802027958e+00
1.000000000000000000e+00 3.123528169316102776e+00 6.630788444152112326e+00 8.906579828237382035e-02 -6.984824841822701025e+00 -4.385688146785987840e+00 9.378766447312996135e+00 6.930366738038469254e-01 5.106422413848511255e+00 5.935677681838879005e-01 4.716005038014380091e+00
1.000000000000000000e+00 2.541962276600950421e+00 6.731641192430892318e+00 5.413444405878289345e-01 -4.655476400142569915e+00 -4.505911838818654758e+00 8.205132993828975430e+00 1.996271693723240093e+00 5.493832223251337687e+00 5.117343481248802783e-01 3.602646076483094095e+00
0.000000000000000000e+00 -5.775949676626778384e+00 -6.295302014750294717e-01 4.640481872883233549e+00 -3.743748134165875818e+00 -6.027784451705572977e+00 8.236952589536208791e+00 5.242458473050575662e+00 -5.144007957399061581e+00 8.671345003042636890e+00 -7.672553535108558975e+00
0.000000000000000000e+00 -6.789592227626330079e+00 1.917828767021836134e+00 3.728055621674637443e+00 -4.826440781419121251e+00 -9.519557670362150503e+00 8.178950284625832623e+00 7.440133106617599523e+00 -2.227450902854507753e+00 8.140159017527492935e+00 -9.680221587373422309e+00
0.000000000000000000e+00 -5.438641583432473503e+00 -1.794566482469168722e-01 3.078978342535313217e+00 -5.693908923145172274e+00 -8.471630092975834359e+00 9.485601252366706149e+00 5.710960584135915674e+00 -4.668013525141470943e+00 9.181983770112113419e+00 -9.416203409093828469e+00
0.000000000000000000e+00 -4.552408854047190978e+00 2.136922162721438312e+00 4.332995692403311949e+00 -5.857079494866195724e+00 -8.821776612256304162e+00 9.584787330034059138e+00 5.003595425601909952e+00 -4.199391867338158946e+00 8.450840520172075543e+00 -8.485953908560784242e+00
0.000000000000000000e+00 -5.180974618064892567e+00 1.817793456884363890e+00 4.613623203826452190e+00 -5.282642255477020043e+00 -8.788153385589954070e+00 7.604464522766334333e+00 6.269646001389389767e+00 -4.006795349589834743e+00 7.557443638875802172e+00 -9.762278681673640435e+00
1.000000000000000000e+00 4.439021096980120262e+00 7.132257231422443944e+00 -1.693311698178182390e+00 -5.646623927745372029e+00 -3.331424519775689319e+00 7.352074340098428529e+00 1.792847539757385311e+00 6.158763917878534500e+00 -7.378140349078368132e-01 4.756742524109192516e+00
1.000000000000000000e+00 1.614785337318070946e+00 6.191427184689917596e+00 -9.017763408079954024e-01 -3.490211359871707941e+00 -4.415292255027452484e+00 7.898620895721032653e+00 3.392540527701281672e+00 6.697978603646695284e+00 3.883091201680371474e-01 6.193918782571561366e+00
0.000000000000000000e+00 -5.606860651105259663e+00 7.911054112572903918e-01 5.030624227424494777e+00 -4.530279486438135272e+00 -6.992505736990006326e+00 8.361045468593966135e+00 6.135335765338068903e+00 -2.652843802832906661e+00 9.619777504079241481e+00 -1.056242186097449220e+01
1.000000000000000000e+00 5.386770927420885258e-01 4.513296516133181946e+00 -1.988318679993927862e-02 -4.998320213722013072e+00 -3.848143483571042189e+00 8.056803068956211789e+00 1.691509658526207938e+00 6.437804818935058293e+00 -6.427867944958407520e-01 5.386688237885095987e+00
1.000000000000000000e+00 2.964926498441646352e+00 7.690218161738569869e+00 -6.066929795690350069e-01 -4.698701003197388815e+00 -3.598331910695474090e+00 7.576057455692509990e+00 1.348878318803417464e+00 5.657601881376189468e+00 6.908594944441683872e-01 3.731661588277597197e+00
0.000000000000000000e+00 -6.900315329646067752e+00 3.344703770222964501e+00 2.383414735350681823e+00 -6.799259301874027273e+00 -7.734092797248860229e+00 8.332558581804343945e+00 4.758865609715806855e+00 -5.419243046697435062e+00 8.524218114057060092e+00 -8.681821055782361185e+00
1.000000000000000000e+00 3.612755367409526741e+00 5.788073044911564935e+00 -4.431617723939823006e-01 -5.655928729457576409e+00 -3.229929927985156546e+00 8.416204325441064782e+00 2.188556672260818292e+00 6.832647604970721211e+00 4.721281735954383496e-01 5.787947399954290084e+00
1.000000000000000000e+00 6.642052908445237325e-01 5.852488669105098573e+00 -1.832971255556461454e-01 -4.869355608031188609e+00 -2.622098330064372540e+00 7.653644587404614619e+00 2.047855757574512214e+00 6.348156895714681447e+00 5.639090353847728831e-01 2.617838253348117039e+00
1.000000000000000000e+00 2.115257823653970526e+00 6.028657039188812128e+00 -1.404425146606259833e+00 -7.094652640586455838e+00 -4.507208362047398609e+00 7.909628705117823344e+00 3.017015267227627362e+00 5.746822657261661860e+00 1.231739375956028559e-01 6.140971735705875290e+00
1.000000000000000000e+00 4.150258453424811478e+00 6.129187086850864219e+00 -1.542903985994910965e+00 -5.649746223419436220e+00 -2.068801401389043892e+00 9.024160313144161449e+00 2.458389186344031252e+00 5.484593382159145492e+00 -3.816279645390332487e-01 5.395483591586300420e+00
1.000000000000000000e+00 2.646909825538296790e+00 6.867155378794265630e+00 -1.057925430718549276e+00 -5.640120442940028234e+00 -3.934358696459624660e+00 8.696855248736966360e+00 2.304984672092770470e+00 7.946089115751812315e+00 3.139556058015503526e-01 4.053941398498084325e+00
0.000000000000000000e+00 -6.468232340748198084e+00 7.668248259091182684e-01 4.769280761472475483e+00 -5.432643854192971133e+00 -7.187030740166875376e+00 8.646369211582616288e+00 6.267456986630852711e+00 -3.558956588445596925e+00 9.197514978419613740e+00 -7.717439809649130567e+00
1.000000000000000000e+00 2.966190748868549054e+00 6.312583963222411221e+00 -1.789781992657220933e+00 -3.691543226620479956e+00 -4.581145913354517596e+00 9.780053082726208658e+00 2.519461334579537581e+00 5.167838159701380718e+00 -9.728582446317113330e-02 3.827869239256763478e+00
0.000000000000000000e+00 -6.568605416774908612e+00 8.506896365466237731e-01 3.620886228060260947e+00 -4.849160377882104633e+00 -9.520651474584202134e+00 9.102288640295281397e+00 6.211394195313790334e+00 -4.395897059740563328e+00 7.542350680579748889e+00 -7.371805411459098067e+00
1.000000000000000000e+00 1.838889373208613343e+00 6.856534302284454263e+00 -1.747104609536284769e+00 -6.479324401968529656e+00 -4.705672123908675175e+00 8.497629098701793282e+00 2.210349099744244761e+00 4.853698026975114210e+00 1.418305895892633561e+00 5.324576174875283563e+00
0.000000000000000000e+00 -6.511703913216032369e+00 1.289613570995242764e+00 4.923495370196851795e+00 -4.004286287346576323e+00 -6.819949385915718310e+00 7.543586957405544524e+00 4.332303482723179222e+00 -2.227687366883520426e+00 8.275283032353573986e+00 -8.075812721139605799e+00
0.000000000000000000e+00 -6.360547859176877594e+00 1.109559443297994052e+00 2.263384383810583600e+00 -7.041387560812341739e+00 -6.634420577290185861e+00 9.627999820005342713e+00 6.673184805642820905e+00 -4.984809610241695665e+00 8.115368812721174052e+00 -8.754072613892384780e+00
1.000000000000000000e+00 3.240952756779990729e+00 8.075510597659476986e+00 -2.224965413072117926e+00 -5.454721347726382064e+00 -5.225358096441741651e+00 7.986651863648101646e+00 2.035606133378558003e+00 7.361065755573656055e+00 -2.602679664930037662e-01 4.268496123326483982e+00
0.000000000000000000e+00 -5.971145266581733502e+00 4.089616291593081154e-01 3.489833849709762958e+00 -3.715209399746821184e+00 -7.308226572377307662e+00 6.348781970314555601e+00 7.305640318740906025e+00 -5.103671072205424153e+00 8.761201951114458097e+00 -8.654515373026560709e+00
1.000000000000000000e+00 2.943804945202119772e+00 6.074922912283529541e+00 -8.429915774205376522e-03 -4.878184866980887158e+00 -4.502124256392920465e+00 9.170472598402946929e+00 3.640375984150267641e+00 6.852438163572600160e+00 -4.096608194804804981e-01 4.748473480703999883e+00
1.000000000000000000e+00 2.660384844108039992e+00 5.004950500488618559e+00 -2.305430240030699629e+00 -5.333832733742921661e+00 -3.600881791862352799e+00 7.244176833725228803e+00 1.539649815014862755e+00 7.432140061472241044e+00 4.604762498740876397e-01 4.480599973272667569e+00
0.000000000000000000e+00 -5.273134790693000618e+00 2.166994203480768100e+00 4.394564672173019382e+00 -4.524990209145326681e+00 -1.029440603975773882e+01 7.299665587366577668e+00 5.601003046445043765e+00 -2.324595047379885759e+00 7.887988443880657563e+00 -8.976880803146373822e+00
0.000000000000000000e+00 -7.872097894190105194e+00 2.019856633376143851e+00 3.992818745673858860e+00 -6.465663126739208622e+00 -9.342148380656290385e+00 7.468602001263680457e+00 5.371640153076774560e+00 -2.857150280686523658e+00 7.558286469210379721e+00 -8.873513542324495518e+00
0.000000000000000000e+00 -5.178951170819958705e+00 2.862764457042506372e+00 4.250529870643221741e+00 -5.720993062641125171e+00 -7.363996043366463518e+00 7.519999690106091705e+00 6.807313444580086248e+00 -4.059798083003323121e+00 9.759056135260989251e+00 -8.865888859648244136e+00
1.000000000000000000e+00 1.262899883377818444e+00 5.632809169581983078e+00 4.051325997445862637e-01 -5.057948087953327843e+00 -3.305167714971796844e+00 8.562513494307767203e+00 1.587020688712919902e+00 4.979946460660679364e+00 4.091836151400209953e-01 4.905451312992698654e+00
1.000000000000000000e+00 9.506284989493869464e-01 7.139946412975356260e+00 -7.104838438992143734e-01 -5.316113789376109899e+00 -4.583318486081031651e+00 7.780590581212835311e+00 2.044545720221711882e+00 5.927264605369062522e+00 -1.049025222189318596e+00 4.154711776816021107e+00
0.000000000000000000e+00 -6.661592785610112699e+00 2.793020313527646792e+00 2.859367517713763185e+00 -7.429145487613195264e+00 -6.979008814529886529e+00 8.840835154586400790e+00 5.298116706800538367e+00 -3.083696278360250176e+00 8.134696926758515190e+00 -7.625649171615741295e+00
1.000000000000000000e+00 2.217641513340439019e+00 6.372829726713485243e+00 5.695961080138836063e-01 -3.993820738165893225e+00 -5.620593771970890273e+00 8.084984631645408371e+00 2.657181959763110779e+00 6.325309249990844762e+00 1.576161537159921910e-01 4.839748817745006093e+00
1.000000000000000000e+00 2.518742806494452591e+00 5.371704388650345940e+00 -1.099633292674908613e+00 -6.367483749861831299e+00 -4.953413976967461885e+00 1.004351602189237447e+01 2.029700736799860739e+00 6.000975467231930871e+00 9.167788516178443370e-01 4.438376415476334103e+00
0.000000000000000000e+00 -6.772526129019175833e+00 4.232901225894585284e-01 4.088215427915388389e+00 -3.491374740706399749e+00 -7.176980548483957278e+00 8.049477129398727726e+00 7.086250479990273909e+00 -6.706946308514343258e+00 8.990489210886957849e+00 -8.485928524395164985e+00
0.000000000000000000e+00 -5.831116497382537567e+00 2.647168102920190336e+00 3.598579161763494128e+00 -4.270546666510327327e+00 -9.140936439024676119e+00 9.219292118441098083e+00 5.937942310004237001e+00 -4.888919108201414510e+00 8.493454818415315799e+00 -9.816564126933085888e+00
1.000000000000000000e+00 1.770462188625228972e+00 5.800124927682236198e+00 -3.611695166663503875e-01 -3.916501296655597208e+00 -2.491992546890637428e+00 7.976393893615048469e+00 2.276263403093110593e+00 6.607405688321896342e+00 3.601848004671642789e-01 4.994477684180811394e+00
1.000000000000000000e+00 2.049476511672450929e+00 5.207075031884057736e+00 -1.986934073111968901e-01 -5.265306883939052440e+00 -3.487529097087638696e+00 8.531336732035743609e+00 1.546211783906209947e+00 5.839868147663508147e+00 5.515500373997543893e-01 3.723331116301590527e+00
0.000000000000000000e+00 -7.475114361483088388e+00 5.854234050169254688e-01 4.114244356511370881e+00 -5.257469585178398574e+00 -7.535254741019428160e+00 8.852581396476454145e+00 6.020657955479213896e+00 -4.109947045312579483e+00 6.482937291914810274e+00 -6.578630560969067176e+00
1.000000000000000000e+00 2.019088751879230426e+00 6.074613699193724514e+00 -3.804469864542721069e-01 -5.074308831669985587e+00 -4.522192788025077625e+00 8.667848315296826200e+00 1.680717611794440902e+00 5.456798563745659969e+00 4.042471836317244605e-01 4.797702240344180247e+00
0.000000000000000000e+00 -6.787070144959927553e+00 2.095713188976531693e+00 3.916092103904499133e+00 -4.932541691566905584e+00 -7.507078389898069304e+00 7.845855142508221469e+00 6.438469954068620105e+00 -2.904145266408744153e+00 1.013359516974670349e+01 -1.004132707545551817e+01
0.000000000000000000e+00 -5.843956702467633768e+00 1.090087810312984296e+00 3.085281911784747866e+00 -5.219492618243647186e+00 -7.838755300922484182e+00 1.000111318873416799e+01 6.723758032457849865e+00 -4.835049584403708245e+00 9.115790352817914055e+00 -7.896406951799558094e+00
0.000000000000000000e+00 -4.171714077345125560e+00 2.320042366429845515e+00 4.624388371347317950e+00 -3.914031298705465289e+00 -7.658230626685542219e+00 8.254819555415302545e+00 4.133152067887032821e+00 -3.424397633774741045e+00 8.616883028705553116e+00 -7.137613167269557302e+00
0.000000000000000000e+00 -6.843048907182629925e+00 1.326326405339835368e+00 4.480179557062250240e+00 -6.540075407869065494e+00 -5.617796849058118269e+00 7.788991790229414569e+00 6.986500786875681435e+00 -5.731679632276713399e+00 9.430660527970800899e+00 -6.863137189237888514e+00
0.000000000000000000e+00 -6.840355195278296385e+00 2.488565421042792991e+00 4.132147161508855859e+00 -4.516785223132610660e+00 -8.176223969323903162e+00 8.232979687925279677e+00 7.574854772986173046e+00 -5.326189210007295394e+00 8.492593870742249251e+00 -9.587264454597788088e+00
1.000000000000000000e+00 2.841309057916852066e+00 7.033195840839841395e+00 -1.322676800710253842e+00 -5.283381360564955109e+00 -3.790223860107752696e+00 8.136737239973324876e+00 2.337988452636897474e+00 8.159691357321625205e+00 -3.044228036969497397e-01 4.202843920460363591e+00
0.000000000000000000e+00 -6.166332102548143901e+00 1.335961985821855214e+00 5.370660132098823425e+00 -4.449642021794908864e+00 -9.750543126175507780e+00 6.795826248156123128e+00 6.871568384173417421e+00 -4.818562778999230467e+00 8.365426227601966858e+00 -7.101923750351238240e+00
0.000000000000000000e+00 -5.303174500416294457e+00 8.891426710509132691e-01 4.322610689985809884e+00 -4.629830764048256775e+00 -8.453436033719807341e+00 7.463807956788443221e+00 4.496095249930683657e+00 -3.581831042679060495e+00 7.960032353824093576e+00 -8.773559193068615869e+00
0.000000000000000000e+00 -7.918719283545077481e+00 1.787306006187925789e+00 4.764918972401392061e+00 -4.119649901317722573e+00 -8.059770204511176317e+00 7.890538232996402890e+00 5.819811102591041063e+00 -4.570942495610563761e+00 8.419093299986359469e+00 -7.077395601845288375e+00
0.000000000000000000e+00 -5.112828181244625014e+00 9.856202952620126689e-01 4.743610223740822640e+00 -5.391275726591897133e+00 -7.874340666184421522e+00 8.071297863732759481e+00 4.972492902225185141e+00 -2.198168834645228387e+00 9.045788865179574145e+00 -6.568728245594188664e+00
0.000000000000000000e+00 -4.548284913932764795e+00 7.957326638502393301e-02 5.751062523073662724e+00 -5.070562127294229171e+00 -7.799787612546788651e+00 8.412613872987041219e+00 7.197623036954203357e+00 -1.851117971507330484e+00 7.590852339733054954e+00 -9.534689658227442521e+00
1.000000000000000000e+00 2.165708518395428772e+00 7.341076039724459434e+00 -4.702173927434388778e-01 -3.954445720858647650e+00 -3.747880370156229546e+00 8.262349766803541939e+00 2.661626820498953716e+00 7.839701056497346165e+00 1.093891207186804770e+00 4.888363770153473453e+00
0.000000000000000000e+00 -7.021647393725666042e+00 9.163518119553643038e-01 3.766682969526337299e+00 -5.056960611594652377e+00 -8.900415901512305439e+00 9.066740708763211032e+00 5.705360116860511255e+00 -3.803913692121456691e+00 8.705306505642065318e+00 -6.703793928944119074e+00
0.000000000000000000e+00 -5.994357638333164928e+00 2.576560142407070764e+00 2.586734521673412779e+00 -4.436742920771894028e+00 -8.195175373390293672e+00 8.285649037622727420e+00 6.309003120647425966e+00 -3.924168111508622214e+00 6.682346793614954095e+00 -8.977734560384108775e+00
0.000000000000000000e+00 -6.438589894904891864e+00 2.074342582519628220e+00 4.342656673264054135e+00 -5.238883322667553522e+00 -7.584129039139780204e+00 9.386066973245267064e+00 5.264488057976659086e+00 -4.181422188909787785e+00 7.691777846923068651e+00 -1.032024390247748435e+01
1.000000000000000000e+00 2.582337421633966290e+00 6.191304455246220861e+00 -2.530319185537821536e+00 -6.628622218741769601e+00 -4.587550547144665813e+00 8.369543050903931913e+00 3.071632665609703494e+00 6.479406752866821328e+00 1.261011121081058839e+00 4.567001344427803033e+00
1.000000000000000000e+00 1.381453484719834979e+00 5.197259514168366401e+00 1.631935307403951096e-01 -4.158034883741836829e+00 -4.120944640441296158e+00 7.834243842852284700e+00 1.515820673641672833e+00 7.782967275494094395e+00 -1.004759990847100548e-01 4.525212454128388906e+00
1.000000000000000000e+00 2.738312379517473971e+00 5.164913449837981396e+00 -1.445070733963163656e+00 -5.020380632356238770e+00 -4.140919773707769203e+00 7.401256731006347067e+00 1.765690109992120727e+00 6.919810373046688667e+00 1.344668002920536232e+00 5.201384809918764951e+00
1.000000000000000000e+00 2.607841810937400862e+00 6.433785061459049714e+00 -1.659492022778228826e+00 -5.055816597723872263e+00 -3.338573423761292958e+00 8.014141043350965887e+00 1.150646869270581796e+00 6.846736339111191505e+00 9.743291841170805823e-01 4.688513591085701648e+00
0.000000000000000000e+00 -5.847751352234593192e+00 3.417541554663503511e-01 3.788486155205103234e+00 -6.619530366405217414e+00 -8.964297688044482015e+00 8.801801509565910564e+00 8.661753341724351074e+00 -6.418333903901832116e+00 9.631831225801752439e+00 -7.955304000974695811e+00
1.000000000000000000e+00 3.775752936988206798e+00 6.024122798626467379e+00 -5.636435105806678614e-01 -5.025490974989565984e+00 -5.004842685595207286e+00 7.926402056907448035e+00 1.719624076194416595e+00 6.020252383356379688e+00 -1.672159606962169143e-01 3.197925265787036508e+00
0.000000000000000000e+00 -5.866647801733795298e+00 8.249072950928403314e-01 4.327863396150386954e+00 -5.988137662687735840e+00 -7.612457593794331956e+00 8.231215917947437788e+00 4.640464278973618129e+00 -3.247561615272034796e+00 8.949654404514490125e+00 -7.366983203514644529e+00
1.000000000000000000e+00 2.646137596787256019e+00 5.261853193362556524e+00 -3.423417523390248629e-02 -5.573543157996080133e+00 -3.437591567105219070e+00 8.187963865455973433e+00 2.638714877851029428e+00 5.351302684376824992e+00 2.717438798118864685e-01 6.050213704707152473e+00
0.000000000000000000e+00 -7.339194034624007656e+00 1.665516189853834428e+00 3.453036357976055903e+00 -5.350735255349520436e+00 -7.858201372800143858e+00 9.312804780029731333e+00 7.785082331383626375e+00 -3.804068068333120500e+00 8.951168438030530083e+00 -8.524589428439126593e+00
1.000000000000000000e+00 2.672298419677383130e+00 5.604171752365897596e+00 -8.978274543923487894e-01 -4.885218908153409423e+00 -4.309804798864301567e+00 8.066628394169143235e+00 1.594550066964665724e+00 5.525986914749628554e+00 1.078120248216579036e+00 5.036648981526568924e+00
0.000000000000000000e+00 -4.626332063407153861e+00 1.454291926648495270e+00 4.627974454573136498e+00 -4.153191988585861694e+00 -8.124405972682117394e+00 8.430283828578536642e+00 7.799698790753205380e+00 -3.088355215570180334e+00 8.917308175555294980e+00 -9.243308029340729703e+00
0.000000000000000000e+00 -8.579419051960998743e+00 3.442330358477436736e-01 4.633431198287079056e+00 -6.126701879318635413e+00 -8.704447118786415416e+00 8.775906159344481594e+00 6.255210625535326585e+00 -4.684419325685833968e+00 1.022839972695435762e+01 -7.793582367020766455e+00
0.000000000000000000e+00 -6.540730687988625114e+00 1.801121180161565416e+00 4.325589452168425275e+00 -4.567968984655718323e+00 -7.196393267065630539e+00 6.468269058751225487e+00 6.930809598601650023e+00 -4.137655116337491279e+00 9.046285199445568637e+00 -8.392073757265741563e+00
1.000000000000000000e+00 1.100765157311313747e+00 6.930792537969604261e+00 -8.487475050808616084e-01 -6.078377140958352243e+00 -2.209975497381665654e+00 9.229123895481166073e+00 1.607567628864700726e+00 7.864600633557037312e+00 4.619981037819654857e-01 4.885806269428579540e+00
1.000000000000000000e+00 3.826510529556185425e+00 5.604619044074002687e+00 -9.546558770525527260e-01 -4.899250523419714121e+00 -4.568971141427605076e+00 7.606337901461094120e+00 2.649802640758805339e+00 5.550495931803775207e+00 2.048238440871529065e+00 4.590914829157400234e+00
1.000000000000000000e+00 2.333888859495239387e+00 4.513760661607420843e+00 -2.758679834775148443e-01 -7.798198693305323559e+00 -3.395767960157979548e+00 8.300863148494451949e+00 2.539794539786861094e+00 7.325786725785615516e+00 9.376593532891543958e-01 5.284758614851549297e+00
1.000000000000000000e+00 2.296279229716657433e+00 6.503445631885607980e+00 -7.964095621913565015e-01 -5.622036784697303169e+00 -3.859287548338006246e+00 7.646054107720230419e+00 2.381008024838205728e+00 5.962915984223062793e+00 1.784340562993845580e+00 5.789917813988368245e+00
0.000000000000000000e+00 -6.103634174065890150e+00 1.160949420961373990e+00 5.691269374762612188e+00 -5.916431033241684290e+00 -7.352429415342280450e+00 8.186854882065080830e+00 7.185637869007990730e+00 -2.992138683642090236e+00 7.733320081873233498e+00 -9.428370295782453780e+00
0.000000000000000000e+00 -6.001638315372021637e+00 1.786179961343407951e+00 4.948966764570965182e+00 -5.220117355922429425e+00 -6.329148938252451728e+00 9.873633380307262897e+00 5.530667078717224072e+00 -5.368397555432002477e+00 8.363160773691676653e+00 -8.291282157229913352e+00
0.000000000000000000e+00 -4.622071003550867196e+00 1.491375226381904451e+00 4.686823392885077766e+00 -5.485418581524521997e+00 -9.139518324332522425e+00 8.579914873420571908e+00 5.904042427296503526e+00 -5.134611916389077102e+00 9.029970562502976250e+00 -8.684424613772115720e+00
0.000000000000000000e+00 -7.017473973423241418e+00 1.711854435250364181e+00 4.243372148574004576e+00 -4.351542443483381817e+00 -8.473350475821419536e+00 8.965934993241399198e+00 5.429869435647661113e+00 -3.652302729338706033e+00 8.146767988969275009e+00 -9.369487134291706099e+00
1.000000000000000000e+00 2.341752857221974349e+00 5.700127305615884765e+00 -1.059269293329993422e+00 -5.659616552290839486e+00 -2.786422051734363414e+00 8.526203846741870152e+00 1.064390636906022758e+00 6.173433475495603062e+00 -1.723769225678261074e-01 4.165430893932516199e+00
0.000000000000000000e+00 -6.848990429577827221e+00 6.081496080133584892e-01 4.106830174744774631e+00 -2.592577251910761493e+00 -8.598167440261015315e+00 7.089846420093738999e+00 5.089923886570133504e+00 -2.709364553822051214e+00 8.525353026365046105e+00 -7.338815194621274074e+00
