0.000000000000000000e+00 4.398164147630632126e-01 -3.035808150418930484e-01 2.001249545282543174e+00 -3.273807773756086004e+00 -1.017955580910629321e+00 -2.407609980343942802e+00 2.682096811908531997e-01 1.974957503801526126e+00 -5.160233973172381639e+00 -1.571120452605015316e+00
1.000000000000000000e+00 -1.681064294390526737e+00 -5.105182223486226523e-01 -3.457708279582741850e-01 1.818011671716384559e+00 -3.033131987299072296e+00 4.717219558492914189e+00 5.900091586111499531e+00 1.930463848196442012e+00 2.154691568872985741e+00 4.091548269286244377e+00
1.000000000000000000e+00 -1.949762794448054004e+00 1.906586529305321243e+00 1.133554424962611717e+00 2.360740083575293191e+00 -2.639657512731437006e+00 3.785852314521089390e+00 5.897234603903551253e+00 1.922488579008424292e+00 2.630950676595505744e+00 4.395403226544512876e+00
0.000000000000000000e+00 -1.353606149883550769e+00 -6.644349061962853131e-01 1.741667385445389904e+00 -1.499513139248692895e+00 -1.235451146948204570e+00 -3.952037311006672660e+00 1.677346798708707398e+00 2.415644467647199978e+00 -3.566203178961052433e+00 -2.057786547971140578e+00
1.000000000000000000e+00 -5.282235855689079163e-01 2.898315676323071077e+00 -1.630134884191271061e-01 2.923638466517006318e+00 -2.051390899652160371e+00 2.847599156255062880e+00 4.881869727244806612e+00 1.610346371508211138e+00 2.400772563421565309e+00 6.130344479772376509e+00
1.000000000000000000e+00 -2.315067005491512342e-01 2.827375180280848443e+00 -9.379281313029788070e-01 2.453792101671061765e-01 -4.029161008442303959e+00 1.816234434707217460e+00 4.405061532756681331e+00 8.028917405081256176e-01 2.473640304765671871e+00 4.547745869495697590e+00
0.000000000000000000e+00 3.209462565417637858e-01 2.562812064081264385e+00 2.812132556561708796e+00 -3.260072398325760901e+00 -1.131150669896115124e+00 -3.860584035976327044e+00 6.638416803844265912e-01 3.056527609265968337e+00 -4.423039662821234508e+00 -2.961624187746290104e+00
1.000000000000000000e+00 -2.954532561467799745e+00 1.206860892220203541e+00 9.205324009758427684e-01 2.764738965446153607e+00 -2.262517384024562705e+00 3.450232533873144991e+00 5.553503604568515328e+00 2.353536919384460191e+00 2.237359800896744577e+00 4.813018339749816299e+00
0.000000000000000000e+00 -9.730033988438534509e-01 -1.858079528629657196e+00 2.454600992295197237e+00 -2.333361729114099337e+00 -2.019330649690616930e+00 -3.339520276566731116e+00 1.131362542657568415e+00 2.158732995260578491e+00 -2.441239307071908282e+00 -2.879409459601063315e+00
1.000000000000000000e+00 -6.854965894194183784e-01 1.980440349055147653e+00 2.979724860482194648e-01 2.217362482066673746e+00 -1.200037861220665025e+00 2.392890322844416495e+00 3.829540643047036674e+00 8.872456791634303341e-01 3.062512059723658808e+00 5.662248454720615776e+00
0.000000000000000000e+00 -1.402751466009978909e+00 9.525546376973740292e-01 2.643997719069243413e+00 -4.280201001789054160e+00 -7.695794395791588638e-01 -3.938352761908021193e+00 1.992053542332650196e+00 4.055778511864052582e+00 -5.235885904360208620e+00 -3.543357458651553937e+00
0.000000000000000000e+00 -1.600009428344614015e+00 2.258721821269440710e-01 1.287267059309125106e+00 -2.099905947997224853e+00 -5.903423732996394557e-01 -3.611559974164725073e+00 1.295681560844061275e+00 3.816396194451284529e+00 -5.126548201124322190e+00 -6.152465526902821225e+00
1.000000000000000000e+00 -1.160930505588295025e+00 -1.159433132164142677e-01 1.623698610626222782e+00 -8.565904336956009502e-02 -3.457182389006170808e+00 4.301362090454697196e+00 3.723981282525064884e+00 5.980342181815390123e-01 2.433492872705245169e+00 4.862976930421820221e+00
0.000000000000000000e+00 7.691431408440323469e-01 1.512989562094516627e+00 3.860156020317060843e+00 -3.422285293822469932e+00 -9.401740698365856908e-01 -1.641759513842377505e+00 1.750453106644828782e+00 1.960380312609814046e+00 -4.416495187121866728e+00 -1.164456377440781232e+00
1.000000000000000000e+00 9.702697584514230478e-01 9.036840037939424253e-01 -6.032378386070236242e-02 1.994270909857021490e+00 -2.819046614852074306e+00 2.948121257430538655e+00 6.518918833849808969e+00 1.609267892633295505e+00 4.059336461587269795e+00 3.783461503788125846e+00
1.000000000000000000e+00 7.066290571594151526e-01 4.592820649528438492e-01 1.100902311921707843e+00 3.916867712752331698e+00 -4.221498159072858414e+00 3.192285683887861047e+00 4.549232544459252736e+00 2.570487354745156772e+00 1.007729414006792501e+00 3.703497557986744404e+00
0.000000000000000000e+00 -1.557103699020505161e+00 -1.640542916325781753e-01 1.026895864181192719e+00 -2.451792934103161237e+00 -7.727557073616345695e-01 -5.159882729539463142e+00 2.029483390273352672e+00 3.374213148839217524e+00 -5.442909560548913284e+00 -4.434113528932692283e+00
0.000000000000000000e+00 -5.317027601477972709e-01 9.768383207077948605e-01 2.528808668158174733e+00 -2.900082575889250336e+00 -1.800309970620161515e+00 -4.165312598734709937e+00 1.981352975495030311e+00 2.174686074205268049e+00 -3.267909963492414693e+00 -3.032229202598820006e+00
0.000000000000000000e+00 -1.028086853753690466e+00 -1.111642075007830854e+00 3.551336961152444793e+00 -3.750031268173876775e+00 -4.002289429441122648e-01 -3.496103117081044154e+00 2.009944050582716635e+00 7.354574456356255396e-01 -6.167054256345053886e+00 -2.629210859244019094e+00
0.000000000000000000e+00 -1.062046150401650069e+00 -1.208256437580119025e+00 2.039701795163163744e+00 -3.709570596875834347e+00 -2.258407194587049860e-01 -3.548324896993364508e+00 -9.100027064855464864e-02 2.108466512999925602e+00 -5.096537032087356422e+00 -3.691042874117552497e+00
0.000000000000000000e+00 -6.338513250571018443e-01 1.984916586863015864e-01 2.395530684632913854e+00 -2.391365610690392884e+00 -1.148025506561124676e+00 -3.340771829299768569e+00 1.686017623176470748e+00 2.473369406278139060e+00 -5.655451298421234618e+00 -3.559849277210579199e+00
1.000000000000000000e+00 -1.094657138180174627e+00 1.452231136515674370e+00 1.051308014415223147e+00 3.656585669232721436e-01 -2.933402171405653736e+00 3.768486842679407811e+00 4.831369186349671274e+00 1.979996545800859042e+00 1.671009154276404063e+00 3.876674000918997720e+00
0.000000000000000000e+00 -1.641002251257012601e+00 8.679419860390245045e-01 1.985702796541786164e+00 -1.515161549549568276e+00 -1.505264429687832806e+00 -1.791245723962614722e+00 1.195243445067005750e+00 2.134620844947416884e+00 -5.647022056722924788e+00 -5.358766438998989301e+00
0.000000000000000000e+00 -1.836747075654036720e+00 1.322820403119403798e-01 3.564477705965114485e+00 -2.437862745672629838e+00 -8.065087217833801780e-01 -3.862599365985668332e+00 3.322103994506813152e-01 1.834318256704722927e+00 -3.572603186119681418e+00 -5.558469229981725768e+00
1.000000000000000000e+00 -4.420237629236056232e-01 1.041972528246213336e+00 5.222988932106908955e-02 1.615790969988628367e+00 -1.942158650691419242e+00 1.717273165143467839e+00 4.348346049890603027e+00 2.191496621370180087e+00 2.036839461768861881e+00 4.460669540829618640e+00
0.000000000000000000e+00 -1.042975070465440357e+00 7.394894682697777943e-01 1.496766974419242668e+00 -2.511469366507398604e+00 -1.484953835972659952e+00 -2.965812101703842352e+00 1.056150824039069569e+00 2.459318978059505501e+00 -5.127366849971283891e+00 -3.962940199386058904e+00
1.000000000000000000e+00 -1.724553343227133606e+00 5.835963566217171605e-01 -1.964848693172035476e-01 1.679583125633178797e+00 -3.534658066770617779e+00 3.479657296009195377e+00 5.521515344170130568e+00 1.192462440871521645e+00 2.289469583501339667e+00 5.668459750656906770e+00
0.000000000000000000e+00 -3.023500584297893923e+00 2.723211758625565970e+00 2.517000078038487576e+00 -2.083873711358357195e+00 5.483214003608047893e-01 -3.136551285670505784e+00 9.602843046433404695e-01 1.887489805451804781e+00 -4.837416957530018990e+00 -4.043304229876905076e+00
1.000000000000000000e+00 7.782388109575164581e-01 1.000076103347727896e+00 1.001985552635592303e+00 1.579037202120228578e+00 -3.559688219911588458e+00 3.055739338342419842e+00 4.649125058022444357e+00 1.974730628806570243e+00 2.175410366186862454e+00 6.570611604897509395e+00
0.000000000000000000e+00 -1.103300833246477319e+00 -1.357921690935988357e+00 1.774261889089012056e+00 -2.680988058640648930e+00 4.498070231563471300e-01 -3.874870770355697935e+00 2.700802117773033473e+00 2.395066889922986775e+00 -5.820445512773905428e+00 -4.929820358061355101e+00
1.000000000000000000e+00 3.203349018809487081e-01 -1.250965455089387834e-01 4.128437376503895084e-01 2.361303518359894049e+00 -5.081424915616336691e+00 5.275741278720112781e+00 5.853044738126078173e+00 1.767485672092005133e+00 2.114354222652895743e+00 5.331516285538043576e+00
0.000000000000000000e+00 -1.607966435464204036e+00 -2.087029791577627247e+00 2.844371896356542528e+00 -2.781551612338200474e+00 -1.370359106053157694e+00 -3.728765369508783234e+00 1.539676279543322757e+00 2.366943153478564987e+00 -2.914799159831471087e+00 -3.914642256939617759e+00
1.000000000000000000e+00 2.466411431453265912e-01 3.467573656004265814e-01 1.447824595785160540e+00 2.815995975524637540e+00 -1.643170322647862447e+00 2.460800978594073207e+00 4.946120710698675538e+00 1.667283003795710261e+00 1.590989611547275917e+00 2.962485609119607677e+00
0.000000000000000000e+00 6.679320714273027093e-01 -2.224885344746594940e-01 3.263507790339125414e+00 -1.162024498237036019e+00 -1.473871124726784831e+00 -3.112977658592670061e+00 1.932943098124776604e+00 1.158747270000989982e+00 -4.788666448336126535e+00 -3.685856553842256744e+00
1.000000000000000000e+00 -6.241277441266449566e-01 -1.196260840979638473e+00 5.966330245580300229e-01 2.507772283774880151e+00 -7.374363909188996757e-01 3.224589323866947854e+00 5.357021449644317812e+00 1.792079423872043886e-01 1.685003474396824741e+00 3.061483919708291701e+00
1.000000000000000000e+00 2.923380993374049552e-01 3.456385365839925949e+00 -1.272938275753115578e+00 2.015267188872767790e+00 -3.285756720827201161e+00 4.975135845123082490e+00 4.815644546479008525e+00 1.888314246919659212e+00 7.790102142266468466e-01 3.357297220910351321e+00
0.000000000000000000e+00 -8.898258528164257886e-01 -1.533376071008499819e+00 3.909588657170551151e+00 -1.089222002841767400e+00 -1.925807427515472181e+00 -3.908745167806624288e+00 2.354101073889220075e+00 3.214343702018364279e+00 -4.594363019746350751e+00 -5.398939418404419044e+00
0.000000000000000000e+00 -1.515657388689156004e+00 9.105735491686228755e-01 2.137176252128720755e+00 -8.319690355617725963e-01 -5.826649017103585626e-01 -1.666057757962712493e+00 2.507555242733243706e+00 8.699782787847216703e-01 -5.759373989977892627e+00 -3.949527690658499068e+00
1.000000000000000000e+00 -1.546748614037563918e+00 1.933587073460033112e+00 -3.702070504142542795e-01 1.609717759662088188e+00 -4.383407871448219417e+00 3.238922575945366589e+00 5.059153176897582149e+00 1.898481581046120636e+00 1.190149554557059730e+00 4.576422165249760532e+00
1.000000000000000000e+00 2.453239994622342657e-01 2.426474963297031273e+00 -9.547236712977580364e-02 2.351714271680545032e+00 -2.961274480155416278e+00 2.153244639139292538e+00 4.804572758011952160e+00 1.160028203483048692e+00 1.394018520676763240e+00 4.550781716925892617e+00
0.000000000000000000e+00 -1.542195076732211234e-02 1.616762155561136893e+00 2.048083622535090242e+00 -2.242859052083567395e+00 2.958682102675720405e-01 -3.144895023148509772e+00 6.302039090669612209e-01 3.325059895367868279e+00 -6.120142960609774363e+00 -3.418609105363124012e+00
0.000000000000000000e+00 -1.540231291567039751e+00 -9.138851240839140910e-01 2.366239991269158516e+00 -2.520355125921985184e+00 -1.073531723147048700e-01 -1.397387987030908940e+00 1.350268985002123889e+00 3.010699073572554951e+00 -6.396623939134810755e+00 -3.394997125681335604e+00
1.000000000000000000e+00 -1.950538031040256026e+00 1.236975544333949184e-01 3.069876031286544182e-01 2.010524122207740128e+00 -2.895542270586549449e+00 1.910271551939724866e+00 5.526430167904930357e+00 1.442540389640183385e+00 2.920767412181662692e+00 2.805884273333224321e+00
1.000000000000000000e+00 -1.269878968065927705e+00 1.307033780073885376e+00 -9.305172904676244361e-01 1.580604143031634878e+00 -3.352667912299601483e+00 2.332097549593134644e+00 4.826225846383817242e+00 2.177892597178191281e+00 3.093068123538358805e+00 5.012827534834978671e+00
0.000000000000000000e+00 -1.238884995352496299e+00 -2.812945049498387640e+00 1.806032309261877300e+00 -3.389269646437338857e+00 -2.605403825144676055e+00 -3.588594552890074674e+00 1.399898567855872633e+00 2.429424200521492327e+00 -4.264181284536309846e+00 -4.016625731368590024e+00
1.000000000000000000e+00 -2.265084194990301114e+00 1.010418704897246389e+00 4.720578725843604939e-01 3.904575239908147921e-02 -2.987116932115389645e+00 1.353663608100523552e+00 4.302784914219815349e+00 6.578354354987923092e-01 2.831793273756688656e+00 4.236249064290390720e+00
1.000000000000000000e+00 -5.925721599468068979e-01 1.324907167983601752e+00 -1.259073468609732238e+00 1.094703215681497976e+00 -3.400733824292343499e+00 3.444864033663290748e+00 4.057278952309488318e+00 1.658238539978291737e-01 1.149109361731833090e+00 4.930883187202494966e+00
1.000000000000000000e+00 -2.370980982611959886e-01 9.326635426054785682e-01 2.241303121790330977e+00 1.709050220593890446e+00 -2.027349923940446885e+00 4.080534687537883620e+00 5.089059628304631211e+00 1.924893548160234724e+00 6.095337320013438642e-01 4.820087162333477337e+00
0.000000000000000000e+00 -1.825010579958951107e-01 6.127077907593405648e-01 2.481727036195612079e+00 -3.882506558314537948e+00 -3.744746183093056180e-01 -1.181056172251193193e+00 1.345903322868354124e+00 4.093915333023669945e+00 -4.716163230516937865e+00 -4.025995898051844435e+00
1.000000000000000000e+00 -1.761155135822904061e+00 6.408559963454624198e-01 1.201005003819860972e+00 8.582950435121382560e-01 -1.659278986802971145e+00 4.225494079737446285e+00 3.240862297217961263e+00 2.850740759248568956e+00 1.629510044657267898e+00 5.499314908982265493e+00
0.000000000000000000e+00 -3.236790677131395899e-01 -8.552304143079608734e-01 1.578371956059757775e+00 -1.811418510810009153e+00 -3.206633204805670267e+00 -3.825577529880967997e+00 2.202869160103756219e+00 1.721563683437338010e+00 -6.375521203941199921e+00 -5.780082489743171514e+00
0.000000000000000000e+00 -3.058096283903677381e-01 -3.484434204658614087e-01 2.864008439805146189e+00 -1.300900713690128052e+00 -9.140054317964890762e-01 -3.458920633675425016e+00 1.569736040075112360e+00 4.122039313026011342e+00 -4.717373720550488869e+00 -3.279787152274349360e+00
0.000000000000000000e+00 -8.658700405073735951e-01 1.277571353283827094e+00 2.775021463602132421e+00 -1.378858141567361084e+00 -2.574162479842709406e+00 -3.277944049300981710e+00 2.749038356937476557e-01 2.449129060255459400e+00 -4.260271256478407764e+00 -3.605742482418240691e+00
0.000000000000000000e+00 -7.463671089543719717e-01 -2.553515167460768787e+00 2.530261968366092074e+00 -1.319478295710482474e+00 1.264656133879005218e+00 -2.307160902879665798e+00 2.094179685124171630e+00 2.987487299478981839e+00 -3.711249977721257309e+00 -3.865341002455390473e+00
1.000000000000000000e+00 -1.051800030824795229e+00 9.746391964858902579e-01 -5.521369868124875735e-01 9.774605998991625633e-02 -4.201820824652469533e+00 1.725199910754658505e+00 4.830114976293957696e+00 1.467702705384015927e+00 2.492496740689452484e+00 4.611496644706464920e+00
1.000000000000000000e+00 -1.329137270383067504e+00 2.479997947699834615e+00 2.534020598373797561e+00 2.995810628467640235e+00 -3.339822413762497000e+00 3.756550550665248789e+00 5.033100806080064160e+00 2.831910771017325246e+00 2.320097381259664804e-01 3.537046888095228159e+00
0.000000000000000000e+00 -1.361619240750918891e+00 -2.525217911873570142e-01 1.101508420174801550e-01 -3.128221208021821020e+00 -1.046290048282199514e+00 -3.893477225053432189e+00 1.211823521394506775e+00 2.793039705725424593e+00 -2.757984170972418880e+00 -4.277126076650204389e+00
1.000000000000000000e+00 -1.992021249895405299e+00 1.558992074436743369e+00 5.615847938524904936e-01 2.364437371849160918e+00 -2.101251933611322009e+00 3.858381094635536801e+00 4.933007633269448355e+00 2.884409354461700215e+00 2.590741649044519868e+00 2.647993789336453130e+00
0.000000000000000000e+00 -9.705254146078942101e-01 -5.059584593547743481e-01 3.455831419949555894e+00 -1.872795321485150488e+00 -3.799931045809988861e-01 -2.821746995779076617e+00 6.839224847566547361e-01 4.457374974340158502e+00 -5.588155721894660033e+00 -2.984998374742938942e+00
0.000000000000000000e+00 -2.567842865843876332e+00 -2.453608890068610382e-01 2.638466699281032835e+00 -2.625582483403717582e+00 -1.489488821630012172e+00 -2.950237187386810511e+00 2.009868615605508335e+00 2.777482995925182330e+00 -4.631499364702224675e+00 -4.339527491308256657e+00
1.000000000000000000e+00 -8.830418956569718869e-01 2.010973848666681274e+00 2.754456239534841533e-02 2.789528371083357605e+00 -3.894343523325054068e+00 4.337718973225011432e+00 5.263713880200213246e+00 1.787129985790768760e+00 1.998566394359929888e+00 3.889020724140396013e+00
1.000000000000000000e+00 -6.114878452514429519e-01 1.570049954128557079e+00 3.684165036817204086e-01 2.747201591188529690e+00 -2.746850084142076209e+00 2.635577080973771302e+00 4.408000703285282817e+00 2.664008973313316986e+00 1.349991811479700488e+00 4.319691185298897729e+00
0.000000000000000000e+00 -7.660434857535575182e-01 1.591419619397221208e+00 7.364914448324442198e-01 -3.158067621697653315e+00 -2.475178365061361241e+00 -3.985250816746336966e+00 1.608337707287096352e+00 3.732338223574501068e+00 -4.784894938290039867e+00 -4.914303969448096332e+00
0.000000000000000000e+00 -2.115285039630300012e+00 -5.973520597965737977e-01 2.494024054728413820e+00 -3.764947264552915840e-01 -6.935481586625036332e-01 -2.197856590860069126e+00 2.569384877748763785e+00 2.395496698843580852e+00 -4.344116889507109391e+00 -4.787970680642290588e+00
1.000000000000000000e+00 -1.930122394939683295e+00 1.426162775622751067e+00 2.059912030960720841e+00 7.848157470765235733e-01 -3.242485511146956156e+00 4.244739952498628455e+00 5.119271512089353493e+00 2.531538449892627440e+00 2.269868466965699216e+00 4.846608936854877037e+00
0.000000000000000000e+00 -1.798756505315356247e+00 -3.642498129588381262e-02 2.321090727849425495e+00 -3.431793485777721031e+00 1.956554349088468481e-01 -4.322547990317935351e+00 2.129745729618306882e+00 2.168548789845786029e+00 -3.807915334168954224e+00 -3.065505738838900207e+00
1.000000000000000000e+00 1.485412592419910194e-02 2.962844591484440349e-01 2.004917558503831465e+00 2.404865734468888849e+00 -3.090081393402281495e+00 2.518830032919327166e+00 4.924892744189091509e+00 1.010707898838978602e+00 7.978769135197594231e-01 4.155235106915734278e+00
1.000000000000000000e+00 -8.825877372371594420e-01 -2.553642477926523213e-01 -1.217103859427406620e+00 1.547547757104526855e+00 -4.334399324537306697e+00 2.366228887316985663e+00 4.736901032425190117e+00 1.958726270786631085e+00 1.707676427921005047e+00 3.063683384413674382e+00
1.000000000000000000e+00 -1.507780908950557386e+00 6.277561591061420199e-01 1.242521695917109259e-02 1.972883665487568106e+00 -2.211788118566349937e+00 2.333916647890344365e+00 5.221700707847368506e+00 1.005139621753078805e+00 2.591943215830694314e-01 4.004911604293517335e+00
1.000000000000000000e+00 -1.551669011820700828e+00 1.314378456960262787e+00 7.304936687053606992e-01 2.841507439025332982e+00 -4.794381202537209674e+00 1.796290076718042750e+00 3.946578151660117939e+00 7.872626349951099556e-01 2.869699699400746429e+00 4.140507566820256891e+00
0.000000000000000000e+00 7.188913343391059030e-01 1.316616523447498244e+00 2.539703896763580993e+00 -2.085021928206319153e+00 -5.116251502616531166e-01 -3.732963865640264611e+00 2.222281629643971801e+00 2.876474461726798992e+00 -3.934197644197510169e+00 -3.442890013402912786e+00
1.000000000000000000e+00 -4.251464382918790363e-01 6.718388042329306309e-01 -4.719291306355406501e-01 2.372376581696292064e+00 -2.772067180034944123e+00 3.100555292346863112e+00 4.291392326100066157e+00 1.665556058907262438e+00 2.587144125065462763e+00 3.761953582949605579e+00
1.000000000000000000e+00 -6.986563681293682659e-01 7.406335771578849148e-01 1.844665356256970812e+00 7.947777728622880122e-01 -3.962995019940472208e+00 3.139249038767828903e+00 5.115254475220144315e+00 1.146364343077410641e+00 2.746522068025806895e+00 3.565792604250097142e+00
1.000000000000000000e+00 -1.518469187863709102e-01 5.439547195834197879e-01 1.985256235654597745e+00 1.750295369536557955e+00 -1.968094158818678885e+00 1.735011096026032318e+00 5.247268919422535483e+00 3.027255898541762136e+00 1.656780167540429005e+00 3.805526489189156258e+00
1.000000000000000000e+00 -9.498152937673300933e-01 1.515361349869086993e+00 -4.857961594449156095e-01 1.410474852647154664e+00 -2.451080256085968578e+00 4.117251611187677796e+00 3.985577252678878413e+00 1.255168191973116132e+00 -8.576719858201187208e-02 3.984545571561789234e+00
1.000000000000000000e+00 -1.418842639745448775e+00 7.628938237069315953e-02 -1.169919589037835550e-01 1.140895155340730049e+00 -3.445974293769609620e+00 2.109400504812974031e+00 5.207986132944364854e+00 2.376473257550078433e+00 3.455926278378927741e+00 3.513944861085515292e+00
1.000000000000000000e+00 -1.491519102752300929e+00 4.856051033643346004e-01 -4.937293340290059840e-01 3.360491800040512178e+00 -3.675499613860324644e+00 2.011688376194535888e+00 4.477986015245420504e+00 3.005842645478866260e+00 2.708716545302743750e+00 4.302313357229319735e+00
0.000000000000000000e+00 8.894961570200465850e-02 -9.871066487679525103e-01 9.768354322304702020e-01 -2.905678485274453049e+00 -5.170080961313306966e-01 -3.947858798849234852e+00 3.620131214931822328e+00 2.045167315107033534e+00 -4.803261134371216379e+00 -3.591481714566297168e+00
1.000000000000000000e+00 -1.645842002555969241e+00 2.029087942844022940e+00 6.175828808755889909e-01 1.892320119057876449e+00 -3.415679336271026045e+00 5.186965981466021169e+00 5.517853782019281894e+00 1.297143953434276131e+00 2.199011893264573025e+00 3.577348291109878620e+00
1.000000000000000000e+00 -2.634556742680699948e+00 2.189737305656503263e+00 4.575854186814921065e-01 1.887809311582050453e+00 -4.178604836938598410e+00 2.687434165800560493e+00 3.736552974555500839e+00 2.310974395682279692e+00 2.431194821759849134e+00 3.305157172204119753e+00
1.000000000000000000e+00 -4.559412198372607694e-01 1.342299251457405251e+00 7.252671911004072713e-01 3.801561717210232061e+00 -3.192107921352434374e+00 3.162635690530765764e+00 3.660977604046744549e+00 9.540828591603083275e-01 8.842502642213548869e-01 5.769756978132714487e+00
1.000000000000000000e+00 -1.679646941604473920e+00 1.394974558514508356e+00 1.178127327060589202e+00 1.940973382620596155e+00 -3.625965098211736404e+00 4.825006852119853917e+00 5.388207967745060500e+00 1.858860644282722463e+00 2.701101395979049968e+00 3.895654842796047124e+00
1.000000000000000000e+00 -2.066272722762829694e+00 2.470655518814379725e-02 1.862886416278395907e-01 1.173889844231262636e+00 -2.151363841455868453e+00 2.217980548569238319e+00 4.142119635109653863e+00 2.194280024662294881e+00 2.660090530943081344e+00 5.459626823316465760e+00
0.000000000000000000e+00 -1.651470806573815953e+00 1.057533738939480383e-01 2.655184800454065464e+00 -3.290041483235408570e+00 -1.096069545782798027e+00 -3.706614467393916090e+00 2.058195609996017694e+00 3.504689202051798347e-01 -3.279249022363717625e+00 -1.652637884908331189e+00
1.000000000000000000e+00 -2.480383155225406533e+00 -1.690681230759378817e-01 -1.531632765941614460e+00 1.916303975003713411e+00 -2.360918500228326167e+00 3.804570859757112622e+00 6.696805031942462350e+00 2.397156831636682472e+00 2.727472019693297778e+00 5.184920090036788665e+00
0.000000000000000000e+00 -6.325770660680870572e-01 2.181600415550404848e-01 1.715760490024727192e+00 -2.843511969853497412e+00 -3.358655992455695571e+00 -4.739545044398932205e+00 1.666361124380504100e+00 2.807018241901602096e+00 -3.776187265143793326e+00 -3.828152131190297958e+00
0.000000000000000000e+00 -7.649962060247761375e-01 4.537363498087222391e-01 2.383670075231695051e+00 -2.169836254628255467e+00 -1.197380759840654951e+00 -3.123945038335102176e+00 2.145770757161362674e+00 1.779102814185343995e+00 -5.305084491442728201e+00 -5.367665789589390890e+00
0.000000000000000000e+00 -6.733868038550252511e-01 6.207815649345063136e-01 2.121129233927637081e+00 -2.962784717127934009e+00 -1.381765924046820970e+00 -3.339991880278919467e+00 1.500190303830654326e+00 3.869532895408720474e-01 -5.974378800725353322e+00 -4.417303907330215829e+00
0.000000000000000000e+00 -1.802685881040874349e+00 1.827966308910432547e+00 2.091285658197064468e+00 -2.405685414664581856e+00 -6.010317205406678909e-03 -3.871189438557734785e+00 3.192339263721021503e+00 2.842797518613688457e+00 -3.960174714703789789e+00 -4.837749853132828015e+00
0.000000000000000000e+00 -1.108561782891462455e+00 5.671070663189925476e-01 1.024013672593089730e+00 -1.655652548816272773e+00 -1.259064889208247884e-01 -3.012512778828729143e+00 1.463213390577744910e+00 1.618657476299483644e+00 -6.307507222089919097e+00 -4.964652948274655309e+00
1.000000000000000000e+00 9.896963999448145088e-01 -1.336866767630857655e-01 2.955589451722201999e-01 -4.317383028371026832e-01 -2.965971406880806516e+00 3.428406270577027737e+00 4.613741752794981110e+00 1.255267707372298647e+00 5.651873459310989833e-01 5.467496043340133838e+00
0.000000000000000000e+00 -1.362730702972653418e+00 -5.069651585578732744e-01 5.726003693797674376e-01 -2.017132781474575864e+00 -1.303923354773468324e+00 -3.995369751150473991e+00 2.385525325106446104e+00 2.591603284786660577e+00 -4.588671737833665887e+00 -2.441268989109103948e+00
1.000000000000000000e+00 -1.096004162003531013e+00 2.496821192860440242e+00 -9.699994684657244903e-01 2.281275483106453450e+00 -4.120914797956356956e+00 3.395469139187904162e+00 2.050229426637631747e+00 2.066502455790545589e+00 2.515310092761233296e+00 3.085064353309527441e+00
0.000000000000000000e+00 -1.674121082439085306e+00 1.495722459111126224e-01 1.029833528230218009e+00 -1.803823461317059618e+00 -4.368393447371986538e-01 -3.848428182310205781e+00 3.077990523052538840e+00 3.116640309444885126e+00 -4.173588376185816351e+00 -2.269217912207829091e+00
0.000000000000000000e+00 -1.357299691102555883e+00 8.497839098735254781e-02 2.474055950965890815e+00 -1.994124748264926694e+00 -1.514461915031938721e+00 -4.427730592228270368e+00 1.357054351371016709e+00 2.536035215246027263e+00 -4.508903472863902806e+00 -4.350418178753975518e+00
0.000000000000000000e+00 1.272458096230479452e+00 1.740305634067719764e-01 2.901198487851381902e+00 -1.821950865126465757e+00 -1.872557050807339696e+00 -2.796633331363238106e+00 1.189858381129119680e+00 2.563529787034311891e+00 -4.509507002895400518e+00 -2.865580056091698857e+00
0.000000000000000000e+00 1.096452720804366621e+00 7.020038999610971053e-02 2.315874581097256080e+00 -2.939996333520995986e+00 -2.108036203531929775e+00 -4.158386176255477906e+00 1.628605733709196368e-01 1.540301561062157543e+00 -3.978519915454913125e+00 -2.697616427319147636e+00
0.000000000000000000e+00 -8.797616864213499976e-01 -6.248975840714657282e-02 2.090775329346461042e+00 -3.115086719608306964e+00 2.388628466664115546e-01 -3.559697808110774631e+00 1.436943425290690968e+00 3.079407846176189789e+00 -5.316677612191617719e+00 -3.405156982431158053e+00
1.000000000000000000e+00 7.991936196833238082e-01 2.730701621209526975e-01 3.515106588066052584e-01 1.573411097646748802e+00 -3.497459774744247962e+00 3.135877895886872935e+00 5.397564959137862495e+00 1.743995678819780792e+00 3.976784373625620095e+00 4.794059058335108148e+00
0.000000000000000000e+00 -1.603195333873042028e+00 -1.052139327434663540e-01 3.583675937965893343e+00 -3.577581634082195094e+00 2.932694794564696394e-01 -2.473071119040664456e+00 1.308463604478019793e+00 4.364691253423763406e+00 -5.663070989339299643e+00 -2.656815635705402023e+00
