0.000000000000000000e+00 4.115967846130508256e+00 -2.216110471503805357e+00 -1.593152628840079021e+00 3.122475704667024399e+00 -4.506227935438930077e-01 1.057010048089338516e+00 1.240725021435649333e+00 4.277779291881274037e-01 2.254756353975220229e+00 1.937857388613664522e+00
0.000000000000000000e+00 4.846278781771225397e+00 -1.592689144446449712e+00 -5.765516715207325005e-01 3.936844904609112294e+00 -3.139690113238477576e+00 1.501250213283315871e+00 3.045958017669859741e-01 -1.415931936966915439e-01 9.799107928312833504e-01 1.623955204887916004e+00
1.000000000000000000e+00 -3.629489035525090834e+00 -3.840077182377759968e+00 -3.158632229135551306e+00 -2.269526461282019181e+00 3.963216855450921283e+00 5.932133497689362045e+00 2.965034404268666268e+00 2.170031625300943734e+00 -3.325177285270481953e+00 -4.929137735835054102e-02
1.000000000000000000e+00 -4.575161331271673681e+00 -3.259351558761632184e+00 -2.827742738312891024e+00 -1.362034516826744479e+00 4.140633746436748197e+00 4.456367520111701452e+00 2.102640144056659999e+00 3.950660475347218092e+00 -3.607968598735915577e+00 4.296553648160217342e-02
1.000000000000000000e+00 -4.675351427491781564e+00 -4.707199146171280546e+00 -4.690611306218829490e+00 -2.820232729598159516e+00 4.237368353321437908e+00 4.447019128847498060e+00 3.240474841618020907e+00 1.911814022736763263e+00 -4.462140290982512525e+00 -2.101823726511339530e+00
0.000000000000000000e+00 4.246945138670735531e+00 -2.696908129270874532e+00 -5.348047480958819655e-01 3.340382792758642250e+00 -9.028147518478817357e-01 2.765549981807839952e-01 -1.298667169566508406e+00 1.464900325210425347e-01 2.123201362751061527e+00 -8.890788129337803269e-01
0.000000000000000000e+00 5.699508787452249869e+00 -1.263991983185607015e+00 -1.994173806671241111e+00 4.698917757298623599e+00 -1.818132607924102251e+00 2.176009123144583057e+00 -2.102234272981373664e-01 -4.871289355659196851e-01 6.726143374105402195e-01 1.735681019000529179e+00
0.000000000000000000e+00 5.992501707013409451e+00 -2.710010401256141677e+00 -1.752341080484621560e+00 3.102919741271409571e+00 -1.455989528348941908e+00 1.235603736409104370e+00 -3.668010251979753611e-01 -1.170165619669279788e+00 2.302053698998878684e+00 2.857826547743307355e-01
0.000000000000000000e+00 4.796893352709457048e+00 -2.790059471971239269e+00 -1.088796579419102351e+00 3.996678572455478751e+00 -1.398476503586357222e-01 9.780704982422692151e-01 1.469826557766819031e-01 2.696468510658468487e-01 3.637147586330412352e+00 -6.918345486258359323e-01
0.000000000000000000e+00 5.040636707937844463e+00 -2.768042664524060115e+00 -1.756380962951189728e+00 5.572519380634183506e+00 -3.943872822416913948e-01 -1.767887439416471196e-03 -1.411762558073227147e+00 -2.470625797598254569e-01 1.114076014638638146e+00 1.547844979559079848e+00
0.000000000000000000e+00 3.131447048892402663e+00 -2.955203751447107230e+00 -1.651004055888946720e+00 2.248929104652289013e+00 9.062988861096408222e-01 1.013647451037829939e+00 -9.975112376948899184e-01 -2.398774505085655429e-01 5.159549751573206944e-01 2.909322799477847887e+00
0.000000000000000000e+00 4.925080518992103862e+00 -3.241836907577547944e+00 -5.743256371740212973e-02 5.887883930994997073e+00 -4.045335647761943432e-01 1.235090840070128593e+00 -4.363445556225234445e-01 -1.425141026291328883e+00 2.196804167948059217e+00 -1.058266436374351915e+00
0.000000000000000000e+00 4.871083563770627123e+00 -3.191550591660138991e+00 -1.819533346756695424e-01 4.388197409238716595e+00 6.085611053708112061e-01 3.419031284141587079e+00 -8.797146645060311965e-01 1.588484550710729470e+00 1.254741266990631932e+00 1.784654020403078301e+00
0.000000000000000000e+00 4.872791056652177488e+00 -1.727021001123549171e+00 6.575106973373894270e-01 4.396149045357307550e+00 -1.139170302107886390e-01 1.479282653893148058e-01 -1.407211702791296704e-01 -1.213124188153174465e+00 9.363266980306597098e-01 1.055278389516818294e+00
1.000000000000000000e+00 -3.667776581156842131e+00 -3.108923429799559823e+00 -4.004922920446206014e+00 -2.538241326142299137e+00 3.213839895522012657e+00 7.198451664256060312e+00 3.732726562433921202e+00 3.593044843611875372e+00 -5.342389070006953844e+00 -8.169444320683894034e-01
1.000000000000000000e+00 -6.078407790304845904e+00 -5.708011207174626733e+00 -2.187109852572308277e+00 -7.772284912017042302e-01 2.477533203678111917e+00 3.145018980468213599e+00 2.121800189442296869e+00 3.060713716898938674e+00 -3.143707727696382292e+00 -9.468965139199910785e-01
0.000000000000000000e+00 5.865349954428160650e+00 -3.578085774454128121e+00 8.115148840205554936e-02 4.649768323982613971e+00 1.378731671273449866e-01 1.877324692229331404e+00 -1.583250763979701770e+00 -1.053384703943095024e+00 2.713509253440880009e+00 3.036739652480001883e+00
0.000000000000000000e+00 5.495250886914433863e+00 -2.820303422568133822e+00 -9.851597276567702899e-01 3.623543888565937454e+00 4.585795143114745898e-03 1.251952292528854205e+00 1.315002991594282022e+00 3.414695680261287114e-02 2.491162803522646296e+00 2.149093254120536756e+00
1.000000000000000000e+00 -5.834628692092753255e+00 -4.980057684501437265e+00 -2.590986806312567836e+00 -2.250038260111182797e+00 5.139672858750404139e+00 4.081414241939430809e+00 2.235393437611767009e+00 2.939182877067274546e+00 -3.558604924717875040e+00 -6.308712524953095091e-01
1.000000000000000000e+00 -6.522448660903361173e+00 -4.194326662028990071e+00 -3.334129138772110590e+00 -2.419652007891896606e+00 3.416252071883541408e+00 5.378903467728409105e+00 3.538987531135971309e+00 8.843944391439901853e-01 -4.798308124087853344e+00 -1.542295859899289745e+00
1.000000000000000000e+00 -4.699248426069480900e+00 -6.273047548818424524e+00 -3.382903671645831611e+00 -1.909901057065327645e+00 5.837329659021727402e+00 4.194543084411943568e+00 4.299020462679006727e+00 2.695186198518496834e+00 -4.190589627080053781e+00 -1.940188473112083090e+00
0.000000000000000000e+00 2.759053584067679310e+00 -3.177124603986118512e+00 1.005309109859611416e+00 5.467699743939996360e+00 -1.466245389958337642e+00 1.264895962108568472e+00 -1.657203759594462866e+00 -4.659246471369169473e-01 2.662437041165305107e+00 1.316429423921848807e+00
0.000000000000000000e+00 6.152066125258357054e+00 -3.816477450217632850e+00 -2.471205744385220893e+00 4.750909277867615188e+00 -9.080140906055569339e-01 1.143886249720602377e+00 5.017340207718290479e-02 7.367896227054735458e-01 2.187384892591427654e+00 2.240111426315896992e+00
0.000000000000000000e+00 4.588057318921711314e+00 -3.329466066478871333e+00 4.254462987152807241e-01 4.361500141350743043e+00 5.796183674677185538e-01 4.974982289188363271e-01 -5.902136502410523233e-01 8.654869760142330781e-02 1.246105833767750415e+00 2.083543249711504508e+00
1.000000000000000000e+00 -5.514734807215265988e+00 -4.435749687113308859e+00 -3.041311749600195569e+00 -2.298074014860358005e+00 5.264704723870807790e+00 4.395421500426818007e+00 4.096537509621878570e+00 1.973134968238053677e+00 -2.743692794960857384e+00 -2.701548494426633251e-01
1.000000000000000000e+00 -3.501772453875149793e+00 -5.389014877243748280e+00 -4.719275067035347604e+00 -2.527400865532257512e+00 3.061708284255151291e+00 4.576507400537821901e+00 1.752584744135577965e+00 8.978131275918632692e-01 -3.479551546264562756e+00 -1.212336511006778306e+00
0.000000000000000000e+00 5.026865082549651476e+00 -1.865732505414332998e+00 -1.125513919111648553e+00 4.416858405487077199e+00 1.251837029600506357e+00 3.493847469961371965e-01 -2.255769625973682579e+00 -5.497510477239885285e-01 3.578215939888180763e+00 1.547050249452297743e+00
1.000000000000000000e+00 -4.447889744465177486e+00 -5.671399651777363715e+00 -3.993163980007599090e+00 -1.740670023487550511e+00 4.749856703800360513e+00 6.505197275362927911e+00 2.742942751134305190e+00 3.784094810695252775e+00 -2.423398938973460481e+00 -4.865369105378608561e-01
0.000000000000000000e+00 3.846370483524459871e+00 -3.180178567662574007e+00 -1.340088709315517601e+00 3.276855244627786767e+00 -1.303200874696738065e+00 1.152801100863446448e+00 -6.609039270397017996e-01 -1.514965188404033158e+00 6.952102189296316403e-01 9.042694316029027402e-01
1.000000000000000000e+00 -3.196331451002358381e+00 -3.407646024726200817e+00 -2.966182951600963236e+00 -2.281374144412557481e+00 3.549673518152041130e+00 5.553957247914767414e+00 1.954063030500768239e+00 3.137076333706606768e+00 -3.672554290095788154e+00 -1.220584018183455299e+00
0.000000000000000000e+00 3.988515333387919970e+00 -3.207801060434229967e+00 -2.326529816137217210e+00 4.212568401524350747e+00 -1.044482582461038422e+00 3.221633560920652783e+00 -2.154190563610564269e+00 -1.247333779800924081e+00 2.345975031785162646e+00 1.043540302579769818e+00
1.000000000000000000e+00 -4.204794766734391231e+00 -3.259732071710234269e+00 -4.002324328192969460e+00 -2.191411884965300594e+00 3.470586499682404291e+00 4.040370087142235889e+00 2.705341928865883094e+00 2.401275947062269545e+00 -1.965940795803928109e+00 -1.559799962209718061e+00
1.000000000000000000e+00 -5.764643975676866816e+00 -2.515945525800791671e+00 -2.158200391784047767e+00 -1.258225994208936216e+00 3.660350378598683285e+00 6.153195761775855033e+00 4.074078238988795952e+00 7.830588123601245343e-01 -4.025589181704786412e+00 3.208636826531379160e-01
1.000000000000000000e+00 -2.945535720743831298e+00 -5.053807366303311177e+00 -3.825652880091840125e+00 -3.315474324270677897e+00 4.561872267448991103e+00 4.766538642264770864e+00 4.017567336584569659e+00 1.982158425058852425e+00 -3.223867882430898391e+00 3.792366651702592240e-01
1.000000000000000000e+00 -4.248069307176454146e+00 -2.879179528548005962e+00 -4.971132151460792237e+00 -1.602325993878584320e+00 4.450956309706107561e+00 3.949789457040188356e+00 3.908382330953708461e+00 7.583618018119626658e-01 -2.874351627673578324e+00 -2.601085008784243868e+00
0.000000000000000000e+00 4.797111470534895616e+00 -3.543168700903818191e+00 -1.097766193093045128e+00 2.632290632301118372e+00 -4.333592117389166165e-01 2.496235966470644385e+00 -1.931688986119233675e+00 -1.261421865396229247e+00 1.220472125216029990e+00 4.942877193790378154e-01
0.000000000000000000e+00 2.617938535502752018e+00 -3.088193509294835604e+00 -1.456737999713457965e+00 3.366031480244971341e+00 2.883529274972039813e-01 1.951523560892297393e+00 -4.649664727855262747e-02 8.974770232897590905e-01 1.662555615930378483e+00 9.890437554565795208e-01
0.000000000000000000e+00 3.401692698372869916e+00 -2.674593159807452381e+00 -5.172202590464467509e-01 2.093667363797551584e+00 -1.105645303529213086e+00 9.777477701421071199e-01 -1.607225715466496396e+00 5.626414817811363767e-01 1.662721068850204098e+00 6.606690387989118118e-01
1.000000000000000000e+00 -4.575555194422000760e+00 -2.378722606599156908e+00 -3.439175935513044902e+00 -2.231639989961875514e+00 4.258216068638854601e+00 4.027366808059550607e+00 3.521180229104152737e+00 2.411065274313713314e+00 -2.761792827303016562e+00 1.070058071824571133e-01
1.000000000000000000e+00 -5.424753191019878074e+00 -5.251867501831537055e+00 -2.458737892682000936e+00 -1.186622278687353260e+00 4.602266970763426279e+00 3.992974461541497266e+00 2.276155866252880244e+00 3.518372593933016823e+00 -3.169529246919365217e+00 -1.008154086217069700e+00
0.000000000000000000e+00 5.634890985791203732e+00 -4.877102627586921813e+00 -1.303379517227966744e+00 6.035905795817305020e+00 4.392193988685683115e-02 3.309289850856712567e-01 -7.432913157639875479e-02 -4.192787005928428345e-01 2.683434012630359078e+00 2.374900312524249824e+00
0.000000000000000000e+00 3.176261483634483795e+00 -3.354977621745365735e+00 7.982297999957854717e-02 5.033596487382899554e+00 4.866725552980948333e-01 6.983208978631827435e-01 -8.870316291456924462e-01 -3.426147461281113249e-01 3.073789299243887996e+00 1.100363133945446936e+00
0.000000000000000000e+00 4.341066078079921731e+00 -3.001763835111176615e+00 -1.051684183674022055e+00 4.274969183956009111e+00 -1.924209376570209074e+00 3.438472878174049452e+00 -1.310749582807817282e+00 -3.200832250686253655e+00 2.236217610542688750e+00 2.404993078375239346e+00
1.000000000000000000e+00 -3.780941858105151709e+00 -4.848211007835266706e+00 -4.608763290506708188e+00 -1.630903870103998177e+00 1.576159485202026200e+00 5.121819423130899551e+00 2.901336497150196703e+00 1.340430384732726576e+00 -2.210928183292386162e+00 -1.818515876320663027e+00
1.000000000000000000e+00 -4.191809346057860708e+00 -4.940038863177284689e+00 -2.354952268465240639e+00 -1.287637961202467762e+00 3.584412191340969223e+00 5.983149452052528794e+00 1.056170081200065169e-01 3.819485110148115758e+00 -5.132830817313454475e+00 -1.081680918355253818e+00
1.000000000000000000e+00 -5.098750026110447919e+00 -5.780468874203950946e+00 -3.204505196514131349e+00 -8.067482097378215755e-01 3.821565788644439188e+00 5.815336317178260828e+00 4.079626199937514741e+00 1.819570015289791565e+00 -5.392895873545636043e+00 -7.901671735937283447e-01
1.000000000000000000e+00 -4.667975732587777316e+00 -3.685022619886189510e+00 -4.169545546408194525e+00 -1.214564918142477579e+00 4.846580925298448861e+00 3.846060482148858206e+00 1.898558997617620703e+00 2.745438804053769388e+00 -2.933185248321032113e+00 -1.973003383757556684e+00
0.000000000000000000e+00 3.691474817765018734e+00 -4.333669677475691095e+00 -6.836296902323037994e-01 5.013369160626365506e+00 -7.239447142063099028e-02 1.232620621175602116e+00 -1.585470827331749710e+00 -9.639925224080877486e-01 2.345887907413545914e+00 1.898486820449094115e+00
1.000000000000000000e+00 -4.608539051158360600e+00 -4.184625325756291758e+00 -4.132231381185675012e+00 -1.505229935317124124e+00 6.319679514277574128e+00 4.975870657772326844e+00 3.274879477787081328e+00 1.718558889161702297e+00 -1.132721065339376221e+00 1.780657963608993644e+00
0.000000000000000000e+00 5.307290002942285589e+00 -3.029723541106616569e+00 -2.193821517191596904e+00 4.265749894048138202e+00 2.167372038430909198e-01 2.558608966962892417e+00 7.431480035058968259e-02 -2.640584222765889333e-01 1.433943945501694461e+00 1.203339083548859545e+00
0.000000000000000000e+00 4.758233628826359585e+00 -2.943415212027546524e+00 -3.705282121652564986e-01 2.595532057694742711e+00 1.434701963967776051e-01 1.532455643214705621e+00 5.089643671965031757e-01 -5.814172117624492042e-01 1.596313858780737283e+00 2.505936715901852185e+00
1.000000000000000000e+00 -4.171929937154494006e+00 -4.702925308395690784e+00 -2.395068441211203769e+00 -2.447623465034891588e-01 5.090270488303585417e+00 7.194496607610561867e+00 3.288036047093522818e+00 1.830703085749936232e+00 -4.308664880238402439e+00 -1.808003621874548550e+00
1.000000000000000000e+00 -4.887624062174012352e+00 -5.759770017255776864e+00 -4.527119662746939888e+00 -3.217779801081132707e+00 2.483980172630029237e+00 4.015672600279470039e+00 9.523327734723858740e-01 1.439572772347163632e+00 -1.171000107082095898e+00 8.241035273228720648e-01
0.000000000000000000e+00 5.260281823087892050e+00 -2.297090592368684181e+00 -1.896796647682114756e+00 2.540348416280937549e+00 -6.474146259578990037e-01 2.508340574136274981e+00 -6.711503535514851126e-02 -5.242687941845721733e-01 2.453615234121994337e+00 1.769618758698166427e+00
0.000000000000000000e+00 4.493752721680193574e+00 -3.457463350945175762e+00 -2.065901408326189959e+00 4.023753454441014732e+00 2.986450864717572484e-01 1.260248888993902305e+00 1.865636384270699111e-01 -8.323380989500324123e-01 1.642768170909691072e+00 3.584037970902132386e+00
0.000000000000000000e+00 5.084366440303222490e+00 -4.833489825601094303e+00 4.538948530142203897e-01 5.533480879607793668e+00 -9.420458854990299002e-02 2.601423778448503477e+00 -1.784585788338651335e+00 4.862984213164918135e-01 2.184612470117377470e+00 8.202096811765028361e-01
0.000000000000000000e+00 3.195872597977521323e+00 -2.650425254528545604e+00 -1.382746822623745597e+00 3.495660697526616012e+00 -2.181993400335254574e+00 7.717337215364052927e-01 3.554800977859660094e-01 -1.870709390118084625e-01 1.322637752274419709e+00 2.779811624932940539e+00
1.000000000000000000e+00 -5.166991969383499139e+00 -3.075085732975410657e+00 -2.657922991714216643e+00 -2.658702568310181924e+00 4.092504036244952736e+00 6.277808792786704117e+00 2.661214159565397974e+00 1.167546212143939943e+00 -2.290485603741739595e+00 -1.509370546550755643e-01
0.000000000000000000e+00 7.276796906637314599e+00 -3.803432955859080700e+00 -7.862191778293670108e-02 4.884073281726600158e+00 -2.312600803914887093e-01 2.724781916357643663e+00 -4.831411030192361844e-01 -1.433856064800457686e+00 3.472718198363939912e-01 2.014751022285095949e+00
1.000000000000000000e+00 -5.440769236748105087e+00 -2.562776116149382499e+00 -2.719202845795611001e+00 -7.291965498926546996e-01 2.340316285503030613e+00 5.787140608900892325e+00 3.189989970071875902e+00 1.638170447519128547e+00 -5.551952716325544657e+00 -8.241094385611199558e-01
1.000000000000000000e+00 -5.507117867123301203e+00 -6.862278494778707660e+00 -3.992894546548165113e+00 -1.094831086751302474e+00 3.112025504041739943e+00 4.373615372747279295e+00 2.393728709290196655e+00 2.396373737574791996e+00 -3.273805055982238255e+00 3.499202998272459286e-01
1.000000000000000000e+00 -4.660956428966755993e+00 -5.214830716248082254e+00 -4.269138879976726919e+00 -1.820089423370176984e+00 4.753610014112897630e+00 4.675815125082015911e+00 4.993716584247549939e+00 3.149793930874881465e+00 -2.503058327213687484e+00 -1.203680353520928614e+00
0.000000000000000000e+00 5.777379674651667685e+00 -4.601029220452870661e+00 -3.935557240755025443e-01 3.703250978942207894e+00 -1.708336023858715857e-01 5.889320002927593833e-01 -1.584017433140084474e+00 4.971562609145685485e-02 2.111568836861117848e+00 1.436595867196731824e+00
0.000000000000000000e+00 3.134727664016790705e+00 -1.777776041451273548e+00 -1.006512743688876776e+00 2.843407883408355374e+00 -4.816512077455070706e-01 2.428230308435920026e+00 -4.936835390149706404e-01 9.680697188521010244e-01 1.735181400130091367e+00 2.407287716361411256e+00
1.000000000000000000e+00 -5.051189045167581604e+00 -4.678957960652390113e+00 -3.123131305361737997e+00 -2.317608077902624686e+00 4.759005096874923346e+00 6.872977984219645897e+00 2.204974775964940292e+00 1.324125595653496745e+00 -3.645362268420079488e+00 -1.049682932488324338e+00
1.000000000000000000e+00 -6.212965878050393798e+00 -3.820131580488899559e+00 -4.549986254947326003e+00 -2.250066008529099548e+00 3.790614953552202238e+00 4.369011622714042531e+00 2.028806621934207577e+00 1.447233982228673277e+00 -3.534956139254853635e+00 -1.719598405367139371e+00
0.000000000000000000e+00 3.097092089393205683e+00 -2.565668853208944444e+00 -1.042647482344922327e+00 3.781294431406998502e+00 5.889309822009446416e-01 1.908341354473834572e+00 -2.237801571447406435e+00 -2.001612864380654777e+00 3.867683997028821707e+00 1.966701719528745063e+00
1.000000000000000000e+00 -4.481424385609039440e+00 -5.472101068898430398e+00 -2.973840652232067505e+00 -1.465993754930710269e+00 4.399142788506705593e+00 5.483490983019668974e+00 2.551802283977089747e+00 1.248558649104221541e+00 -3.118814569804901904e+00 -1.474038867035898814e+00
1.000000000000000000e+00 -4.400595335138161701e+00 -5.655469578481869597e+00 -2.391841365506019557e+00 -1.199457545653103807e+00 3.800742295060006271e+00 3.579710221126804370e+00 2.415383103678473642e+00 1.817033236170255694e+00 -3.829760468077195945e+00 -8.887263221565985249e-01
1.000000000000000000e+00 -4.080611313851206567e+00 -6.757373209357111499e+00 -3.896591134729872952e+00 -1.436738845061352521e+00 3.463240028371717294e+00 3.870151624508637145e+00 2.993968396909207907e+00 1.748273536608442313e+00 -4.075034311630822081e+00 7.190766155974841478e-01
0.000000000000000000e+00 3.773074646245373476e+00 -3.002769811948270196e+00 -9.975095682727335156e-01 3.550793022020775958e+00 1.790243606204618976e-01 4.111289418648083061e-01 -1.191151120866665192e+00 -3.473922538715359387e-01 4.945183700988804887e+00 8.159055690376673109e-01
0.000000000000000000e+00 2.331516739188989717e+00 -4.449944139427083556e+00 1.758357429548013107e-01 3.387724811710350448e+00 -9.528231186462955415e-01 2.655383271047925930e+00 -9.379829777012987924e-01 3.671715736978417022e-01 5.993589001475501110e-01 3.172908112484353893e+00
0.000000000000000000e+00 3.707776856166328461e+00 -3.599404515528171977e+00 -7.082184933928142856e-01 5.628708226036481577e+00 -8.194771932326805342e-01 1.528219238475402975e+00 -5.472850158074444860e-01 -7.187478634785110509e-02 1.022181549053185812e+00 9.639750470342054456e-01
1.000000000000000000e+00 -4.635296938048068860e+00 -3.467483542748045711e+00 -3.573182696766074251e+00 -2.254271366424591694e+00 4.105226201344421177e+00 6.630691769603171082e+00 2.724891373232851688e+00 1.985893769721523094e+00 -3.573373139990551728e+00 -2.853661301477847800e+00
1.000000000000000000e+00 -5.234199218201048609e+00 -3.181972172286018363e+00 -2.625648075419170446e+00 -2.908166168090548176e+00 3.074175599130277270e+00 5.224778341820905503e+00 4.404129613249077480e+00 3.074446920134147554e+00 -5.021961706610854392e+00 -9.700034928291925151e-01
1.000000000000000000e+00 -4.017527609719744319e+00 -5.203939405181731814e+00 -2.717994265274992660e+00 8.800208200556891569e-02 4.252495390782939921e+00 5.564542718337971650e+00 1.677307360872671405e+00 1.975077517702701346e+00 -3.412352834089887654e+00 -2.131277761114277247e+00
0.000000000000000000e+00 4.745248070705325283e+00 -2.254782884665820664e+00 -1.278404537177877831e+00 4.983032455374867276e+00 9.261951843127540496e-01 2.426270797088779574e+00 -2.890180366206718809e-01 -6.232495281232169893e-02 1.632930701775213711e+00 6.306495007275874087e-01
1.000000000000000000e+00 -3.731699152299789990e+00 -4.698410696722380209e+00 -4.259478693962441831e+00 -1.551199511516903051e+00 5.043015136506818763e+00 5.184140315263876531e+00 1.695101629319503367e+00 3.348390608600610108e+00 -2.222545429975679276e+00 -1.981576422322071096e+00
0.000000000000000000e+00 2.980797541388080063e+00 -3.757650236665889931e+00 3.323376070170973584e-01 3.479897535306058387e+00 4.337312387989585849e-01 -3.130441357627571364e-01 -4.403593791636202237e-01 -1.178288350324125378e-01 1.998659436321970073e+00 8.923912157263532707e-01
0.000000000000000000e+00 4.577429384070743623e+00 -1.995924744188440014e+00 -1.775478811483243158e-01 3.594816759052522848e+00 -7.208372861285541333e-01 1.188471197991825434e+00 4.344832874370658793e-01 -4.933351429098670193e-02 1.539207024791079625e+00 1.731102895343952230e+00
1.000000000000000000e+00 -3.737143755139247681e+00 -5.281640689753213103e+00 -3.707155446421642520e+00 -1.944853561428250055e+00 3.957140955943028171e+00 5.806652061452063585e+00 9.655001469781234746e-01 1.968814547845038065e+00 -2.148652482516542062e+00 -1.956850948169506221e+00
1.000000000000000000e+00 -3.999268283822552839e+00 -3.079407717976936798e+00 -2.928247454394105276e+00 -1.748370426054188354e+00 4.133230050549352441e+00 5.037894698308909014e+00 1.792584828692385557e+00 1.707993058890218796e+00 -3.206488665448142150e+00 -1.558911051330108766e+00
1.000000000000000000e+00 -3.950476048970774201e+00 -4.321516903576464230e+00 -3.035742261954980759e+00 -2.756902376929602383e+00 3.497056612940979026e+00 4.497441424357170092e+00 4.571548365495066157e-01 2.485921034675603991e+00 -3.215818396501613829e+00 -3.020006199439115413e+00
1.000000000000000000e+00 -4.980687743524875977e+00 -5.649573267393467546e+00 -3.608906798143662442e+00 -1.807604284846674014e+00 2.482192061698043517e+00 6.318793325030104491e+00 3.361503412460624673e+00 1.704264672616728094e+00 -4.283210205402401272e+00 -2.410390392994539610e+00
0.000000000000000000e+00 2.851046070400880872e+00 -3.310051663042288705e+00 1.557898782941826266e+00 5.234486832680005364e+00 -1.449079776770037631e+00 1.658541605057382018e+00 -1.470459710775091189e+00 7.632198879520171175e-01 3.396335930951979165e-01 2.527979615924939694e+00
0.000000000000000000e+00 4.597872901634793230e+00 -3.108564208837861553e+00 -2.117442069668716176e+00 5.127455276035982834e+00 -1.179502824906768499e+00 1.927252045306382167e+00 -1.511296607170741435e+00 -1.256649238248087608e+00 1.818821513880440444e+00 -2.031035827595690790e-01
0.000000000000000000e+00 5.525083190616868478e+00 -2.768540113222369925e+00 -4.544669068394602274e-02 5.015746439424044745e+00 -1.113951247744084050e+00 1.910212827324771379e+00 2.233286453748442035e-01 -1.385143040226849642e+00 3.002862479022143649e-01 8.162217196259420326e-01
0.000000000000000000e+00 3.346771267878804412e+00 -4.315541177882103341e+00 -2.686347192128473726e-01 2.891084198938709715e+00 4.099564991983519757e-01 2.627690414845206490e+00 -8.024647214858545707e-01 5.221141285391817100e-02 1.418530819600405835e+00 2.201438063212088458e+00
1.000000000000000000e+00 -5.303882511926372167e+00 -3.273906279118374396e+00 -3.106424169940551039e+00 2.783310963373475388e-03 4.545363580157864902e+00 3.579715075041856487e+00 8.065700045207602198e-01 2.673212584952749715e+00 -3.548251486663978049e+00 -9.001549197172895589e-01
0.000000000000000000e+00 4.636456993200255283e+00 -3.165318227868933576e+00 1.062016098997051738e-01 3.026792800093130342e+00 -1.023752781457043515e+00 2.199524270312600116e+00 -1.271180384888758841e+00 -6.540061543293826940e-01 1.769707301611806782e+00 1.690604232538024609e+00
1.000000000000000000e+00 -4.229317268528165918e+00 -4.400726637939534669e+00 -3.717917348810237499e+00 -9.319322996572603213e-01 3.835152330253856157e+00 5.739205422967152082e+00 2.435195803657490998e+00 2.667799367438565383e+00 -4.246265120808964788e+00 -8.399516112352496400e-01
1.000000000000000000e+00 -3.483772603797197220e+00 -5.825223262013710546e+00 -2.988647200002472637e+00 -2.252065750687690215e+00 4.076078352337888511e+00 4.721090680643650117e+00 3.212456655862805377e+00 3.994052752388708161e-01 -3.252511231986090046e+00 -2.279375589834744531e+00
1.000000000000000000e+00 -4.652720281318568851e+00 -4.782415018890912251e+00 -4.300276086180084611e+00 -3.248489758374090819e+00 2.450889487011391310e+00 6.164505282634992867e+00 3.076401543500987934e+00 2.791290157310960751e+00 -4.103946905233625486e+00 -2.390390690026382714e-01
0.000000000000000000e+00 5.570225021330621473e+00 -5.276693951281767880e+00 -7.578428543899567993e-01 5.344640392874163481e+00 -1.946346316369177432e+00 1.510261398519030962e+00 -4.901622154653599850e-01 -2.151986063030253860e+00 -4.755596799373069672e-01 1.543354954689226677e+00
1.000000000000000000e+00 -2.750509192239075418e+00 -5.021466785621165663e+00 -2.715331416861713976e+00 -1.684404484491835774e+00 3.772742174237578627e+00 4.143789035826605627e+00 3.966323638399653628e+00 2.844114937616929240e+00 -4.710910628496490560e+00 -4.854398684901393146e-01
1.000000000000000000e+00 -5.387740421848364214e+00 -4.258061766536047621e+00 -4.252987559750984303e+00 -1.164683081189475278e+00 3.773268721383264968e+00 4.279806680174888633e+00 2.607929031395737507e+00 2.764215316251812382e+00 -3.825973460649290114e+00 -2.119973556653061975e-01
0.000000000000000000e+00 4.254500616121974943e+00 -1.682550597549681504e+00 1.203970792040843119e+00 4.544181307490733346e+00 1.423727055047790291e+00 2.165462535822146872e+00 -1.800465234739063503e+00 -3.507536950231280315e-01 2.813446424166965887e+00 1.837268070095317229e+00
1.000000000000000000e+00 -4.356460150385524699e+00 -4.867722182434214950e+00 -3.678034018912797354e+00 -4.021908951132919796e-01 2.539072151678902323e+00 4.829146925789817857e+00 1.882912853391264463e+00 2.870244717125617129e+00 -4.124245190659930671e+00 -1.172643680925746557e+00
0.000000000000000000e+00 4.193733584045752139e+00 -2.741183132318124382e+00 -5.052692897659083471e-04 3.604529758327203126e+00 7.756673426498887913e-01 8.054196686101022795e-01 -1.622185221554997003e+00 -7.863001934803477422e-01 -2.160693735918779446e-01 1.541351993105086970e+00
1.000000000000000000e+00 -4.409976945070681609e+00 -5.324219997024821183e+00 -4.337634911650017244e+00 -6.046333185509831232e-01 5.035985093388081424e+00 5.257812907817664971e+00 3.439370734195088986e+00 9.570958714506372367e-01 -1.982681610083426138e+00 -8.050680550375659550e-01
