1.000000000000000000e+00 -3.339424234873184627e+00 -9.628504516253455492e-01 -3.642533970693244250e+00 -4.884928198397366472e+00 -1.015064245768657836e+00 -2.551031725977193521e+00 -8.759999400157603144e-02 -2.290282415044063491e+00 1.553332962907653103e+00 2.870358266753351817e+00
1.000000000000000000e+00 -4.272375126674281987e+00 -3.512454832435816243e-01 -3.244631905819155726e+00 -3.406887145128280281e+00 -1.317442764590510684e+00 -2.412787351813526993e+00 5.493278154391533219e-01 -2.570051278041487475e+00 1.276419613974374645e+00 3.771212409726382830e+00
0.000000000000000000e+00 1.074804280720305538e+00 2.385648813415519598e-01 1.102338647333803934e+00 2.903748239618019866e+00 7.306415920239937023e-01 1.865175497707603380e+00 1.417330292374328060e+00 -2.200755171066393345e-01 1.108708585128670654e+00 -1.039706731962959374e+00
0.000000000000000000e+00 9.135064450552816684e-01 1.547321258137884792e+00 2.755917215501264561e+00 3.019949731905771539e+00 -5.595759042688435159e-01 1.258971809216806959e+00 3.308811458260778160e+00 -9.282665433739640815e-01 2.696449401260136991e+00 -2.402191492440784337e+00
1.000000000000000000e+00 -3.238635318780991756e+00 -1.748964196623212120e+00 -5.825080926140028481e+00 -3.586148839046063408e+00 5.993654758649176184e-01 -2.551524827299278098e+00 7.905278286710539781e-01 -2.645763978620799595e+00 1.479308035345315409e+00 3.712607650162672357e+00
1.000000000000000000e+00 -3.254448947591262797e+00 -1.603201328885347055e+00 -4.893665854016537864e+00 -3.691035677904043855e+00 4.961820708739255181e-01 -2.915000969680991094e+00 1.164559737565473707e+00 -2.907645631165634459e+00 1.453057708610856480e+00 2.506460087273398418e+00
0.000000000000000000e+00 1.738683528406074208e-01 -4.300533245212180278e-01 3.563948353655010948e-01 2.419256671299228501e+00 1.364514360457365072e+00 2.149400439696161680e+00 4.158462155160601803e+00 -7.173202275020045260e-01 1.785911601885726396e+00 -1.837908314644406627e+00
0.000000000000000000e+00 2.113637038666006163e+00 6.030794144779501043e-01 9.183758754236859279e-01 3.667673362761815437e+00 1.472301378304495145e+00 -7.562347468945622708e-01 3.945151199801272490e+00 9.328930856842787556e-02 3.194284359702352916e+00 4.028806120060894891e-01
0.000000000000000000e+00 1.690995689048564898e+00 9.518951838263474130e-01 2.139004585249137502e+00 2.352088058221700084e+00 1.441033894031827911e-01 1.808485845221813770e+00 3.976357751271183183e+00 -4.812073264297116459e-01 1.966368432672076505e+00 -1.033444703504547757e+00
0.000000000000000000e+00 1.051621654591967214e+00 1.987675635738936686e+00 2.170675750351263478e+00 2.536201598535021251e+00 9.178774826020241751e-02 2.313010741981573748e+00 3.160667123487398200e+00 8.310040829282048236e-01 3.674573239464250740e+00 -2.896676747519941753e+00
1.000000000000000000e+00 -2.974111035207864795e+00 -8.051218763221428265e-01 -5.295010330473617799e+00 -3.654238588181624614e+00 7.772387254231631903e-01 -1.886214200996534807e+00 3.375992310000172081e-01 -2.456173002589848497e+00 -1.128490456043005352e-01 2.431297125580145213e+00
1.000000000000000000e+00 -2.750158013883515995e+00 7.661664250559521161e-01 -4.321140320148609604e+00 -3.790975270648542672e+00 -3.850236680136201461e-01 -3.631999247730955283e+00 2.579292067723681914e-01 -3.515174064342120985e+00 9.146675733503712991e-01 1.422110598322481545e+00
0.000000000000000000e+00 9.507801021183835966e-01 9.420042746088094221e-01 4.422350969576065438e-01 2.828162676995591873e+00 4.874974118735174722e-01 1.146818169648740504e+00 5.271571909155452040e+00 3.849580040931167568e-01 2.616175397372120681e+00 -7.556102667497904823e-01
1.000000000000000000e+00 -2.844727698663255477e+00 -2.875929626240222525e+00 -2.825453893765804914e+00 -4.697027107245189015e+00 -5.048149564641402076e-01 -3.572018184823500420e+00 1.765067784074009660e+00 -3.003840234667319642e+00 1.728735274122418675e+00 2.728199596705787933e+00
1.000000000000000000e+00 -3.280575248210002126e+00 8.039483552726952587e-01 -5.179039607069801043e+00 -4.230052965077497618e+00 8.980892186413589329e-01 -2.646819971324683607e+00 1.165615155512043533e+00 -3.420187488414166310e+00 1.349577401348402761e+00 3.805730349228154896e+00
1.000000000000000000e+00 -3.783513924164626729e+00 -1.846057192385417989e-01 -6.384460681043458763e+00 -1.551463024149953629e+00 -1.441226288504916297e+00 -2.981908706416478871e+00 1.066263635918448749e+00 -2.788202957723278974e+00 1.342529358763288050e+00 4.170505939135642492e+00
0.000000000000000000e+00 1.593615292699154806e-01 3.607478228681382237e-01 3.204715092677091981e+00 3.568992582134406621e+00 7.510577863084748618e-01 1.370140059699557433e+00 3.445732081618351206e+00 6.054824118022810175e-01 3.112562629138659442e+00 -1.695437838958377297e+00
1.000000000000000000e+00 -2.682039051271979613e+00 -2.814206568970891165e-01 -4.771762626392408002e+00 -3.480842483403681964e+00 3.591487927115266654e-02 -4.010733903581846782e+00 4.485362485747682593e-01 -2.394939675498856779e+00 6.233080973330751284e-02 2.075113826159293851e+00
0.000000000000000000e+00 -7.961725235260470601e-01 6.222509328260237282e-01 7.009688429664757692e-01 3.457054618379912903e+00 1.398694197570659936e+00 -6.236825997835517832e-01 3.278750017812065654e+00 -7.483549153840132195e-01 3.355732223092209310e+00 -2.104015591072809777e+00
1.000000000000000000e+00 -2.176713959899922113e+00 2.572666637762748842e-01 -5.913549759860287303e+00 -2.620595562524425937e+00 -5.968281189813604559e-01 -2.092476188897933298e+00 -3.559871470151736439e-01 -2.794457571071102375e+00 1.573600048341149416e+00 2.151164385904365872e+00
0.000000000000000000e+00 1.183421146310814631e-01 1.299092755866313675e+00 1.619425297192008006e+00 2.120786573711951561e+00 5.038379868925066951e-01 2.732958480981388050e+00 3.655891475454872808e+00 1.974515509053089701e-01 3.447097284357030667e+00 -1.725993921888685279e+00
0.000000000000000000e+00 2.610268074713575359e-01 -9.217310043296282895e-01 2.267847051324014096e+00 3.396300307773968630e+00 1.408023393731952622e+00 1.495506072211394866e+00 3.976354275921575088e+00 1.747629806136962394e+00 3.728703644947555240e+00 -2.857919242311615093e-01
0.000000000000000000e+00 1.448252412757461860e+00 -8.513629188226647937e-01 2.293710375861820694e+00 1.346885824012866717e+00 -3.399453491860442433e-01 1.481647257626610870e+00 2.826274917511311546e+00 3.088972063288270009e-01 3.451622266391067839e+00 -2.188461110833577639e+00
1.000000000000000000e+00 -3.205305786343061847e+00 1.925039333863022839e-01 -4.167267472696556396e+00 -4.080715897582241070e+00 -1.900387408881051066e+00 -4.380334709084607425e+00 2.272962236306930173e+00 -3.474398415918429350e+00 3.009337166795430729e+00 1.576187577752299784e+00
1.000000000000000000e+00 -1.434828331780113375e+00 3.039614923926535206e-01 -3.443053677120389455e+00 -2.234301022403545112e+00 3.559332082876609515e-01 -3.852400844253905277e+00 1.834201731270750924e-01 -2.537658059873628247e+00 3.084494372969624809e+00 1.349101149963360946e+00
0.000000000000000000e+00 3.810494230539596128e-02 1.602434782343128417e+00 2.335981143989740438e+00 4.460969054359608776e+00 1.966411281547462142e-01 1.797272761465199098e+00 3.176258026440410553e+00 2.864912996044676197e-01 2.747625210812490337e+00 -6.990727641274206983e-01
0.000000000000000000e+00 2.754199013207776936e+00 -1.570276916621471397e-01 2.535159597348277671e+00 2.451718815817689467e+00 1.825574732680488976e+00 2.166036650642972461e+00 2.658739786097538804e+00 9.839127281944826109e-02 1.559171504442721456e+00 -9.856807075493353443e-01
1.000000000000000000e+00 -2.546388418088773697e+00 1.598801023458086057e+00 -3.818747476883251224e+00 -5.329982477779021011e+00 -5.716460937060400260e-01 -2.500391324832865969e+00 1.309890631382488735e+00 -3.168780294723752444e+00 7.799135268889315631e-01 3.559886666081280460e+00
0.000000000000000000e+00 4.464476373694279410e-01 4.413900410250011230e-01 2.799941711709007741e+00 3.574061812382400838e+00 1.678218516076138034e+00 2.323421122777165060e+00 3.965681911324717479e+00 -1.134716706442177481e+00 1.238521638765667676e+00 -2.026210838878077958e+00
1.000000000000000000e+00 -3.649618853634072568e+00 -2.409425799782815014e-01 -4.858603390759498986e+00 -4.734612158135155902e+00 -2.450260635779664131e-01 -3.677413104300496283e+00 3.563743899269791182e-01 -1.750524822669964342e+00 1.969602938831761296e+00 1.569490144868710857e+00
1.000000000000000000e+00 -2.391404463721990226e+00 1.980596784187723003e+00 -3.886234993100198931e+00 -3.608141855022193756e+00 -1.249644585425997656e+00 -1.980990862816714992e+00 1.040193069307283613e+00 -3.722497740491397256e+00 1.222153585450072466e+00 1.437106325673871421e+00
0.000000000000000000e+00 8.740689253031587169e-01 3.919249681701513777e-01 2.084055353560624990e+00 3.189954800915465238e+00 5.724349764517169259e-01 1.828527242340552972e+00 3.607390130682996521e+00 -7.788975053713607100e-01 2.158864593590809733e+00 -2.246021199786154554e-01
0.000000000000000000e+00 3.667985292864757163e-01 1.530171737520072295e+00 1.692004789363634298e+00 4.094561838576866286e+00 -9.710675802492689801e-01 2.662610823942121563e+00 2.830987294029391421e+00 -1.071689133555090878e+00 2.576420175227275511e+00 -9.107511699123621574e-01
0.000000000000000000e+00 -4.106418973368697323e-01 8.507148850196185608e-01 2.827047544481249286e+00 2.983801327842652285e+00 -5.265939813458349050e-01 2.453508626647067814e+00 2.285611449644190607e+00 5.251740787058545301e-01 2.470754024274904204e+00 -2.292369954403890464e+00
0.000000000000000000e+00 -1.761703195886047402e-01 1.836811194690845195e+00 3.473874540584984683e-01 4.266585240525420986e+00 7.156918635045539379e-02 1.570938916122782691e+00 2.821786206179960121e+00 -5.471702329707651691e-01 1.884625339133843669e+00 -5.824085676957048152e-01
1.000000000000000000e+00 -3.717735498508498271e+00 -4.657236566453953341e-01 -5.470738251276685560e+00 -3.050359832406369431e+00 -2.523503476733236717e+00 -4.539850274952558884e+00 3.638630813394606589e-01 -4.169125919574089956e+00 7.051258108514052436e-01 2.435228335604596062e+00
1.000000000000000000e+00 -3.979610413670070734e+00 -2.840196961960017585e-01 -4.372472686149456500e+00 -3.123116005172190679e+00 -5.355933889257404878e-01 -3.198619738190783934e+00 2.220979853682958804e+00 -4.016819482658017471e+00 1.295346959815675714e+00 3.485897210942689117e+00
1.000000000000000000e+00 -2.681778168803849116e+00 2.455424898571462400e+00 -5.039854354381256840e+00 -2.555493710689641595e+00 -4.201254173670396774e-01 -4.489080060455354904e+00 1.292053284826054860e+00 -3.028303451983582750e+00 1.844714930310158651e+00 2.012811908395675697e+00
0.000000000000000000e+00 7.669427666862308479e-01 2.482174585337803219e+00 2.799547942516152688e+00 3.697546974542497811e+00 1.146042099555449667e+00 2.279474822860894978e+00 4.524259001077478359e+00 6.353063582454269165e-01 3.367166812575684176e+00 -2.678617346327166082e+00
0.000000000000000000e+00 8.206092437382332960e-01 1.752199150922758797e+00 2.855207909751416473e+00 4.888440091831657952e+00 -3.056600819633525923e-02 2.617541502413399890e+00 3.172339317355991284e+00 -8.935640830151135861e-01 3.226240306258834067e+00 -2.752728699731924245e+00
0.000000000000000000e+00 -3.981613784664106426e-01 2.239162225275850848e-01 1.029324764225794997e+00 1.500673750170866239e+00 9.124728868458298336e-01 2.924139822038329228e+00 4.340529957797132354e+00 -8.886092552513444875e-01 2.023347013138145023e+00 -2.427653476832452917e+00
1.000000000000000000e+00 -2.618677089011558490e+00 9.151022504781354261e-01 -5.261073862700430759e+00 -3.954653167776738254e+00 -1.264459743393829161e+00 -3.327985782283564120e+00 8.266603739276657814e-01 -3.823886663557222843e+00 1.129217881814067459e+00 3.065751205312004846e+00
0.000000000000000000e+00 -7.525682492357643749e-02 8.006236216048714383e-01 2.368952437676125733e+00 4.827468360874608955e+00 6.294445790488090164e-01 2.322616927783776042e-01 2.761481511657343901e+00 2.227475615196844227e+00 3.358491864339147259e+00 -8.412436537560235017e-01
0.000000000000000000e+00 2.522126351311666070e+00 5.010843875884191112e-02 1.383815801883125918e+00 2.107572648483048816e+00 9.444091249975502533e-01 2.369960788831210419e+00 1.991582044764036663e+00 5.966957278908610052e-01 1.865336926130457318e+00 -1.853702154834493410e+00
1.000000000000000000e+00 -2.584350450860275927e+00 9.966262750848329244e-01 -5.636770738637062905e+00 -4.032022312494130567e+00 -1.269257670597346177e+00 -3.285995200185035436e+00 4.913219680927204402e-01 -2.574858577303989815e+00 8.330571818495957626e-01 1.406678561055537457e+00
0.000000000000000000e+00 -3.739942415255341768e-01 1.012961631311373623e+00 2.778954935643475288e+00 4.490102092071269091e+00 -1.474834576325371183e-01 1.696277311720820080e+00 3.468555221758199636e+00 2.638107782149425873e-01 2.647763668558582584e+00 4.680702372688063662e-01
1.000000000000000000e+00 -3.434381171157503410e+00 -5.459518000244384384e-01 -4.949431597672166561e+00 -2.621708948039393583e+00 -6.204914313679598115e-01 -3.381559390394425435e+00 1.832628980855652623e+00 -3.247989665292764894e+00 3.884594246990068722e+00 3.049343018475380696e+00
0.000000000000000000e+00 -3.133247296322435593e-01 -2.059758008284655606e-01 9.290720833318375504e-01 2.338622123851220813e+00 4.446247608569129373e-01 1.887751577727262875e+00 3.414367928265007013e+00 -1.396965849362086898e+00 1.985360644697903743e+00 -1.944601650026859918e+00
0.000000000000000000e+00 2.407136154056408017e+00 3.725416926635752302e-01 4.221720488525442683e+00 2.861937680254141636e+00 6.764487457498571388e-01 2.478256079649912458e+00 5.084599036401132643e+00 -6.523965654053575092e-01 3.051327322516114382e+00 1.103059468644401520e+00
0.000000000000000000e+00 9.104297726223468112e-01 1.760935102807828612e+00 3.412023756018732534e+00 4.910768974075558901e+00 2.833624892695431718e+00 2.851319813120118063e+00 3.620408238005544010e+00 9.348913584427914758e-02 1.536067333872821461e+00 -6.081467800622492037e-01
0.000000000000000000e+00 1.538940115550724963e+00 4.294292808680629236e-01 2.227233383619702689e+00 1.526315637456035379e+00 1.799880841356830130e+00 1.822548654833081816e+00 4.202088241430661952e+00 -9.479075678122842463e-01 1.473516745264644268e+00 -3.789679099189308786e+00
0.000000000000000000e+00 8.779764701747494460e-02 -1.410817880680115266e-01 1.641375156367448795e+00 2.810056262627685708e+00 2.638560812250257404e-01 1.566811064711868706e+00 4.128130077672548914e+00 -4.128483659012386342e-01 2.487076830646175907e+00 -2.528751453643307556e+00
0.000000000000000000e+00 -1.455403693070487225e-01 7.172910955106899245e-01 2.984012409666470411e+00 4.055432528345864540e+00 9.892755046075256686e-01 1.297653612621708197e+00 4.574489733905924282e+00 1.383955841201192638e-01 1.821377196886612371e+00 -4.236063628636248524e-01
1.000000000000000000e+00 -3.354929857635295942e+00 -8.727959397724999180e-01 -2.412908826435972820e+00 -2.829344769024521256e+00 -4.410554736573027435e-01 -3.681410178598514271e+00 -3.579633001178896823e-01 -2.544158530225200998e+00 1.320509121021107735e+00 2.203144043573267652e+00
1.000000000000000000e+00 -5.046134974683793573e+00 5.127240321054941097e-01 -3.508212864744172599e+00 -2.596350640633076079e+00 -7.724541666866918677e-01 -3.311129386469150671e+00 1.437223110801198356e+00 -3.827620803437844277e+00 1.582584531432311259e+00 3.043058273726573226e+00
0.000000000000000000e+00 2.069879889944392204e+00 -4.053494449181269665e-01 1.669798225481828435e+00 5.835710266796702683e+00 2.087095321449681684e+00 -3.456331381212354170e-01 1.938796182535722723e+00 -1.400625606389701350e+00 1.930431908768461380e+00 -2.152499863662296953e+00
0.000000000000000000e+00 1.569865924648497169e+00 2.942501730925137782e-01 -2.590746326805981603e-01 2.479511990077986283e+00 4.559865366494423311e-01 1.504296720342617633e+00 4.555713195117275127e+00 -7.163185394510220849e-01 2.203063176951115310e+00 1.182073885121379675e-01
1.000000000000000000e+00 -3.966433284573279927e+00 1.721209117818671031e+00 -4.543495677078227324e+00 -3.666879944081266274e+00 2.610781030772739708e-01 -2.860852436121740894e+00 6.750907983397618217e-01 -2.796040620749788985e+00 2.022872907116610275e+00 1.645790965114139137e+00
0.000000000000000000e+00 1.432599498969197693e+00 1.879387805565663205e+00 1.985872182049621237e+00 2.809722488947250074e+00 7.507156641956298504e-01 1.943155415490463778e+00 4.108336970213471773e+00 -1.414714031556813412e+00 4.007334579148612796e+00 6.102188988826753313e-01
1.000000000000000000e+00 -4.139847201923526399e+00 -3.889552896820448746e-02 -4.856209625432730270e+00 -4.344021299176789697e+00 -4.792145642920913051e-01 -5.188061913910312128e+00 8.822786710357823914e-01 -2.576509690998830315e+00 2.410579751443802543e+00 2.636890604942917271e+00
0.000000000000000000e+00 6.770532014034507107e-01 6.597196373474535358e-01 2.959174679070948777e+00 2.616617626266847019e+00 5.161563280348474558e-01 1.027316419400059688e+00 4.879960758396702403e+00 -4.930789674355094410e-01 4.215715200183263178e+00 -3.754594943956478525e-01
0.000000000000000000e+00 -9.684947278475766197e-01 1.615266591112344940e+00 1.481778392345292739e+00 7.170862276454097461e-01 4.759413532915388600e-01 2.856025607452572501e-01 2.230341693413397053e+00 -6.632946881700055863e-01 2.976880345479931300e+00 -7.214451319052469502e-01
1.000000000000000000e+00 -1.310554178735483077e+00 1.793469847419944641e+00 -3.787305683446081872e+00 -3.520484628495414547e+00 -1.653958076691494306e+00 -4.025164827234183562e+00 -5.970140898001896623e-02 -2.056039638594792329e+00 1.492215542854264054e+00 2.764813391328233116e+00
1.000000000000000000e+00 -3.948341141443036939e+00 4.586696674018939102e-02 -5.502073455202724617e+00 -4.546595703685246903e+00 -2.050646852594656622e+00 -3.827349934707092505e+00 8.946261371524846240e-01 -4.392401951191111209e+00 1.792419314589342560e+00 2.650154774396337398e+00
0.000000000000000000e+00 1.580790881543809423e+00 1.626332155816769598e+00 -2.490630336335759587e-01 5.059027192981323751e+00 2.085050540909583194e+00 2.004745714901605247e+00 2.700815080062854534e+00 8.586133180659116793e-01 2.862603902588122917e+00 -2.957468167603010123e+00
1.000000000000000000e+00 -2.824293432999998466e+00 -7.237671927952379347e-01 -4.371118416789750327e+00 -6.827663948263337446e+00 -4.372515265294780185e-01 -1.497097635353172862e+00 9.966683072192876747e-01 -3.016199603392501594e+00 1.335609462956876214e+00 3.137996098608266227e+00
1.000000000000000000e+00 -3.285578472556615282e+00 2.620030058964495923e-01 -5.343511484267501999e+00 -3.620058724587958299e+00 1.610815701003853295e+00 -3.098395074231698576e+00 4.442192263756536419e-01 -2.580883910758632993e+00 -7.664280005652663874e-01 2.073231535494040489e+00
0.000000000000000000e+00 1.830770164175784309e+00 8.661249490597651146e-01 2.102618545773671688e+00 2.528806126979996183e+00 -6.096298168550666752e-01 1.265270228407720188e+00 2.909256721312237559e+00 -4.589535360056085089e-01 2.241136922760522676e+00 -1.619118700216084950e+00
1.000000000000000000e+00 -3.350754549574052277e+00 -3.325120394074382313e-01 -3.969385328089004794e+00 -4.497098802488848079e+00 -4.512749492750235958e-01 -5.456909391167856782e+00 4.316129526749525880e-01 -3.444115790701245405e+00 1.213234517105170829e+00 1.432066381525808785e+00
1.000000000000000000e+00 -2.920719209199369448e+00 -1.108749434027484382e+00 -3.564233245901136105e+00 -2.891875284095709819e+00 -5.851633476059058259e-01 -1.083291626248566342e+00 4.513059649505043458e-01 -2.525236531984644817e+00 -3.390444729710047067e-01 3.372501794347214865e+00
1.000000000000000000e+00 -1.725287456242891926e+00 1.948746938110286209e-01 -3.185846672204728947e+00 -4.327676455431024749e+00 -4.255406604192313313e-02 -2.650255063587501070e+00 5.331003240019960288e-02 -4.234347572746923305e+00 1.862059375598792421e+00 1.254450537208794181e+00
1.000000000000000000e+00 -3.008378761617021446e+00 -2.172320176640410327e+00 -4.399177082755520551e+00 -4.731148339289124038e+00 -7.713135002269196905e-01 -5.115721244331773221e+00 2.377364877928548337e-01 -3.717621082047343428e+00 2.393837496099826545e+00 2.611623410278555379e+00
1.000000000000000000e+00 -1.648094321894093772e+00 -9.672146442020870261e-01 -5.545877998314287183e+00 -3.957038274598243088e+00 2.014828736344915772e-01 -4.347262102545757401e+00 1.061541400926146572e+00 -5.181456953651197850e+00 3.578985743735605851e+00 2.749616089606954805e+00
1.000000000000000000e+00 -2.575341121198413852e+00 1.124041342862669879e+00 -4.001639132630952389e+00 -2.095009182917453749e+00 -9.116595193173415712e-01 -4.024537974881784663e+00 -5.245446112060350163e-01 -2.729025973254059156e+00 1.862254159102236795e-01 1.318021636966503651e+00
1.000000000000000000e+00 -2.405298098644500726e+00 -6.814794969059284613e-01 -6.277128642277864046e+00 -2.349778885301925690e+00 -1.014867151799457856e+00 -3.342595467596968462e+00 -1.228765495434137600e-01 -2.104276060348944988e+00 2.295797895584736903e-01 3.588673774958714979e+00
1.000000000000000000e+00 -2.051446456448640543e+00 1.191706524587672900e-01 -4.179106831255799293e+00 -5.577056719691361408e+00 2.341607251209165685e-01 -3.350920089889885212e+00 -3.304232710999972511e-01 -2.636506186266858176e+00 1.923782375292730773e+00 2.437120877470733138e+00
1.000000000000000000e+00 -5.215115961311171944e+00 5.697188482456319591e-02 -5.416310597653953174e+00 -6.414641202927960251e+00 5.048549836823876813e-01 -3.105757355614322091e+00 -6.015953053170945974e-01 -3.829848237687174528e+00 -7.946774784271419811e-01 3.435852637075021754e+00
0.000000000000000000e+00 6.672577519840636739e-01 -8.658433947798647168e-01 3.111124094822572239e+00 2.437623446367645830e+00 5.927462768991998976e-01 2.746509343779135470e-01 3.109478236293295339e+00 -3.122915545981163610e-01 2.587469843124887259e+00 -2.267041399129028800e+00
0.000000000000000000e+00 2.214353949961747059e+00 1.095394069339433729e-01 2.319604341351766408e-01 3.723448529419217667e+00 4.160875822683198777e-01 9.291702839848843265e-01 3.582030062443355423e+00 1.168090159964593422e+00 2.644002256565531450e+00 -1.253591790378045800e-01
0.000000000000000000e+00 6.860957859617183852e-01 -7.572345995556688525e-01 8.703392160286358425e-01 1.312949706240551961e+00 -8.150876518315364194e-01 1.778993670292400964e+00 4.174941003862885580e+00 1.742985710024341106e+00 4.863643106906432756e+00 -6.506607374668940125e-01
1.000000000000000000e+00 -2.605264310936417971e+00 6.451262509568258530e-01 -3.432409071677260393e+00 -3.346599195751259082e+00 -1.454391470119535956e+00 -3.673399166649090386e+00 3.748503576697262418e-01 -1.870005326424034164e+00 2.325759231365215562e+00 4.240332855538028412e+00
1.000000000000000000e+00 -3.092259875833141880e+00 -4.356424788837283124e-01 -4.699811291892860510e+00 -3.578273432343569649e+00 1.395871304410475355e-01 -4.023870958817775900e+00 9.423061365102580744e-01 -4.042253381278839264e+00 1.013384623055761713e+00 2.497385985291718846e+00
1.000000000000000000e+00 -3.117266154098499609e+00 -5.805497790316709317e-01 -2.788328294437352639e+00 -2.086656354658308565e+00 -1.195587066394308007e+00 -3.333756686025302951e+00 1.725547007739944183e+00 -2.242853297771560506e+00 1.848883967265194883e+00 3.291938172085123071e+00
0.000000000000000000e+00 -6.340637463304410470e-02 1.090652845918589353e+00 3.323411323173390386e+00 2.901916394202960880e+00 1.135599567007562261e+00 1.554125618925171093e+00 3.103025294167889303e+00 -3.609911190545732618e-01 1.143013719734305988e+00 -5.019295946102664274e-01
1.000000000000000000e+00 -3.741054061735523906e+00 1.302773984341176194e-01 -4.419552053219382159e+00 -2.752541999349632729e+00 -7.826702391568474138e-02 -2.248540289389739488e+00 1.054058149946037304e+00 -2.371057086365104816e+00 8.719363541837785725e-01 3.626137409130097300e+00
0.000000000000000000e+00 7.251010842758656150e-01 -9.051110000677671241e-01 2.087781644937310777e+00 3.138211445718404935e+00 2.272844945624726609e+00 2.162207997201259779e+00 2.247841824231536556e+00 -6.583422187311478435e-01 3.533888731980141529e+00 -1.254573443520228704e+00
0.000000000000000000e+00 3.571056267115155780e-01 -2.467213370168502840e-02 2.724579524857506208e+00 3.817532271451491432e+00 -1.428823721504170585e+00 1.134492287015133716e+00 5.798800349393336440e+00 -8.956478281888551329e-01 1.758998513569629552e+00 -1.165396393624277716e+00
0.000000000000000000e+00 -9.339782537507324012e-01 -3.831903677925705409e-01 2.672548128402308709e+00 1.811778084803526312e+00 4.052250370325032325e-01 2.074289321938380226e+00 2.610767454412119104e+00 4.021819549626225454e-01 1.704846568519302830e+00 -7.949484470465678632e-01
1.000000000000000000e+00 -2.357082099352788340e+00 5.925179415245550585e-01 -5.021576541460593290e+00 -4.265783450468529914e+00 -2.015216347256152396e+00 -3.136967672368399018e+00 5.215965239831175104e-01 -2.700429837255038823e+00 2.386082320047830496e+00 4.453953305659947404e+00
0.000000000000000000e+00 1.545198776303423616e-01 1.569672334214956333e+00 2.374154398669983124e+00 3.652269868039602851e+00 1.542382394046355021e+00 3.192409604662383327e+00 3.836995679567850814e+00 1.618896059701046219e+00 3.455980791437021082e+00 -1.884996036904864392e+00
1.000000000000000000e+00 -2.124835680595402732e+00 7.230952805447047327e-01 -4.733525207275188329e+00 -2.770288632346253443e+00 -2.049528546727187983e+00 -2.616783819102340036e+00 1.115047314114909760e+00 -4.199112262671865103e+00 1.824554538360777745e+00 2.310426168190714336e+00
0.000000000000000000e+00 1.788999027191793267e-01 1.112054711169157439e+00 3.149933583670027737e+00 3.869961556095243171e+00 8.880023729534376464e-01 1.612855986159022592e+00 4.580539546899009551e+00 -1.411879412126714195e+00 3.825890452209939951e+00 -1.261917584459256947e+00
1.000000000000000000e+00 -3.576075705692679740e+00 8.773025231868696316e-01 -4.397985837894720085e+00 -3.895984708590382262e+00 -5.363938629911457756e-02 -4.436717600358278446e+00 7.530020526368075284e-01 -3.043981518819618426e+00 -3.299169119884395318e-01 2.513507666034834109e+00
1.000000000000000000e+00 -3.982592286749062183e+00 1.799764657695522851e-01 -3.476927711370841667e+00 -3.034647392205378491e+00 1.388189380627122826e-01 -3.561931635835507315e+00 1.532551248290876522e+00 -2.199508304411079695e+00 1.975292984451566980e+00 2.180976096802574649e+00
1.000000000000000000e+00 -5.248106104605721356e+00 -5.228799392397187606e-01 -4.004030781001262085e+00 -4.827068814982271583e+00 -6.263658935227873759e-01 -2.435161042691721622e+00 8.970999895506384103e-01 -2.724303416433684788e+00 1.858590333939410311e+00 3.755308994293820923e+00
0.000000000000000000e+00 -5.248747910714628429e-01 7.923056907739283172e-01 2.463923710002052125e+00 3.148619703180217222e+00 1.821909694407584990e+00 2.862357277330536576e+00 3.245157617606184264e+00 -1.370826388682834240e-01 2.685871885817959104e+00 -5.344836708976928863e-01
1.000000000000000000e+00 -3.244468912293289709e+00 1.410519497367660691e+00 -4.751217905672876718e+00 -6.136712145509019223e+00 -1.618468574470694588e+00 -2.658192419012810781e+00 6.887028612891799018e-02 -3.034241966565330184e+00 1.399983014010580673e+00 3.791867935201424622e+00
0.000000000000000000e+00 5.070335269182990601e-03 1.925287499638514532e+00 1.357083403355608953e+00 3.341235074575631625e+00 4.018523974826610501e-01 1.303436399062962936e+00 2.500286623730066715e+00 -4.404543237037198411e-01 1.784966753583564270e+00 1.071444591942753988e+00
0.000000000000000000e+00 1.049719387033690721e-01 9.379887558383226409e-02 2.469277842405996459e+00 2.448537104469810544e+00 -9.647140462446750497e-01 1.859552870539749936e+00 3.226120266089602229e+00 -3.906701044332742678e-01 4.250135207417857330e+00 -7.104572307099997763e-01
1.000000000000000000e+00 -3.413073695870320723e+00 -8.392505355782268195e-01 -5.233162137440603878e+00 -2.907646754229292529e+00 -1.219993131339734083e+00 -3.550923002706350751e+00 6.717118849978909179e-02 -2.273698683618980088e+00 2.393210741301028843e+00 2.615285860452362332e+00
