1.000000000000000000e+00 2.061952353162687324e+00 1.199058321459111731e+00 1.139278099391086263e+00 6.490936749928120086e+00 1.662122131060935537e+00 -4.695836579486774021e+00 -1.327054835854542869e+00 -2.949620564296011160e+00 3.546418498574110068e+00 3.887630181580825628e-02
1.000000000000000000e+00 2.937279736923389617e+00 3.581483715415055613e+00 1.435192004623262907e+00 5.343214610632776029e+00 2.052851829052776633e+00 -5.451846285697033778e+00 -1.737614164487752966e+00 -5.454449646152015774e+00 4.152152605870701230e+00 1.398121055803189572e+00
1.000000000000000000e+00 1.748095923165406296e+00 3.341038975406280365e+00 2.269350122183703355e+00 3.607919886618025984e+00 2.503097532650203849e+00 -4.532964998475069507e+00 -1.517463980346613450e+00 -3.561669462160005573e+00 4.261540839209535747e+00 1.244795534997793274e+00
0.000000000000000000e+00 -1.746771804371216597e+00 2.073739292160443171e+00 1.688907436454129662e+00 -1.383656452381938573e+00 -3.647302159582051839e+00 4.289129538249690121e+00 3.227378909787966155e+00 2.282998624303161250e+00 4.247534653620677503e+00 4.576621978359402654e+00
1.000000000000000000e+00 2.128983419489715700e+00 2.026580361942953878e+00 1.611152425399782651e+00 4.170213819497351260e+00 2.137677981683950179e+00 -4.567289751217408877e+00 -1.996938227331300553e+00 -5.611542194138673167e+00 4.805324618537172299e+00 2.356501657689548335e+00
0.000000000000000000e+00 -7.516442703107890644e-01 4.006705238621135479e+00 4.404638236592154144e+00 -1.525154613441309204e+00 -1.637169077356889435e+00 5.074259985005777907e+00 4.027810150833714076e+00 1.139105301437537410e+00 4.356640911631027180e+00 5.240631146043269517e+00
1.000000000000000000e+00 2.592400043734692350e+00 3.551986343990516382e+00 1.070263459594528399e+00 5.249965911536322416e+00 2.521250661913255087e+00 -4.850070965264706047e+00 -3.162807599813278969e+00 -5.033392031630770092e+00 3.796299965548613820e+00 2.042376619542600746e-01
0.000000000000000000e+00 -2.552285698356795418e+00 3.643011125917661186e+00 2.213461438045237095e+00 -2.133883876484597319e+00 -2.671194815767415687e+00 2.164877637478912931e+00 2.644385885108285095e+00 2.651350253150830838e+00 4.217567585630883187e+00 4.967106091933248813e+00
0.000000000000000000e+00 -2.202531991839916437e+00 3.183755410563161359e+00 1.671550012905008042e+00 -2.199686619599150017e+00 -2.613759198131740735e+00 3.872820153335701843e+00 2.734881629779098766e+00 2.077421769273776864e+00 3.822934128701971801e+00 4.492680263688327180e+00
1.000000000000000000e+00 1.478469183953648791e+00 4.099605760161954215e+00 9.015750823098264144e-01 5.115879554955936825e+00 3.232983978165051120e+00 -6.143545638853069590e+00 -2.186579459916996093e+00 -3.721596830663302491e+00 5.367858380695770926e+00 1.299868799239362271e+00
0.000000000000000000e+00 -2.646479400744714550e+00 4.180581508136506308e+00 1.865171131013028560e+00 -2.519088125544794110e+00 -2.678616009058955250e+00 5.544380923376243331e+00 3.054931531909595765e+00 1.287736530915138511e+00 4.463985725588728748e+00 6.453197457614756161e+00
1.000000000000000000e+00 6.227641496273230715e-01 3.363691058417432878e+00 2.200610166039563609e+00 6.026006879318607901e+00 1.276961890340759576e+00 -5.405164366407904986e+00 -9.447345077349305065e-01 -6.275193577778767740e+00 4.235616844654004787e+00 1.690814679648952268e+00
1.000000000000000000e+00 2.243061723965069643e+00 1.100962355654657943e+00 9.397589896926294983e-02 4.043142670353795154e+00 1.586905625221981309e+00 -3.443288058664649487e+00 -7.683223240052194924e-01 -4.605857802691657454e+00 3.906386712673795003e+00 -1.673219573615494227e-01
1.000000000000000000e+00 2.845964442390890525e+00 1.665180834082562233e+00 1.599975405584839416e+00 5.875903905280364548e+00 1.727039731163128256e+00 -4.286333353834628213e+00 -1.024688528638839413e+00 -3.973042707735965351e+00 5.949698818813891954e+00 1.277510155367368005e+00
1.000000000000000000e+00 1.772475081624025339e+00 1.034102011710521074e+00 1.626047596067914380e+00 5.219561902123616370e+00 1.364556065923191452e+00 -5.605264742773111486e+00 -2.732328781373388527e+00 -6.366100633216328575e+00 4.527547458223502019e+00 2.027516488038807907e+00
1.000000000000000000e+00 2.507083372190476389e+00 1.336104000712543760e+00 2.411244630846507420e+00 4.964525571637950385e+00 1.940706507836168271e+00 -5.686225311563029017e+00 -2.585254815428478459e+00 -5.538704250817305663e+00 5.297601789557885077e+00 2.259922605490261471e+00
1.000000000000000000e+00 1.209449359880553132e+00 2.538587816983504108e+00 6.706795623494626879e-01 5.919628847326122489e+00 5.982988588512504480e-01 -3.707294728125972050e+00 -1.006798272442288367e+00 -4.395106398611622112e+00 4.202164677143678695e+00 2.291467851840924830e+00
1.000000000000000000e+00 3.508890311373028759e+00 1.469812819857774899e+00 -2.859908425780242069e-01 5.230887411424680167e+00 4.823589512833954540e-01 -4.434023432451665414e+00 -3.080693057111131061e+00 -4.993341077730626409e+00 4.946225759547561829e+00 2.810957654085761703e+00
1.000000000000000000e+00 4.065116525125267444e-02 1.970570003198673703e+00 1.539029611800588171e+00 4.583507292922031517e+00 1.385053359292967023e+00 -4.800683409006554214e+00 -2.089329858744424673e+00 -5.355300310556184051e+00 3.186908895766052296e+00 3.389317810214461879e+00
0.000000000000000000e+00 -2.125322717978089582e+00 4.532771244700373181e+00 2.080594808337838941e+00 -2.230601689292357026e+00 -1.216106432208707844e-03 3.223518474886714280e+00 2.174077860471888446e+00 9.516711411381819641e-01 2.547151186860304506e+00 5.879511882356839081e+00
0.000000000000000000e+00 -2.929856776658072093e+00 2.917325443658732809e+00 3.549598818738302519e+00 -1.918082882722455862e+00 -3.095433476642098114e+00 4.138699877272959959e+00 2.040574708983367458e+00 1.981260467190469221e+00 5.792819960433162940e+00 5.905564574463920913e+00
0.000000000000000000e+00 -2.366555693014665618e+00 3.992963236030781182e+00 2.838103934951050178e+00 -8.466225546137493563e-01 -2.842680255402130207e+00 5.033904906852988859e+00 3.710185401074328482e+00 1.609467081967616675e+00 4.181172647156854438e+00 3.929785234599227017e+00
0.000000000000000000e+00 -6.122838602307010269e-01 4.377809494946241387e+00 3.803455432324809316e+00 1.233750749016021331e+00 -7.437305391856878778e-01 3.536170394831350983e+00 3.178902026703262607e+00 1.354379848218371318e+00 4.891617089347984226e+00 6.127915681975606432e+00
0.000000000000000000e+00 -3.524756492724853807e+00 2.517211050349917656e+00 4.135971536876766663e+00 -2.054669865712402288e+00 -2.283320559645771741e+00 6.832581938803468091e+00 1.143134937537807927e+00 2.145615575539462583e+00 4.461260336802550519e+00 4.419442712999393841e+00
1.000000000000000000e+00 1.995168321519194654e+00 3.953203564954179683e+00 -3.230055708874493003e-01 3.889584250051869585e+00 1.044612531026160696e+00 -5.534985139542688337e+00 -1.828826557144772380e+00 -4.730494743003530012e+00 5.963757175023669532e+00 6.005512217265314145e-01
0.000000000000000000e+00 -2.473920762435606768e+00 4.252058786696191639e+00 3.525914704373291908e+00 -4.209293791900011072e+00 -2.258124274721502012e+00 6.127017621334362119e+00 1.790122885963369548e+00 1.776745858836894731e+00 3.244656923518596692e+00 6.451448905253997168e+00
0.000000000000000000e+00 -2.163895887569179166e+00 2.326045863984377959e+00 4.491417739111264851e+00 -1.366225513224911259e+00 -2.093728507612635958e+00 5.061037210403445563e+00 1.857406605567909708e+00 1.335850523453242511e+00 2.564948336945750196e+00 6.354257812191915988e+00
1.000000000000000000e+00 2.350706757660751656e+00 2.165754546900171107e+00 1.161591940490769304e+00 5.689608048672239349e+00 2.026164716908654739e+00 -2.953224347264903127e+00 -4.987703618140938433e-01 -3.704756133156661413e+00 3.554166748121490027e+00 1.960291512053337959e+00
0.000000000000000000e+00 -2.547267431266972970e-01 3.359396554299375559e+00 3.160730241060205170e+00 -7.717843109534165968e-01 -3.570554328622292051e+00 3.567151924074704716e+00 4.245559171648402241e+00 2.776823990396778186e+00 3.213873562853305721e+00 4.394141813967247678e+00
1.000000000000000000e+00 1.672009938271498131e+00 3.706153442059071157e+00 2.170582433203438022e+00 3.064501267244379434e+00 7.871888534656715786e-01 -4.590403957928733014e+00 -1.430860302466265832e+00 -4.325139325750643415e+00 3.363057423580747773e+00 2.894751759660095125e+00
1.000000000000000000e+00 1.285865710839054099e+00 2.800791436456172345e+00 1.468627405206424097e+00 4.963511890477962041e+00 9.318040936459066614e-01 -5.349306146682383911e+00 -1.208541361828874061e+00 -5.313826091091509163e+00 5.367648267613096991e+00 -1.210616418434784514e-01
0.000000000000000000e+00 -2.360352802561363816e+00 4.103457142475686048e+00 2.536157289453941921e+00 -1.930441470712052965e+00 -2.060680947125701490e+00 5.525550132072589271e+00 2.018036981819265385e+00 2.026961081369048401e+00 3.809813664123792964e+00 4.144964053845095364e+00
1.000000000000000000e+00 4.108528357235979200e+00 4.153524505297318647e+00 2.411119247060954152e+00 4.535912867549778404e+00 3.072964088222807089e-01 -4.620237871239216254e+00 -1.061875434932212148e+00 -5.059040538110812335e+00 5.178906527664098647e+00 2.277577227316657904e+00
1.000000000000000000e+00 1.668161661207338220e+00 2.001626277753205230e+00 1.502728966524761844e+00 5.313260983650974545e+00 1.596285588361747498e+00 -4.633081791706712416e+00 -2.051332684816935092e+00 -5.517605785172258415e+00 4.662466558557191831e+00 9.517123379927457938e-01
1.000000000000000000e+00 2.475338570845581732e+00 2.701342363339058306e+00 1.321842899692480477e+00 6.053626306689125158e+00 2.232464628258584938e+00 -4.304397071880549319e+00 -2.460149736015170951e+00 -3.705103482167046991e+00 4.462279921242554792e+00 9.701400686592525080e-01
1.000000000000000000e+00 2.005681897877042985e-01 1.822406847568829757e+00 8.978250883866836229e-01 5.346708208453637923e+00 1.443133237938198699e+00 -3.518717225953396088e+00 -1.592219410373988842e+00 -3.737154826831629251e+00 4.300229679881432787e+00 2.781545518954136043e-01
0.000000000000000000e+00 -2.217863755689826633e+00 2.686914462761422762e+00 2.668745931183250431e+00 -3.649703152441816645e+00 -4.149151700526773290e+00 5.396996916412052592e+00 1.670807147455118269e+00 -2.371027635783669041e-01 4.133707487032923567e+00 4.193440331419833633e+00
1.000000000000000000e+00 3.559408729189209364e+00 3.325881976362180303e+00 2.555802483790184709e+00 4.917488658804038515e+00 4.869083010455077520e-01 -4.928318784974042188e+00 -1.995135236416933910e+00 -3.147925128325372413e+00 4.867878186506472638e+00 -6.895227605527547432e-01
1.000000000000000000e+00 2.167717980101594666e+00 2.905741533754934380e+00 1.057229390034032823e+00 5.299828399020021230e+00 8.754527686464232961e-01 -3.857039892809091874e+00 -1.086935954763920353e+00 -5.664161675516535155e+00 5.185432374920168286e+00 2.228734544085184233e+00
0.000000000000000000e+00 -2.969419858800578904e+00 3.599894407346737157e+00 3.128279414638801104e+00 -2.392047008781690742e+00 -2.614608628560631143e+00 5.040844569511597761e+00 2.340613650960548853e+00 8.052421547310415484e-01 1.183042555064067969e+00 6.072461489746104668e+00
0.000000000000000000e+00 -1.798804730305354482e+00 3.780994544486207420e+00 3.446893057122107695e+00 -1.594059845954791665e+00 -2.978981915750251730e+00 5.464432296635608033e+00 1.877039313392131259e+00 2.655629399704672045e-01 3.541747922766769197e+00 5.247742832164556503e+00
1.000000000000000000e+00 1.698508618886047650e+00 2.462027264997659781e+00 6.576624294016552019e-01 5.396640901203691776e+00 6.636650171788589514e-01 -5.369888220294118497e+00 -2.209710580420017223e+00 -4.328227054101491333e+00 3.992791428115284980e+00 1.654517779508483333e+00
0.000000000000000000e+00 -1.633887682041038403e+00 3.358009543154888199e+00 1.965414006749187426e+00 -2.400126414361738014e+00 -3.900138403791230335e+00 5.671941676377195485e+00 1.291242122470545262e+00 2.222032519488962521e+00 5.178379184950224534e+00 4.136490942944494265e+00
1.000000000000000000e+00 2.488921250495256032e+00 2.389689078468136163e+00 2.238347258492253466e+00 5.015128026525362159e+00 6.492069108730949001e-01 -3.901893814068444044e+00 -4.284442693375267730e-02 -2.807798267141424109e+00 4.565142078337792064e+00 1.820223356005532755e+00
1.000000000000000000e+00 1.839068060004925620e+00 5.327908274576727443e+00 1.546005244912791454e-01 6.169541986344204254e+00 1.514872211471540497e+00 -4.155707762932897786e+00 -1.154232034928121653e+00 -4.840046475453154251e+00 4.660433659530922590e+00 1.194204391611709326e+00
0.000000000000000000e+00 -1.636150806763402965e+00 3.797167639303242748e+00 3.638467683033414612e+00 -2.337063752624931379e+00 -1.790921800671029906e+00 4.641677748972195872e+00 2.826115760216842965e+00 4.481197530752303315e-01 5.294820918808056831e+00 3.081756072997945850e+00
0.000000000000000000e+00 -2.313526953614228887e+00 3.999051161126877751e+00 3.229610500896229475e+00 -2.381553776099203823e+00 -2.733962679459250644e+00 4.767778995484258431e+00 3.683558905947024176e+00 8.186133837016326131e-01 3.273890645829412360e+00 5.137288814253635927e+00
0.000000000000000000e+00 -3.922031113479119036e+00 3.989782830666967151e+00 3.058338012878992984e+00 -1.920331840671951396e+00 -2.671172864450132689e+00 5.556551845198868023e+00 3.572334001668722614e+00 2.507416395109000273e+00 3.661597471283910554e+00 4.086681532471628131e+00
0.000000000000000000e+00 -2.571162677166070942e+00 1.597588642974549167e+00 2.414351297038775268e+00 -1.352247309444754464e+00 -1.627727423061190892e+00 4.748215499971046860e+00 2.329279706113850601e+00 1.486940905154791714e+00 5.193443926500872720e+00 5.620617510996775756e+00
0.000000000000000000e+00 -5.047777240390873388e+00 3.761579854059138750e+00 1.129977867911239109e+00 -2.351682688202220373e+00 -2.370498424891721800e+00 3.432067544615994059e+00 4.585811186662313688e+00 1.659149162216855045e+00 2.517601133212823861e+00 7.042102784492112022e+00
1.000000000000000000e+00 1.866502150142869576e+00 3.358834734939521560e+00 3.074587082466881949e+00 5.821911388102384954e+00 1.855240622818330465e+00 -4.816103015474246796e+00 -8.044638927267447892e-01 -5.180246416629924688e+00 6.094724819470231481e+00 1.494056240671657543e+00
1.000000000000000000e+00 1.958379166343319211e+00 2.948789724467140605e+00 2.547978238055460309e+00 6.283483290082038764e+00 1.331633826832287593e+00 -4.829282372958996206e+00 -6.739718755448286247e-01 -4.747873166286375124e+00 6.186122856522865199e+00 7.277498810727008882e-01
1.000000000000000000e+00 1.313290526463406493e+00 3.551363980776423901e+00 1.759117826474998703e+00 4.449286431748634030e+00 1.639002735323589643e+00 -4.735962512338988795e+00 -1.023479503284918657e+00 -4.654521064830554167e+00 5.644330930463319795e+00 1.449621547903569452e+00
1.000000000000000000e+00 2.567991257026874141e+00 3.664360644780330745e+00 1.213547199291747702e+00 5.315113397785617977e+00 2.315361086491345421e+00 -3.231626093261549926e+00 -2.033857913209455859e+00 -3.704476346025932898e+00 3.309683066603898993e+00 1.340108093133566047e+00
1.000000000000000000e+00 4.542321600967555995e-01 2.408239096935035128e+00 1.326969262150721196e+00 5.847074402683681171e+00 1.910516495032954953e+00 -4.225940196150498984e+00 -1.160726876969222499e+00 -4.923473763682260085e+00 5.389456657994309730e+00 2.730527732515939388e-01
1.000000000000000000e+00 1.516097175540113584e+00 4.147450536722035785e+00 2.947532810733083375e-01 4.932570693394842998e+00 2.846809180550684992e+00 -6.191194088137190299e+00 -1.516106130120095097e+00 -4.957362798307490159e+00 4.556053605088242975e+00 1.732611232641018795e+00
0.000000000000000000e+00 -2.387990694357486010e+00 2.855995007383854478e+00 4.611920964292961500e-01 -1.203078738059667030e+00 -2.513862541035493336e+00 3.317996487620645585e+00 3.053007931892214089e+00 2.440945878731442864e+00 4.587385083993751778e+00 5.311043659945797302e+00
0.000000000000000000e+00 -2.561040630876283863e+00 4.150071544025876413e+00 3.480165539502483529e+00 -1.607260320781775054e+00 -4.514679500590839112e-01 3.847209492671368913e+00 3.315663348542025712e+00 2.293179617829269379e+00 4.843708844926798207e+00 5.068652044402869983e+00
0.000000000000000000e+00 -1.232465988959364322e+00 5.745427416915281249e+00 3.168071284757628892e+00 -2.199219435933244871e+00 -2.302334289628274355e+00 6.115207956419403068e+00 3.129166445321368339e+00 1.520555725046294437e+00 3.571047944200477886e+00 6.507608078420759057e+00
0.000000000000000000e+00 -2.202751756358779733e+00 3.455740836216087963e+00 3.464641089326113921e+00 -1.293201071160348992e+00 -3.987086298563080611e+00 4.885122515231470786e+00 3.147441885594999711e+00 5.547932189710929052e-01 4.330867581400196009e+00 3.770244469781226293e+00
1.000000000000000000e+00 1.542028235002655290e+00 1.547182862723551100e+00 -8.586798363598746597e-02 5.068203181266573765e+00 1.563538042567665043e+00 -5.345355423592053512e+00 -1.471401076754319748e+00 -4.410504699971990128e+00 5.309458805620471900e+00 -7.008921021155960496e-01
0.000000000000000000e+00 -1.711244657177888984e+00 1.801875918887533512e+00 1.886634352471164622e+00 -3.170056654684830555e+00 -4.206676155905153536e+00 4.770979881119120414e+00 2.932767254339108121e+00 8.735090400782813402e-01 3.934749311585201692e+00 5.261428551940395160e+00
1.000000000000000000e+00 3.515753748258271472e+00 3.310618359112476483e+00 1.246025759880828643e+00 5.030951755845702422e+00 1.758423357823621247e+00 -2.677276378525394129e+00 -1.265102178559859070e+00 -4.775778981825919089e+00 4.240947958816770225e+00 1.807929909837844740e+00
1.000000000000000000e+00 1.386119551766870961e+00 2.078559673627925264e+00 1.052223269448907317e+00 5.933481144600554202e+00 1.070720417557968318e+00 -4.443925829935942318e+00 -2.334375272440559534e+00 -4.427404018482099524e+00 5.574841529711070720e+00 4.360906695286186352e-01
0.000000000000000000e+00 -2.182611740108339138e+00 1.778128907984583451e+00 4.318386763014066432e+00 -5.674399416565842902e-01 -1.242935757704498156e+00 5.565634367585380105e+00 3.276928715700789141e+00 1.418104809748815365e+00 3.944262107311044652e+00 6.211750324452786742e+00
0.000000000000000000e+00 -3.172132559160049770e+00 2.479782253309119167e+00 3.370334484509931450e+00 -3.234693051373801254e+00 -4.732357625480685392e-01 3.869183852597044115e+00 2.257268278200561529e+00 6.854937233057001311e-02 3.999544266527097491e+00 4.655053665479396585e+00
1.000000000000000000e+00 3.399139518952007943e+00 2.093176235419925924e+00 2.895193918666289612e+00 5.164143936972108939e+00 2.041191098794933989e+00 -3.385261498247669643e+00 -1.578677628337996852e+00 -5.968403848725725602e+00 5.070314812904809898e+00 1.893323289351503291e+00
0.000000000000000000e+00 -2.003773554524819644e+00 3.259366991704673922e+00 3.817244604424653076e+00 -1.890430424097917284e+00 -4.019769007465557209e+00 4.944916151813674610e+00 3.828110191160657205e+00 3.425881295630633927e-01 6.094147074979957779e+00 5.279751055267587034e+00
1.000000000000000000e+00 1.474326575915566151e+00 2.666170146722762535e+00 8.915997228721819212e-01 4.072594868826305614e+00 1.987787101886995478e+00 -5.412448049124595428e+00 -1.854821708672615754e+00 -4.848307306880494494e+00 3.786049522458426519e+00 2.279708961453960292e+00
1.000000000000000000e+00 2.060048734282182714e+00 1.900770067669817820e+00 1.142817976810323044e+00 3.709627743627401664e+00 3.202655625898017888e+00 -6.711992228540954564e+00 -2.131273145174144457e+00 -4.931740249703603141e+00 4.912282406335431340e+00 2.254534570938668381e+00
0.000000000000000000e+00 -1.829748075501031357e+00 5.473073699659964930e+00 2.665295076870121349e+00 -1.059881119685907258e+00 -2.277973816567196330e+00 3.995771872540764935e+00 1.734204692893136279e+00 1.551732169356215163e+00 3.707092872216065427e+00 4.941090807041380373e+00
1.000000000000000000e+00 4.172330564044148815e-01 3.109181697321327320e+00 3.395770980933884298e-01 5.331792908546162835e+00 1.875623791511053406e+00 -7.222319792396538318e+00 -2.089968602399149944e+00 -5.418649635993429747e+00 5.426273391995465545e+00 1.770799184917197788e+00
1.000000000000000000e+00 1.637247685947956111e+00 4.129192779159875037e+00 1.768171837913289579e+00 5.167398216581253756e+00 7.367996039417201715e-02 -4.190258932365654942e+00 -6.753419533656046525e-02 -7.126698779774743642e+00 4.648935537203080059e+00 2.683805671410378402e+00
0.000000000000000000e+00 -4.400073553729704656e+00 1.594353446486037384e+00 3.035628232048904529e+00 -3.087837622321014663e+00 -1.464704883545355996e+00 3.060048340434814662e+00 2.493043478868353979e+00 7.936931635830453136e-01 3.313349540498859547e+00 5.990426801862361650e+00
0.000000000000000000e+00 -2.254081285743881669e+00 2.914288961060823357e+00 4.926843775630753264e+00 -2.280844097676621995e+00 -1.972978155731710093e+00 3.909512332032298865e+00 3.399080489926024740e+00 1.247467634103428757e+00 2.959061900491799513e+00 4.406988301804616093e+00
1.000000000000000000e+00 1.816686937663114509e+00 3.041366753955690783e+00 1.502599106455185796e+00 3.641256001488761385e+00 1.465976688356536606e+00 -4.529483182943172537e+00 -2.178398916513228922e+00 -4.793849934227749188e+00 5.345742620896332120e+00 -3.780832773737197172e-02
0.000000000000000000e+00 -2.446892967878248726e+00 3.456477119383965846e+00 3.010492327060947382e+00 -1.711248490224728025e+00 -2.581520296417624483e+00 6.031230690171341280e+00 2.891881730725111677e+00 1.066200798438138309e+00 4.470189515368904409e+00 5.302115534316502732e+00
0.000000000000000000e+00 3.800577248368792738e-01 3.815080853909046610e+00 2.968565094293550199e+00 -1.640235401447815100e+00 -3.451874693303569774e+00 5.033034924836333524e+00 2.106037738687707606e+00 -1.799839692886169296e-01 3.762135062540309605e+00 3.822707020551102453e+00
1.000000000000000000e+00 2.542928030539678197e+00 3.375685881274614886e+00 1.660598470771050383e+00 5.099923590779757987e+00 1.301020778337429462e+00 -4.356100239344542935e+00 -2.257338062037558934e+00 -4.809904381628662406e+00 5.672530600893701092e+00 -1.046213568963947349e-01
0.000000000000000000e+00 -2.039562954803208150e+00 5.609218524491638824e+00 3.512455006687452919e+00 -1.324719030811907450e+00 -1.946849488181651378e+00 3.425679156027808148e+00 1.385888165907346536e+00 7.516822987138721546e-01 3.666650163905200266e+00 5.995322777902210021e+00
1.000000000000000000e+00 9.958613430364665620e-01 3.364042458938561353e+00 -2.250161620583268629e-02 4.115191140982352280e+00 1.279757169096126690e+00 -4.835362259561954090e+00 -2.148944568440491310e+00 -5.715550817900314939e+00 3.525361900841891494e+00 1.751135788374269531e+00
1.000000000000000000e+00 3.219086036913086701e+00 2.657308748388939268e+00 -3.644114224756991316e-01 4.951449545095520932e+00 2.797141233129675442e+00 -4.878974748545181761e+00 -2.887264366549802119e-01 -4.262511336892764291e+00 4.555417472246350741e+00 1.391644462124485893e+00
0.000000000000000000e+00 -2.380297171171420256e+00 5.164343529915914388e+00 2.581520472827393498e+00 -3.456895768202163932e+00 -3.904835302465551106e+00 4.465651017598944783e+00 2.431113814700825326e+00 1.821836490497642735e+00 4.405046273933306722e+00 5.777146457342740682e+00
0.000000000000000000e+00 -3.729779354996791696e+00 3.645799850814197995e+00 4.071621372230182168e+00 -3.506790245407308326e+00 -2.237173951722280840e+00 5.006924457721717125e+00 2.371458605546004073e-01 9.432188381996775561e-01 3.133791376090980130e+00 6.318301777879533176e+00
1.000000000000000000e+00 2.775097048013931644e+00 3.063554897021969925e+00 4.018077408225128044e-01 5.699410490720278055e+00 2.497913776292935317e+00 -3.651056133002623216e+00 -1.095487795546981946e+00 -2.977956084607850329e+00 5.622328971493910643e+00 1.256518736927238811e+00
1.000000000000000000e+00 3.036753323471113042e+00 1.211432389012258470e+00 3.446991805981332035e-01 6.471028306976823075e+00 3.135021265818281222e+00 -4.817548212532782870e+00 -2.783331299875609233e+00 -5.306226286994300878e+00 5.902448627752177046e+00 1.672149906701301036e+00
0.000000000000000000e+00 -2.293391825450920241e+00 2.151001682744067001e+00 3.030176037664329414e+00 -2.490389073142679877e+00 -3.346831378556722747e+00 3.783880457551481058e+00 3.093196508637581665e+00 6.958312242759269184e-01 5.088725232939961707e+00 5.466454705254781388e+00
0.000000000000000000e+00 -3.231870222920472990e+00 2.826399765251601970e+00 2.747267428590829841e+00 -1.395540105263288311e+00 -1.625956492937211673e+00 3.092540355462770840e+00 1.956644187207958741e+00 1.118904493358019669e+00 4.425516823564490387e+00 4.356573628177613067e+00
0.000000000000000000e+00 -3.982263682879116473e+00 4.390840890012049691e+00 3.012667812595658745e+00 -1.027856600789502917e-01 -3.239516871628358441e+00 4.382671161653092895e+00 2.145620593940450238e+00 1.234494514242734819e+00 3.352210264633920911e+00 3.290060001065979733e+00
0.000000000000000000e+00 -2.166135750598197518e+00 4.613492587397193923e+00 4.003530273792364369e+00 -2.287899669748033826e+00 -1.673809254397834234e+00 3.165137148156912161e+00 3.192897517619264214e+00 6.399536098096705317e-01 5.333724955315591210e+00 6.112259944542912216e+00
1.000000000000000000e+00 2.694815057462033092e+00 2.454336603716782861e+00 2.245364255556114852e+00 4.899559890318579747e+00 2.327432607966538392e+00 -5.881229722156494866e+00 -1.545740504943382110e+00 -4.281319179191827473e+00 6.564135436379652688e+00 2.443189353708649314e+00
1.000000000000000000e+00 3.031210490176747818e+00 3.488550622899186937e+00 1.200837014431243688e+00 4.846641988948015012e+00 5.793927331826473903e-01 -4.353016535504209195e+00 -8.452951337959982991e-01 -4.553910941407093738e+00 4.488741477037469174e+00 2.333202507379844803e+00
0.000000000000000000e+00 -3.078226652799083141e+00 2.428040869938048019e+00 3.906449230983585874e+00 -8.863214239951001661e-01 -2.103100279547803542e+00 2.582727750800047684e+00 5.082337804110008683e-01 6.990557595560648041e-01 4.197530314590804501e+00 4.976405094276665331e+00
0.000000000000000000e+00 -1.920587252670519662e+00 4.281415658210284469e+00 9.815432248883826372e-01 -1.803389895275226751e+00 -4.992155827498851117e+00 5.185995724532145523e+00 3.920262396210628442e+00 1.125021551178245760e-01 3.257767532932676957e+00 6.150100840200625640e+00
0.000000000000000000e+00 -2.338532247820491516e+00 1.635024560850366848e+00 3.521995013023223819e+00 -2.628047130798460529e+00 -3.841731224287082025e+00 5.261882166876167943e+00 2.735282448049026982e+00 7.325295494300779753e-01 3.961131300579568304e+00 6.506047444207847974e+00
1.000000000000000000e+00 2.027820772122079340e+00 3.710003895668610774e+00 2.301273968274442083e+00 4.367673456550540401e+00 1.543632809813402229e+00 -4.494416145167389409e+00 -1.877202622799418963e+00 -4.651705027645763657e+00 3.735081779256493206e+00 5.323578518038756258e-01
0.000000000000000000e+00 -3.007481185822145964e+00 3.763297818053592980e+00 3.246308313565712034e+00 -8.388849785959751060e-01 -1.247053168511492727e+00 5.703718048407497854e+00 3.073956679691660643e+00 2.065099756551431742e-01 2.590582108578076692e+00 5.976627482083453735e+00
0.000000000000000000e+00 -2.173232842179075419e+00 3.171724718407815224e+00 2.430490053386068716e+00 -3.390787152337680244e+00 -3.053056350703146737e+00 3.930273526931687300e+00 3.146712478807454971e+00 2.337657872582644458e+00 3.174602026904880692e+00 2.497331985126465703e+00
0.000000000000000000e+00 -1.685125796983841795e+00 3.668811253256311744e+00 2.261675687892108932e+00 -1.627814806262014802e+00 -3.160368260452754985e+00 4.226328277617784401e+00 2.892238668824213654e+00 1.570250539982889659e+00 3.727601829575861725e+00 6.365096363249749700e+00
0.000000000000000000e+00 -3.680977999850268745e+00 4.323752517726490829e+00 4.067610153072497070e+00 1.563023322602106191e-01 -2.919447881520046195e+00 3.752398082502885757e+00 3.280926742989267453e+00 1.001359937884249929e+00 3.941350071027105439e+00 5.667004951525218104e+00
