1.000000000000000000e+00 4.134944268214373331e-01 3.695978069423938361e+00 3.582070361784174928e+00 -2.429952643417468749e+00 -1.141983764707227511e+00 -4.257535087892440728e+00 -4.057048948255538079e+00 3.093473070181638196e+00 -2.220736213145336091e+00 2.828312946686948326e-01
1.000000000000000000e+00 -1.848866522138900015e-01 3.108118230029933482e+00 2.337830871719355663e+00 -5.175922677172277275e+00 -1.318532441325675153e+00 -2.175317267327917747e+00 -3.404756319018090949e+00 4.378980295075092233e-01 -2.704104608324144010e+00 -1.763478617454134367e+00
0.000000000000000000e+00 -2.406664724182260073e+00 2.384535102250201710e+00 -5.688198031190738746e-01 -1.834598845557425528e-01 4.280161125726771765e+00 -6.253034092068613603e+00 3.094091559258451252e+00 2.778035299615111864e+00 -1.361417135213689455e-01 -1.547875080112234958e+00
1.000000000000000000e+00 -1.340470246561580092e+00 4.498596197385777096e+00 2.719338945717410638e+00 -2.863016540533529053e+00 -5.702553074305315439e-01 -1.808639082922061547e+00 -4.156898719055608815e+00 -7.651111702904933587e-02 -4.274264612646732076e+00 -1.429269503458847179e+00
0.000000000000000000e+00 -5.840764988130481283e-01 1.275496383798990996e+00 2.916293577758838351e-01 1.552112683083690936e-01 5.425876034386612368e+00 -4.308018909596127877e+00 3.321837382961108531e+00 2.712745139256627080e+00 3.123514942362224822e+00 -1.427381017671347951e+00
0.000000000000000000e+00 -2.886932042093514283e+00 9.379984433189652027e-01 -2.731913018947237370e-01 -8.836430416894721640e-01 4.443200798881581370e+00 -5.392174070868402502e+00 1.807375662028179342e+00 1.369787458987967277e+00 2.305906419266964935e+00 -3.270346409180209246e+00
0.000000000000000000e+00 -2.822036987238091932e+00 1.612016117432759188e+00 -9.808557639533667105e-01 -5.786091231323651218e-01 4.437027936203640444e+00 -4.391458047348786309e+00 3.046453177318590555e+00 3.184383440201336235e+00 2.630133768609101974e+00 -1.239966305401243529e+00
1.000000000000000000e+00 -2.003702156026046399e+00 3.266139434626795346e+00 2.435822220240303704e+00 -4.500495806408631339e+00 -2.118869099191154515e+00 -4.159423558896367723e+00 -4.883306923886938655e+00 2.047635112136697355e+00 -1.604795691539488978e+00 -6.367417559012642503e-01
0.000000000000000000e+00 -6.596571914615222409e-01 5.108712207480137213e-01 -7.500730147646204049e-01 4.167340128432227564e-01 4.550070300560883574e+00 -4.778307075924900893e+00 1.883879674626421030e+00 1.705715594891195952e+00 2.135888251809729965e+00 -1.612910626689931126e+00
1.000000000000000000e+00 -4.832008881863492089e-02 3.754680698948431150e+00 2.252694818384072040e+00 -4.564265782644990388e+00 -1.006478494191950679e+00 -8.319244634254978621e-01 -1.398757484143894780e+00 1.423403896507748012e+00 -2.233955882774250945e+00 4.441441739840640279e-01
1.000000000000000000e+00 -1.153349471106325241e+00 2.187838639664231088e+00 3.469796949576100520e+00 -5.248021476378801786e+00 -1.205609290876731965e+00 -2.177206018583621727e+00 -2.596615953621439932e+00 1.915970243021598574e+00 -2.848262182735677328e+00 -1.015530491691455817e+00
1.000000000000000000e+00 -8.954209801740968810e-01 3.553240297815508875e+00 3.448435048226394350e+00 -4.844409555641426834e+00 -7.342149211699404709e-01 -4.047663042750081708e+00 -2.026899708667244226e+00 1.336679983192536891e+00 -4.578262392074812226e+00 5.980133005089481868e-01
0.000000000000000000e+00 -2.593376183382027911e+00 1.611894408311647764e+00 4.399901042613649782e-01 -6.890133741450032989e-01 6.133099877161083846e+00 -6.177153745717137490e+00 8.841992069979185409e-01 1.672126784487919959e+00 2.503016790929845303e+00 -1.923333123766975739e+00
1.000000000000000000e+00 -1.322515203397381933e+00 3.439855886566511867e+00 3.231840606961307927e+00 -4.488969503919135740e+00 -2.094433600406316653e+00 -2.565410779253058049e+00 -3.428005084515241663e+00 2.251436030658579224e+00 -4.158595972158140697e+00 -3.394699380131735444e-01
0.000000000000000000e+00 -1.623954725414817668e+00 1.235371146934780784e+00 -3.378280336542149431e+00 -8.102221906477771185e-01 5.136620454188091323e+00 -5.750136946869123022e+00 3.396733986850511755e+00 3.307424892707402364e+00 2.271825637312441692e+00 -1.827171233200112876e+00
0.000000000000000000e+00 -1.251949347782050026e+00 1.281569938959164379e+00 -4.810968310485052579e-01 1.127626324468742558e+00 4.827137108301737811e+00 -5.317681646780320293e+00 4.563638620434586457e+00 2.605679533517849311e+00 1.697832181607799473e+00 -1.803557754203760854e+00
1.000000000000000000e+00 -1.242287027282904743e+00 1.856965179673710331e+00 2.749010944203042150e+00 -5.103237159800436018e+00 -4.768461103283372360e-01 -4.113067773216972256e+00 -3.363392984144329301e+00 1.549361302609259639e+00 -4.072979168192365940e+00 -9.092938124489475804e-01
1.000000000000000000e+00 -1.175291053193998847e+00 3.216245983374198758e+00 4.398323222883067096e+00 -2.639001068161048291e+00 -1.016712692974427679e+00 -2.120498698114573699e+00 -3.927326137750187129e+00 1.626577378945536223e+00 -3.700790296346818220e+00 -1.984751007487342678e+00
1.000000000000000000e+00 -5.155218241217021102e-01 3.119845363850467734e+00 5.343088560153861799e+00 -3.817834135951319041e+00 -2.262499480768634719e+00 -2.407078225307810015e+00 -1.454733257725267404e+00 3.995897797854536915e+00 -4.363531471700707876e+00 1.498864858453130000e-01
1.000000000000000000e+00 9.342899584987089945e-01 3.313748831586188714e+00 4.750793677088338107e+00 -3.294193941224314859e+00 3.644214337765736555e-01 -2.880512029027157084e+00 -2.921479789514147107e+00 1.682799096391776938e+00 -3.426467423444982341e+00 8.077989539185621570e-01
1.000000000000000000e+00 6.758082287894331408e-01 3.487635263885187520e+00 4.658433892073457372e+00 -3.004956463506477604e+00 4.239597038781295346e-01 -1.350562068407612726e+00 -2.105864084858941609e+00 9.987660786014708192e-01 -2.899851130502744123e+00 -5.302925694568620951e-01
1.000000000000000000e+00 -1.191849751445593908e+00 4.064092237696876886e+00 3.587241050940134457e+00 -2.415023668051248684e+00 5.505789070372246741e-03 -4.228662273780214420e+00 -2.909046850564159570e+00 3.440848219709285782e+00 -3.046770231785443261e+00 -1.693171721432765731e+00
1.000000000000000000e+00 -6.309759199797357887e-01 4.929358912228741119e+00 4.509662387167439945e+00 -3.459946134188378597e+00 -1.107974446040365324e+00 -4.220929486588286927e+00 -2.511969474190965723e+00 2.494382042007119882e+00 -2.688486054705335526e+00 2.653295461275220202e-01
1.000000000000000000e+00 5.374278583957550204e-01 4.934835294434608777e+00 6.004294070270170813e-01 -3.759489200529137598e+00 4.381623983990428073e-01 -3.429979090300600220e+00 -2.148874911173405344e+00 1.656746764245686343e+00 -2.640094422921423600e+00 -2.218881973742572455e+00
1.000000000000000000e+00 1.707794251362326765e-02 3.004539974674436564e+00 1.671639328381053335e+00 -2.864541420790053916e+00 -3.010966485620135025e+00 -4.930787034258541368e+00 -3.516036543807606662e+00 1.780158766260363068e+00 -2.208970623642867004e+00 -4.064734371579493688e-01
0.000000000000000000e+00 -2.304348949075055941e+00 2.075252557976949408e+00 -8.985557887824643375e-01 1.606637700966168647e-01 4.033421542086605527e+00 -3.798888421772693924e+00 1.971261377227816025e+00 1.786346098990288400e+00 8.331644068307557660e-01 -8.773229069990597928e-01
1.000000000000000000e+00 -3.630504944545488999e-01 4.110924361783876435e+00 1.987820631427780427e+00 -3.010701319791698083e+00 -8.762332506351595551e-01 -2.404589864907384023e+00 -2.342098212931558177e+00 1.720816037478487992e+00 -2.997504884398468850e+00 4.843446573652279152e-01
0.000000000000000000e+00 -2.252122740128295053e+00 1.185002592056865200e+00 3.721493647054161524e-01 1.629600724237447729e+00 3.762106858818875299e+00 -4.537082219662139870e+00 3.076493978966148291e+00 1.375068553380746739e+00 1.358684760712507433e+00 -2.167860919206168191e+00
0.000000000000000000e+00 -1.210741850842187883e+00 1.645562983109268851e+00 1.044970126414993983e+00 -2.814738660902529888e-02 4.800288294622514940e+00 -4.465878181502271893e+00 2.675989442640508198e+00 1.696359392863911797e+00 3.186132287235480920e+00 -2.741657265410120115e+00
0.000000000000000000e+00 -2.141221269170300534e+00 2.607609793203515380e+00 -5.091242105585083166e-01 -5.831434419684297099e-01 3.159618913418748676e+00 -4.383059902205475922e+00 2.229142239122826386e+00 1.635319344897762317e+00 2.773878619644271737e+00 -3.052087588454928557e+00
1.000000000000000000e+00 -1.059105607393398429e+00 3.458772870042536418e+00 3.348121686897747473e+00 -2.613179616657557602e+00 -1.940526094370510268e+00 -2.584010181194402289e+00 -2.291891614930039456e+00 1.289198892427392718e+00 -1.713051754158189999e+00 -1.524403845100247956e+00
0.000000000000000000e+00 -1.690511163482932844e-01 6.050172754061116098e-01 6.024400299132397496e-01 -7.554005954195710526e-01 2.370303799635891995e+00 -3.914810057567883028e+00 1.890122957526890080e+00 2.585660489782559246e+00 3.396665148225769926e+00 -3.284968044269034770e+00
1.000000000000000000e+00 -1.225558850169459202e-01 1.741343946799691622e+00 4.888277904417377862e+00 -3.918842521696132675e+00 -1.742594936786123760e-02 -3.823889226619554105e+00 -2.696914195180826646e+00 1.048485876333566047e+00 -4.751310111900947319e+00 8.923636909866643485e-01
0.000000000000000000e+00 -4.895881445093075435e-01 1.158030791004942550e+00 -1.450114027927740246e-01 -3.604115377860273584e-01 5.131716313920090755e+00 -3.421096281386065918e+00 2.947063317932775206e+00 2.582270845547319116e+00 2.006599219102759957e+00 -2.465862720481306170e+00
1.000000000000000000e+00 1.499380791729029383e+00 2.501210091936784785e+00 3.462392058275698847e+00 -2.201815285978050429e+00 -4.440697872530988688e-01 -3.361409407758183754e+00 -3.212636376892643142e+00 9.469534037967475282e-01 -1.829458815455487164e+00 -1.243914220657722780e-01
0.000000000000000000e+00 -1.005388811874030175e+00 1.756059598163600466e+00 7.395762620088439654e-01 -2.493329465683846169e-01 1.837739194348658955e+00 -3.740587467756715689e+00 3.674211483045367821e+00 2.941583818056509259e+00 8.703867471995856420e-01 -2.424680911279897266e+00
0.000000000000000000e+00 -2.402032618650499884e+00 1.806099131472382657e+00 7.018543706605485655e-01 -1.196889958069986271e-01 5.210484740913588375e+00 -4.963750657248681364e+00 2.192268597731954927e+00 2.368476756702514230e+00 2.548819954171867685e+00 -3.076286102543625223e+00
1.000000000000000000e+00 -6.748798978003371918e-01 3.494190596583631070e+00 3.228175860662200414e+00 -3.549246230648520850e+00 8.974745575370013384e-01 -1.514269406890920378e+00 -2.510112036538242108e+00 1.243970256725616341e+00 -3.924151681339604014e+00 8.099281596002944061e-01
0.000000000000000000e+00 -1.421668479115635986e+00 1.367360441138615545e+00 -1.272487191407933871e+00 1.097332698387528449e+00 3.533040991261140906e+00 -5.561920994316102096e+00 2.059837956201753251e+00 4.514015299618525656e-01 2.524843724372440867e+00 -2.041302355708487060e+00
1.000000000000000000e+00 -2.590828716202070447e-01 2.989615855480188600e+00 2.791839821599642946e+00 -4.154787793844765709e+00 -2.220132306567256020e+00 -2.594312144395514608e+00 4.000477260418171532e-01 3.186227148349916938e+00 -2.975529679738752709e+00 1.377498756891380571e+00
1.000000000000000000e+00 -1.279003542434988372e+00 3.817326727299424238e+00 3.906459560699520939e+00 -5.050808860579056869e+00 -2.231586449465186917e+00 -1.769821067008076287e+00 -2.675869789336166704e+00 1.099506063867288219e+00 -3.197764717775574361e+00 2.112485441781843942e-01
1.000000000000000000e+00 -2.136187253002337805e+00 5.947975476238875459e+00 4.050074681779158858e+00 -4.283554356414526865e+00 -2.088230102705577629e+00 -2.976631029592783584e+00 -2.578365484567017418e+00 7.782834083072420750e-01 -3.772956328749261790e+00 -9.094867131041149966e-01
0.000000000000000000e+00 -1.397186949662393207e+00 2.360352913081830817e+00 -4.170839304423460403e-01 2.741063113872476142e-01 3.683163265293813105e+00 -4.569773133617297312e+00 8.369009938438431995e-01 4.445851208525512632e+00 1.360631029635096079e+00 -3.451025791448908642e+00
1.000000000000000000e+00 -1.613555827520663843e+00 3.305020731322742655e+00 4.137380686698478804e+00 -2.913738274553459906e+00 -1.705412818107759243e+00 -3.186954495035881241e+00 -4.112809207972939696e+00 1.656895896463713491e+00 -2.084431534558620847e+00 -5.533289346801928410e-02
1.000000000000000000e+00 -1.585044700984546973e-01 3.216979633793549453e+00 2.573977572990965967e+00 -4.206662846160470259e+00 -2.531192831073467264e+00 -2.845163362005366459e+00 -1.923810990312549318e+00 1.921543825507667114e+00 -3.770532943359343303e+00 1.759137961741788492e-01
1.000000000000000000e+00 -8.491040033255682351e-01 3.192073374939195851e+00 1.867547294958579851e+00 -7.095303560623364980e-01 -1.332902950528506381e+00 -3.416829234044456598e+00 -1.566822365021458108e+00 2.092221596368664560e+00 -4.169051876216737895e+00 -2.880018228863280849e-01
0.000000000000000000e+00 -9.650967956111617951e-01 7.736052685596964684e-01 -8.556185760828045606e-01 -2.744000037783298485e-01 4.273322480006816804e+00 -4.142006436159202387e+00 3.550874074083525400e+00 1.207519236792798267e+00 1.136580058589892639e+00 -2.446170421659756400e+00
1.000000000000000000e+00 -6.016022949719067592e-01 2.007170324549200302e+00 3.357367422126745549e+00 -5.273151820133730183e+00 2.343955593737527821e-01 -2.499936311310567927e+00 -1.293112729271222561e+00 9.108352990811493521e-01 -3.655227041898405638e+00 -1.350766883389424855e+00
0.000000000000000000e+00 7.570567701872170652e-01 3.838759637890287735e-01 -2.185466166574478564e+00 -7.423236803230561787e-01 4.322119341429954353e+00 -4.913201954718065423e+00 2.846124891023691816e+00 1.991827195563458108e+00 6.471181498146498789e-01 -1.052134535306530339e+00
1.000000000000000000e+00 -1.488857413827683995e+00 3.553038193281773616e+00 3.343716614181506674e+00 -5.141745725851524007e+00 -7.216389141794858908e-01 -2.224263565973295442e+00 -3.000059448021445974e+00 1.143069776198172072e+00 -2.370586644226210460e+00 1.679548075917213668e+00
0.000000000000000000e+00 -1.697492580454056821e+00 3.225201487644492993e+00 -5.165652264709492680e-01 -5.627100693728946945e-01 3.567368140030831469e+00 -4.324347219527483688e+00 2.897715210979452394e+00 1.496327907491259879e+00 1.992301399659911043e+00 -3.493092875297054256e+00
1.000000000000000000e+00 -5.297705873668230314e-01 3.187945621827314557e+00 1.791372801806472514e+00 -4.778576511350584255e+00 -1.503492631238543265e-01 -2.707998710671942089e+00 -8.668981280833021330e-01 3.154387267269639139e+00 -3.764399743904579321e+00 -1.056017872345562381e-01
0.000000000000000000e+00 -3.280813506896855802e-01 2.582989433279211600e+00 4.225499731150189620e-02 -2.813279754908541430e-01 3.588200908565760461e+00 -5.265310770502261484e+00 3.473404299729139222e+00 2.706909837236240790e+00 8.303309227296180595e-01 -2.571782546045509044e+00
0.000000000000000000e+00 -1.509057124381909532e-01 1.392102045526602216e+00 -6.670358759333958609e-01 6.217595975557491661e-01 2.685550527493751005e+00 -3.578719175557723453e+00 2.718022439314994543e+00 8.631403056149988817e-01 2.156125121176491799e+00 -3.199419614759404062e+00
1.000000000000000000e+00 -1.850499119890113064e+00 4.304501334514820421e+00 4.464349769030073745e+00 -5.058820064966810470e+00 -1.949624892668053722e-01 -2.745313322830472913e+00 -1.770397188227847085e+00 2.047536703510795419e+00 -3.000366990197759431e+00 9.959641246973520712e-01
0.000000000000000000e+00 -2.888084511498017370e+00 1.405412247344848042e+00 -1.725083706659904736e+00 -6.862343204418168696e-01 3.542537031286762783e+00 -4.399568774925117332e+00 2.259788009153466337e+00 4.211292973483990565e+00 1.808453150466871939e+00 -2.635486962021663437e+00
0.000000000000000000e+00 -2.130004424054636303e+00 2.008406980346652215e+00 -1.485366652408357524e-01 -1.841938690214129648e-01 3.911984075064124600e+00 -4.527876010767024617e+00 1.714506644082716358e+00 1.973354487323439432e+00 1.824726404828885151e+00 -3.048192626561386120e+00
1.000000000000000000e+00 -8.386484514734745543e-01 3.358845573390285111e+00 3.782495452496148491e+00 -4.413559137643329855e+00 -5.492285202194465699e-01 -3.606596379447319034e+00 -2.800579802551861786e+00 3.323996455978859288e-01 -3.385678741360981459e+00 -4.214902102050463450e-01
1.000000000000000000e+00 -2.107489585827634349e-01 3.568614044841993849e+00 3.626899879225304879e+00 -2.843048214926695128e+00 1.364562227901093827e-01 -2.697344596514844373e+00 -2.115959961596239669e+00 2.462753525080266126e+00 -2.370292199664806976e+00 -2.608917676398140317e-01
1.000000000000000000e+00 -2.221126042374221843e-01 3.303777063188170438e+00 4.625269868986213062e+00 -3.480078148780183955e+00 -2.796797469266390834e+00 -1.797533451919160141e+00 -1.639786778477994256e+00 2.218493386736438033e+00 -2.795412444005334507e+00 1.790885162800618380e+00
0.000000000000000000e+00 -7.306766148932560823e-01 3.024580288881479895e+00 1.010299597580693876e-02 -7.339864389075126949e-01 4.717577594333738134e+00 -4.946433635529707828e+00 2.471661077235010495e+00 7.330736843096710142e-01 2.184204792944218987e+00 -8.867721982891734189e-01
1.000000000000000000e+00 -1.619856147409630909e+00 3.239429607917624576e+00 1.877637500771594192e+00 -4.811042840328673798e+00 -1.763348416757026582e+00 -2.074520509697238779e+00 -2.046694759353135495e+00 -7.725568884881317544e-01 -3.369169535750525579e+00 2.128011020944047704e+00
0.000000000000000000e+00 -5.198859166254288233e-02 1.807480519914180350e+00 4.620039889664342425e-01 8.290264501507744743e-01 2.463011821417249614e+00 -3.937117439216399450e+00 2.224011625743189224e+00 2.248359642964140370e+00 1.779620683851274476e+00 -2.263740085510076661e+00
0.000000000000000000e+00 -1.345652890643917576e+00 -2.077359682052397627e-01 -1.239381355620071012e+00 3.507199278971905865e-01 4.618283171030041601e+00 -5.756290448021486483e+00 3.020852694652532922e+00 1.760479020147726281e+00 2.947499944022804463e+00 -2.452273007099734503e+00
1.000000000000000000e+00 -4.969492799258557469e-01 2.507262425816707996e+00 4.177149306495122616e+00 -4.504188060393177651e+00 -1.720668662871263743e+00 -2.235559965194499732e+00 -1.895836148860888803e+00 1.487509516601761339e+00 -3.540519683956627972e+00 -1.058527419030966810e-01
0.000000000000000000e+00 -1.808246155545363720e+00 1.203148972538354400e+00 -1.000637710469404196e-01 3.764034535702165396e-01 4.651647833369042750e+00 -2.624483881541696206e+00 2.804373616486653287e+00 3.279810821924985298e+00 1.951714013093233557e+00 -2.087379382585582643e+00
0.000000000000000000e+00 -9.550606437947027905e-01 1.808715083093606513e+00 -4.774001713074255138e-02 -7.047679289359858323e-01 4.683730724308076354e+00 -5.702061185558977563e+00 7.587244802163499724e-01 2.847695235943382031e+00 3.545078115150861464e+00 -2.533054206359203420e+00
0.000000000000000000e+00 -7.533125374945882635e-01 1.980318773032969881e+00 2.409865703115829039e+00 1.854701979575278825e+00 2.911582932070582164e+00 -6.563284854464777496e+00 1.870395380461863821e+00 9.606953463911731550e-01 2.284025547151463886e+00 -2.640949199603007003e+00
0.000000000000000000e+00 -2.225639902984450913e+00 2.061259098067963258e+00 -2.609985462538143564e-01 -7.623470862776732249e-02 4.904352917359418029e+00 -3.500840485716369077e+00 -5.259876523281050709e-01 4.100935181648627470e+00 1.539898750617467060e+00 -2.161087295858300728e+00
0.000000000000000000e+00 -2.770114858220057208e+00 2.141912861925171718e+00 5.285632983397392515e-02 -8.816132320686003165e-01 3.760106656653198431e+00 -5.397115118722223492e+00 3.188595535834762629e+00 2.472853780635939636e+00 3.559438890429678537e+00 -3.406031261187374426e+00
0.000000000000000000e+00 -1.148975228003515259e+00 5.166997157215491576e-02 -1.092695319162392487e+00 8.850385901276345280e-01 4.262275547245787166e+00 -3.376728278572019182e+00 3.232685456872621099e+00 2.958510658681785976e+00 3.167375228353476402e+00 -2.101411336049076706e+00
0.000000000000000000e+00 -9.561363374543568883e-01 9.763102713503895025e-01 -1.576363891574453557e+00 -6.169225877506170352e-01 5.131971845127851317e+00 -6.067909292805595989e+00 2.319135399600206426e+00 2.695125800385652415e+00 1.469616923566165134e+00 -2.499777521728514085e+00
1.000000000000000000e+00 -1.833498175868722546e+00 1.965426389673138097e+00 3.066270746305523431e+00 -4.413854544022084880e+00 -5.061065452547642840e-01 -3.759467376848699249e+00 -1.941904902781224962e+00 2.217827993640049122e+00 -3.289465903038996775e+00 -3.243283450086305586e-01
1.000000000000000000e+00 4.100646066401552048e-01 3.455455780057405057e+00 3.558327821871259289e+00 -2.260947396325061476e+00 -2.361509496245562723e+00 -1.715296002258911434e+00 -2.740898338225416619e+00 1.097791784572154317e+00 -3.422967453990687137e+00 8.648529728277107864e-01
1.000000000000000000e+00 -1.034966661614586725e+00 4.321503834785506371e+00 4.948338343519251836e+00 -4.604952637847249619e+00 -2.321141760613746996e+00 -2.999002637195145482e+00 -1.367234614802761872e+00 2.838885846026316884e+00 -2.781170503250022907e+00 -2.489870944969101996e-01
1.000000000000000000e+00 4.401156658164657731e-01 2.977713352019788928e+00 4.013583406815725674e+00 -3.903455521381101079e+00 -2.299345131145809074e-01 -3.026768701496263869e+00 -9.978501065857221519e-01 3.504428856836865336e+00 -3.830391896140860730e+00 -1.698347882437453382e+00
0.000000000000000000e+00 -1.197527322071053169e+00 9.526301798508121088e-01 -1.405943958200652322e+00 -3.722504301848897357e-01 5.883871875741204072e+00 -4.538216029259556805e+00 2.840689075488279425e+00 1.224913750232454079e+00 3.002680704602623596e+00 -2.357181336994276677e+00
1.000000000000000000e+00 -7.409513726619613161e-01 3.353513664847152853e+00 2.822661043232459921e+00 -2.931267389082938379e+00 -1.198351354294132864e+00 -1.258641139917679119e+00 -1.092285701213447036e+00 1.562329429389198054e+00 -4.112482785576605515e+00 -1.797364017818032123e+00
1.000000000000000000e+00 -1.384303302690048643e-02 4.115141511838810828e+00 4.859889454857729163e+00 -3.421146578581229392e+00 -1.138730495400935183e+00 -2.950329096935462747e+00 -3.384436937102270004e+00 2.903147433695672408e+00 -2.797575023251206883e+00 -1.754714502616523619e+00
0.000000000000000000e+00 -2.675339269547705179e+00 3.739819667839364925e+00 1.615573907188329605e-01 4.496458984345521048e-01 4.054612761584959202e+00 -5.832526940038659902e+00 2.095214126552932932e+00 4.551328619644672280e-01 2.650353419984718517e+00 -3.626021976303645644e+00
0.000000000000000000e+00 -2.526511873115468099e+00 1.914446628519110405e+00 1.499591692391931019e+00 -7.303092647549036531e-01 4.069145713206554049e+00 -4.059505792746064046e+00 1.999135667185831355e+00 1.768926503223921642e+00 3.604888118561692778e+00 -3.403717082391066739e+00
0.000000000000000000e+00 -1.198913808464026731e+00 7.121919498618494160e-01 -1.081309606911980969e+00 4.799037004624219227e-01 5.670923218676676036e+00 -4.029427019900273521e+00 2.267950533369879285e+00 3.561628296008840344e+00 9.293502555375372509e-01 -1.357174098003976814e+00
0.000000000000000000e+00 -3.029097030699022142e+00 2.650246653523703255e+00 1.460394671562424307e+00 5.665787580901363585e-01 5.079852977621767351e+00 -5.748961601790512077e+00 4.407069913103427439e-01 2.534027917407814634e+00 2.029105219883853284e+00 -1.575053852259053144e+00
0.000000000000000000e+00 -7.687276995592363660e-01 1.274044020181010817e+00 8.854066176572306102e-01 1.697500168475571392e-03 3.102783411387702195e+00 -2.389718370421696214e+00 1.825108679419680469e+00 1.619513589450982227e+00 9.304072700562957543e-01 -2.351260882556095222e+00
0.000000000000000000e+00 -1.850691287542183261e-01 3.362401826147404016e+00 5.620283776074896931e-01 -4.551279633906454847e-01 3.323085083637283166e+00 -4.270979843755068117e+00 2.131120745851043718e+00 3.893267218360019211e+00 2.101067512817746064e+00 -4.227453826725351860e+00
0.000000000000000000e+00 -5.481491716409634396e-01 1.321031002597802928e+00 -1.066875319662372590e+00 -2.912523112067873579e-02 2.911447951047778204e+00 -6.098660982219206161e+00 2.114026400582356136e+00 2.197117536410423178e+00 8.009569798467690571e-01 -2.985203048377159440e+00
0.000000000000000000e+00 -7.647195512307186638e-01 1.365831981652423144e+00 8.297213880997937885e-01 -7.842065707480070369e-01 4.028374380232940588e+00 -4.339015436243359503e+00 1.597170306394514849e+00 3.117521018708486746e+00 3.373847191284872871e+00 -2.525767109446001246e+00
1.000000000000000000e+00 -4.454707171813788058e+00 3.740379478935748292e+00 4.842432597807562189e+00 -3.101303992122154796e+00 -1.009453430752178082e+00 -2.467480416124620213e+00 -3.567115201500672406e+00 3.460628507129997811e+00 -2.613285279144221818e+00 -1.225112425802742600e+00
1.000000000000000000e+00 -1.775821354507559624e+00 2.121942101767928079e+00 3.710439986488855091e+00 -3.231038150330062475e+00 -5.705727672177675069e-01 -1.977157711690528785e+00 -1.206061869852694812e+00 3.187637700038415289e+00 -2.825461844623848862e+00 2.073663124801908841e-01
0.000000000000000000e+00 -8.137518634218168234e-01 1.611323082250484262e+00 7.761809979545233329e-01 -2.012823206195169412e+00 4.704282390661736812e+00 -2.511172119894876431e+00 2.398694587979755877e+00 2.590453963385158431e+00 1.227022120604713606e+00 -2.473217340460840852e+00
0.000000000000000000e+00 -2.739287995781443108e+00 1.094647309553410830e+00 -1.194858172412165631e+00 -4.724465816040429589e-01 4.002402924100697312e+00 -3.211303920731036321e+00 4.696575023415765493e-01 2.604289393272921416e+00 2.505348472299061768e+00 -1.035980039234394523e+00
1.000000000000000000e+00 -7.652590890194804762e-01 2.556481193947750086e+00 3.726761142084975997e+00 -3.553053241324624079e+00 -1.400287840137776074e+00 -2.290237263204938589e+00 -2.150769896500630551e+00 7.169728405912350055e-01 -3.541170796903325257e+00 8.307782601711394266e-01
0.000000000000000000e+00 -2.258447073338689215e+00 1.780031951777266030e+00 1.011597947506017281e+00 1.957216712497129807e+00 4.143181814216485570e+00 -5.121733545766837814e+00 2.403397889675773502e+00 3.513412819922765884e+00 1.931013524132470627e+00 -3.742912418664430696e+00
1.000000000000000000e+00 3.918629895928145146e-01 4.935149126660043351e+00 2.634314739459524102e+00 -4.560974090407460935e+00 -4.297117270171250114e-01 -2.664944193056671740e+00 -3.033634767811290267e+00 -5.186999636753553133e-01 -3.146280990453994786e+00 -1.277296506720243252e-01
1.000000000000000000e+00 5.476580445703942424e-01 2.586185355801196906e+00 2.138726741444173740e+00 -3.344997290975401771e+00 -2.061634586305857830e+00 -1.712657258438729180e+00 -2.917952300360393103e+00 2.787267350026175095e+00 -3.344202817513717285e+00 -1.731073874804433421e+00
0.000000000000000000e+00 7.345277617858569918e-02 2.568162603779764463e-01 2.361360257346762914e-01 -3.638851671548342104e-01 4.044438051332320150e+00 -5.797746009346306018e+00 3.085412429711965387e+00 2.766756998870902873e+00 1.615571918583272426e+00 -3.260159944361380013e+00
1.000000000000000000e+00 -9.043929854577372751e-01 3.912910096096069434e+00 4.619749411791925553e+00 -2.595738492866701996e+00 1.208653462435477888e+00 -3.404101743035361061e+00 -2.550784734081243954e+00 3.384425895598884182e+00 -3.012885341264173622e+00 -7.227388828829924838e-01
0.000000000000000000e+00 -1.311786394053564342e+00 2.654261476387909546e+00 1.639982707180061006e-01 -2.606459396125802019e-01 3.436975908217977604e+00 -6.410731417650244346e+00 2.297458072843707289e+00 2.349862907032854942e+00 1.596662570840864825e+00 -2.244823415570564862e+00
1.000000000000000000e+00 6.348499446184074912e-01 3.098402026202886628e+00 4.130780912534899763e+00 -3.809435165659756262e+00 -1.696392993716520969e+00 -1.422645705448098985e+00 -1.482096411968695016e+00 2.547768758019894886e+00 -2.397154457370728409e+00 8.524994674393935323e-01
0.000000000000000000e+00 -1.565864198567810783e+00 2.839124529377572870e+00 -4.168538446571060097e-02 -1.259240148948912896e+00 3.212212409088770038e+00 -4.212123001748202533e+00 1.691101685382184527e+00 2.626648197428464560e+00 2.784378604408549229e+00 -3.296914471270008917e+00
