0.000000000000000000e+00 -1.563243575676716901e+00 -5.063437712507389499e+00 -8.524682194660211376e-01 -1.422302735912825078e+00 -3.726852857279731701e+00 2.713265367015191387e+00 -4.760361704366244062e+00 -4.538064651827198759e+00 -3.771993961450405664e+00 -3.526271856768662172e+00
0.000000000000000000e+00 1.187758168888839894e+00 -3.330095801159037805e+00 3.796846515972540637e-02 1.240804632417165099e+00 -4.726303197669658118e+00 4.082019428360534441e+00 -3.485656108643286899e+00 -4.194083616000713555e+00 -3.707144787675292541e+00 -6.355644726745361961e-01
0.000000000000000000e+00 -1.593166778094604163e+00 -4.595571379940732726e+00 -2.750938327034591513e+00 6.036708149269331969e-01 -5.702275615353681992e+00 1.985390450462777512e+00 -3.310356342215433401e+00 -3.332354375042288375e+00 -3.915422073769937228e+00 -2.407178452044264616e-01
0.000000000000000000e+00 -2.379151585501785515e+00 -4.296148418298428417e+00 -5.252288316129833934e-01 -2.439496991482000610e+00 -4.814189197071355508e+00 4.245796287441716999e+00 -2.719901626674752215e+00 -4.408840676892763710e+00 -2.339610828244823804e+00 7.740889120683641655e-01
0.000000000000000000e+00 -2.620024544550468848e-01 -3.445525959010232953e+00 -3.220219628222405817e+00 -1.758982994766614905e+00 -5.494357689447191717e+00 3.271698125328172946e+00 -5.315595809375746938e+00 -5.168215273937398990e+00 -3.014561248353850864e+00 7.487263263454274620e-01
0.000000000000000000e+00 7.974079401511586784e-01 -2.474554203298593436e+00 -1.756634446122838700e+00 -2.971181752307073820e-01 -4.443216391849476921e+00 3.621699039675420728e+00 -3.868421159102862550e+00 -5.463545813199111478e+00 -3.514852891287136849e+00 1.648984472094477738e+00
0.000000000000000000e+00 -5.589249290074007614e-01 -3.086663068068187687e+00 -7.819780509788040179e-01 4.463829796008034201e-01 -4.465228169040242889e+00 1.136362204544649979e+00 -3.860705346000484095e+00 -5.641834514477879203e+00 -2.231375737163872497e+00 -1.977764994595600845e+00
0.000000000000000000e+00 8.172850616125476586e-02 -3.900266559487127971e+00 -2.084968538550390438e+00 -1.391545507108754798e+00 -3.779320996369584851e+00 4.097282062911497214e+00 -5.072489453821653171e+00 -5.052608581843816893e+00 -1.519789856536112316e+00 1.848186034240834608e-01
1.000000000000000000e+00 -3.365688966878018995e+00 2.273909708100730676e+00 3.307109041117561432e+00 5.409646439695349862e+00 2.752143280638745804e-01 3.637292089404883910e+00 2.328368886171163776e+00 -1.337362129696603397e+00 2.420484007587293540e-01 -3.716629398343636481e+00
1.000000000000000000e+00 -2.234122026142864037e+00 2.314894937050509860e+00 5.278404253021964365e+00 4.178991876082343460e+00 -3.230471889880897063e-01 4.599723074312647597e+00 1.740894092432073270e+00 -8.701252080458504734e-01 2.144455764209109105e+00 -3.917697002105968718e+00
0.000000000000000000e+00 -3.657952088145497438e-01 -5.282450572247428866e+00 -1.510842718974828358e+00 -1.738975992724215436e-01 -4.133633314659688196e+00 1.225226496516990116e+00 -4.538924102290505580e+00 -5.379192187866656205e+00 -3.960839169966391182e+00 -9.321478580820221627e-01
1.000000000000000000e+00 -3.554850068286698583e+00 1.851423165330454701e+00 5.300707813753648523e+00 5.745927861969814643e+00 -6.893444241581402343e-01 1.921523965694301284e+00 2.486633657716976309e+00 -1.524381128602177338e+00 1.431163176330707554e-01 -2.466881583331456795e+00
1.000000000000000000e+00 -3.381072734190158080e+00 4.176029161167904569e+00 5.403621787942046950e+00 4.219012902831935641e+00 6.012838768255561739e-01 1.967866713518700017e+00 7.690600259563273866e-02 -7.660734875069165062e-01 3.863458066310965222e+00 -5.604750493056127603e+00
1.000000000000000000e+00 -3.060778872083040891e+00 3.824399612035064955e+00 3.325862800354761450e+00 2.935349717394648117e+00 4.342429796485008375e-01 4.627303294055018945e+00 -5.705019023837847314e-01 3.403239501449935034e-01 1.346551511254688194e+00 -2.744031743740487528e+00
1.000000000000000000e+00 -3.850487839717219085e+00 3.249433583939477010e+00 3.205013584386787961e+00 4.892160703995076076e+00 -2.952330576098744497e-01 2.785947550339721523e+00 2.582995692936257637e+00 3.372627214486174640e-01 1.387637585739760038e+00 -3.000639007442757578e+00
1.000000000000000000e+00 -2.976597804232779421e+00 2.925942513961196756e+00 4.867517332824385257e+00 5.387856815586908432e+00 2.949971925523984240e-01 4.475377758463196187e+00 1.580227249303964188e+00 -1.240829830896582830e+00 6.798677084255102532e-01 -4.627067225213174595e+00
1.000000000000000000e+00 -2.928130642884673840e+00 3.230694020292717017e+00 4.717571826564239679e+00 5.004423619833652026e+00 -2.166761986116776395e-01 2.534061152021304331e+00 3.164664346714696652e+00 -1.129075230775650196e+00 6.877982530259901806e-01 -3.518650767559713621e+00
1.000000000000000000e+00 -2.096896980237409558e+00 2.946775720504109852e+00 4.779811990768108032e+00 5.523697983865036854e+00 -3.172510243254254014e-01 3.071919199660749999e+00 4.404813436353531841e-01 -1.146849530317633370e+00 1.546805126244662265e+00 -4.740077852256305846e+00
1.000000000000000000e+00 -3.746366507966808257e+00 4.439255622755275077e+00 5.700083161956520428e+00 6.192667674926710220e+00 3.053441934000795943e-02 3.320795732656757870e+00 2.012985473365675571e+00 -5.647689832321516334e-01 2.937951365326556097e+00 -3.650085804835677017e+00
0.000000000000000000e+00 8.189511101203283960e-01 -3.576263929491469096e+00 -6.763486854954625649e-02 -1.471863603633109863e+00 -5.797012146635644569e+00 1.991815132336777427e+00 -4.703986797633400663e+00 -3.501627108701000246e+00 -2.740227831404584258e+00 -4.747049237195963278e-01
1.000000000000000000e+00 -3.529647266527888849e+00 4.467247397170485357e+00 2.992350996122150608e+00 4.897477481788781617e+00 8.124459982716047968e-03 5.485678181797036146e+00 -2.771286886388559800e-01 -3.330715790101212992e-02 2.097498200517802225e-01 -5.152411822094922655e+00
1.000000000000000000e+00 -2.885255278121959588e+00 2.595981538207499995e+00 4.961297537568431615e+00 4.997531525756699011e+00 -1.515873204124367879e+00 4.723835321932236653e+00 1.330060524320491933e+00 -1.088490455380240585e+00 4.756494790960301700e-01 -5.281035153451176356e+00
1.000000000000000000e+00 -6.588126924399270834e+00 3.252842982338578270e+00 4.274585420372956968e+00 4.304001433807108867e+00 9.091495577458665878e-01 4.511381927456924679e+00 8.065897867081648354e-01 1.837550669576105467e+00 6.169182662950717377e-01 -3.389625022864917625e+00
1.000000000000000000e+00 -3.563053164000344886e+00 2.387791758019318422e+00 4.514199430558414328e+00 6.337909671172097248e+00 -1.087275725304809537e+00 3.864725293251924487e+00 1.503854506094074006e+00 -8.392637901091171138e-01 1.868449608019302710e+00 -4.621773485760798827e+00
0.000000000000000000e+00 2.478794263221356098e-01 -3.102062773061495804e+00 -2.768512824397029171e+00 -5.813006376049600910e-01 -4.442750790190567400e+00 2.142379009860548855e+00 -3.833679656249721290e+00 -5.657368045378527555e+00 -2.850353329318019657e+00 -1.687827209765150049e-01
1.000000000000000000e+00 -4.174711192362080325e+00 2.934948551579840803e+00 4.655228949436999386e+00 5.612331849992735933e+00 2.188448409445150067e-01 3.324830081681775074e+00 8.307554998238483313e-01 -3.097391915325246603e-01 1.179147816088146339e+00 -3.305516817824166509e+00
1.000000000000000000e+00 -3.433967949512223061e+00 2.889103314695931068e+00 5.242013714486470022e+00 3.948250782000739090e+00 -1.618953259710355641e-01 3.271440340118536572e+00 3.335560783152102360e+00 4.698518082276059715e-01 9.749311437432245375e-01 -4.508394082069886899e+00
1.000000000000000000e+00 -3.530511901354462356e+00 1.862187500103115179e+00 4.985300444606904691e+00 6.319855607436878131e+00 -1.234768139039354562e+00 2.201385518375195360e+00 3.224185759054623901e+00 -1.131146921951020179e+00 1.842511600736456590e+00 -4.857727858087714345e+00
0.000000000000000000e+00 3.043276406943993262e-01 -4.394375308624248078e+00 -1.132740569022482546e+00 -3.052919519896507561e-01 -5.107677788724789281e+00 1.907169683365112167e+00 -4.002667937053380420e+00 -4.162611992111736825e+00 -3.074617401425143726e+00 -1.381231816915838628e+00
0.000000000000000000e+00 -2.137776207806883377e+00 -3.555592253044545625e+00 -3.354729547524720523e+00 -5.404810594836229054e-02 -4.753397948766370895e+00 1.843479840240839440e+00 -4.290674437810857000e+00 -2.674884929644393949e+00 -3.581896410870664127e+00 2.787877962613102278e-01
0.000000000000000000e+00 4.333810081772143663e-01 -3.670694403965714780e+00 -1.368217077694352302e+00 -6.740129542687124387e-01 -3.072287815613703899e+00 2.775057850116990910e+00 -4.694427055990797015e+00 -4.558650349137443492e+00 -2.112145928898653935e+00 -1.158316050839657718e+00
0.000000000000000000e+00 -1.209732394202972738e+00 -3.522398162346156880e+00 -5.606263927219460319e-01 -8.372078389686194999e-01 -4.662836924856436305e+00 2.665116194547005879e+00 -3.569925878173905609e+00 -3.713740124347824079e+00 -2.942482852718955044e+00 -1.360153549404378714e-01
0.000000000000000000e+00 8.350930778495999629e-01 -4.771365121061512227e+00 -8.578420669010337063e-01 -9.199312634211981310e-01 -5.038858885222544437e+00 1.702498816000016291e+00 -4.768583164018862064e+00 -3.475706422535644879e+00 -2.529788596207149354e+00 -3.723570494221967730e-01
0.000000000000000000e+00 -9.065962597125168942e-01 -2.718193315010914990e+00 -1.232220119127551916e+00 -1.017475683058069569e+00 -4.402530441216607748e+00 3.596302822797527554e+00 -4.064582627175044927e+00 -4.441416336588161151e+00 -2.401062387007672161e+00 5.554213391245081954e-01
0.000000000000000000e+00 -7.109256661597469495e-01 -4.515828110014535213e+00 -1.441430112764970906e+00 7.618733863058186895e-01 -3.619334199529115281e+00 1.327685509741549197e+00 -2.814831664297155811e+00 -4.129490608068646651e+00 -4.129010401323986557e+00 -1.816163507264291432e+00
0.000000000000000000e+00 -3.231513944648566339e-01 -3.563764467763502086e+00 -1.372455820624148171e+00 -8.424297075898901088e-01 -5.551683233841653298e+00 4.595330931230650506e+00 -4.870208776118455596e+00 -4.725213653551245230e+00 -3.588455686516895060e+00 -2.103201884019303414e+00
0.000000000000000000e+00 2.078831299860650628e+00 -4.970610522819940869e+00 -1.675314128712177775e+00 -6.912619873990706321e-01 -4.744192257762572140e+00 2.025146011113998945e+00 -4.670521741561661777e+00 -4.690834542074108882e+00 -2.396856551441412186e+00 -1.310715395126292426e+00
1.000000000000000000e+00 -3.899793248732563278e+00 1.840615016936611115e+00 3.935236259401048819e+00 4.038195793314167226e+00 1.950494039605633334e-01 4.636886971681924763e+00 8.905746124955271625e-01 -1.219511636508978647e+00 1.375094897449166131e+00 -3.851433349565609010e+00
1.000000000000000000e+00 -3.869982769722689842e+00 3.613116750775927866e+00 4.911996457439713915e+00 2.611524262758504022e+00 -2.805778143940338420e-01 1.983934775242671478e+00 1.745029957883046601e+00 -2.818102264047612771e-01 2.115211185441865815e+00 -3.726695712961781481e+00
1.000000000000000000e+00 -2.880813325432246330e+00 1.799881448779527160e+00 4.900332562105478296e+00 6.506674364649960296e+00 -5.786728655048898329e-01 2.859635029117999494e+00 1.851873577401181858e+00 -9.646444540979992599e-02 1.477729044266512526e+00 -3.845045584522036819e+00
0.000000000000000000e+00 1.377714326285511826e-01 -4.376130999797799070e+00 -6.522908980880610663e-01 -5.433139653765823862e-01 -5.633527902911215079e+00 1.296545395510499521e+00 -2.917818149661011162e+00 -5.305938654224176432e+00 -2.773438901875183049e+00 4.160069950197359256e-01
0.000000000000000000e+00 1.195156280069147092e+00 -2.568647947574765666e+00 -1.761504470413728818e+00 -9.201284634677238117e-01 -6.078974042627048213e+00 1.700058395525255062e+00 -2.788840574982205389e+00 -5.269809746262441585e+00 -3.260485004923974639e+00 1.301252791702559031e-01
1.000000000000000000e+00 -4.142231579637214445e+00 3.434557421212904860e+00 3.993244253883908357e+00 6.058142954404694969e+00 7.485996999595068147e-01 3.276553377797519762e+00 9.483698117364441904e-01 -3.065716417700816154e-01 2.296058036474301289e+00 -2.700451422684893910e+00
1.000000000000000000e+00 -2.412349400288158474e+00 2.472043524069741594e+00 4.532718052564020716e+00 4.208291400786102976e+00 -4.883439755645293534e-01 3.788139045122183024e+00 7.779963938869467466e-01 -2.052461264688543174e+00 1.101787280615203146e+00 -3.365787439330341968e+00
0.000000000000000000e+00 1.214907096615108983e+00 -3.194598674753289735e+00 6.343596409499134836e-01 -2.254496047526426850e+00 -6.153407796708148858e+00 2.530422812957325185e+00 -5.346419999093679820e+00 -4.746437188615129976e+00 -3.886190850657694984e+00 -6.806035958643845696e-01
1.000000000000000000e+00 -2.636928264645152620e+00 1.725943169891983153e+00 3.680302868884210543e+00 5.018608362175764448e+00 3.761751561191460924e-01 3.428259250014047410e+00 1.157662302580474645e+00 -2.808336670132092650e+00 6.343728739559314489e-01 -3.069093808494339104e+00
0.000000000000000000e+00 -8.578935204371699319e-01 -4.846554809980803569e+00 -1.762247222286734916e+00 -5.090173908331773189e-01 -2.973448408909549201e+00 5.863117424737160910e-01 -4.017783906806219996e+00 -5.601811647079180112e+00 -1.063576460092055198e+00 -8.663571331257358121e-02
0.000000000000000000e+00 -6.621462808123452781e-01 -4.891598331890476103e+00 3.454398586534912496e-02 -1.227317678138657442e+00 -4.019984712524750314e+00 2.438908584077496666e+00 -3.945125735739163364e+00 -5.323345626714665713e+00 -3.658192367427894887e+00 -1.351475985753445852e-01
1.000000000000000000e+00 -2.824498146360411077e+00 2.475127798832793324e+00 4.697073378768078733e+00 5.594096002581775195e+00 -2.165998821271278629e+00 4.065468165121798094e+00 4.249293326002681059e-01 -7.995900767894668082e-01 3.060920068646335146e+00 -3.481305496708553715e+00
0.000000000000000000e+00 -1.619445406189384817e-01 -3.943840577822665949e+00 -1.571809955968535455e+00 -1.471093238366293798e+00 -4.929914785987290493e+00 3.213448056766122995e+00 -4.240104464130472373e+00 -5.432680111373723975e+00 -3.851364514322894284e+00 -8.744086858183284239e-01
0.000000000000000000e+00 -7.282349973787398678e-01 -2.288650705667349072e+00 -1.471849610174275957e+00 2.084915926640507067e-02 -2.664156721291952579e+00 2.721990812757012268e+00 -2.728091529144170302e+00 -3.967558250939186237e+00 -3.817505235430073807e+00 -6.475512044038529424e-01
1.000000000000000000e+00 -3.838310405852090934e+00 4.971844056968119929e+00 2.868974124429632955e+00 4.069827331653523395e+00 2.239759064004692712e-01 2.365046863632287888e+00 2.007328710803900407e+00 5.759732574382552261e-01 1.303217042931010372e+00 -3.075120462723938353e+00
0.000000000000000000e+00 -1.196343151190952137e+00 -3.366650667523123808e+00 -1.144614375062058542e+00 -7.557003023601119862e-01 -5.609051068313058330e+00 3.319944007939776398e+00 -3.701472940722925209e+00 -5.460843688661464412e+00 -3.143154204377532235e+00 4.846592509125946524e-01
0.000000000000000000e+00 -6.969584373086198381e-01 -2.999725065681247749e+00 -1.894714445605087283e+00 4.932686295319868020e-01 -3.826625946659790056e+00 3.422892993388601202e+00 -3.703418967280229790e+00 -3.264403828416561737e+00 -3.216705393187185180e+00 -8.437576629400269645e-01
1.000000000000000000e+00 -2.077220683767809106e+00 3.616299401810939784e+00 5.267885224924302889e+00 5.419337583697382499e+00 6.637406706972009962e-01 5.045948502000007885e+00 1.949861004778376206e+00 -2.859378838515168830e+00 2.240328818162915514e+00 -4.113384400071641522e+00
0.000000000000000000e+00 7.122754049937277676e-01 -3.871002157290333034e+00 -1.164308324238174208e+00 -8.652934998552948009e-01 -6.118222246647916585e+00 1.659674048789647527e+00 -3.754099065449182149e+00 -4.643393761457280888e+00 -1.767717341197136527e+00 3.864647106023694212e-01
1.000000000000000000e+00 -3.427065119801715909e+00 4.768977787718517547e+00 4.098243942958328390e+00 4.726013520832684556e+00 -1.137156577378147515e-01 4.659443841116845064e+00 2.796874685391568249e+00 1.536613556335787445e-01 1.964097943685772396e+00 -2.451785813126765134e+00
0.000000000000000000e+00 6.725119283075919885e-01 -3.092227846879572972e+00 -9.138112606451120890e-02 -1.582619728851806795e-01 -4.756163849270747868e+00 4.837250241329516420e+00 -4.091971105526821084e+00 -5.005776552098038401e+00 -2.668096992026595782e+00 5.339688211454498568e-01
1.000000000000000000e+00 -4.071638992445913985e+00 1.133763717786013814e+00 4.195078791437446775e+00 3.955999867538532389e+00 1.129099341779799870e+00 3.752471258278514910e+00 1.456870587405742157e+00 -2.173416054752834725e-01 2.085902424722620108e+00 -3.824916608702515486e+00
0.000000000000000000e+00 -1.166874990708482551e+00 -4.015269144088950526e+00 -1.106971587446345939e+00 -1.172342597279137255e+00 -3.163261768661430828e+00 2.255216660277840734e+00 -4.161507454065049849e+00 -2.692826670992718885e+00 -4.478299145395354230e+00 2.362535072110156786e+00
1.000000000000000000e+00 -4.481441908225954229e+00 3.364278231686071763e+00 4.512035049802078923e+00 3.034435933801798768e+00 3.961936130030922487e-01 3.379564012752354518e+00 2.393240433982597892e+00 -8.361642084453815293e-01 8.090292163685020022e-01 -3.887266022613609540e+00
1.000000000000000000e+00 -4.588300540108276593e+00 5.094018600493399163e+00 4.156844418308675237e+00 4.322241844724225679e+00 -1.165999583851908161e+00 2.414440315628107570e+00 3.548574945692087645e+00 -3.594596519378089328e-01 1.555385110101838109e+00 -2.067848156969658735e+00
1.000000000000000000e+00 -3.344223248856367459e+00 2.602883871331895804e+00 4.546733990526575120e+00 3.395289363007766070e+00 4.706149914318042415e-01 3.330421429271642975e+00 6.262799337941709066e-01 -1.171674947763325925e+00 8.845578275056695805e-01 -3.409979525474915008e+00
0.000000000000000000e+00 -1.685999982769070815e-02 -3.590512173759208725e+00 -3.799004766763030005e-01 8.997889959848535124e-01 -5.400183476450767905e+00 3.516572431066190774e+00 -3.407930524108311765e+00 -5.851170080958413955e+00 -2.014237682314616418e+00 2.664676560265323291e-01
1.000000000000000000e+00 -4.691703980212897918e+00 3.036549046659454909e+00 4.248012335427584496e+00 4.548305706609365728e+00 -1.685784637700433075e+00 1.682434943657742599e+00 9.408021601806298984e-01 -2.797803742519545445e+00 1.038765135337462286e+00 -2.793048646944003899e+00
0.000000000000000000e+00 1.497723337228511253e+00 -3.283740332709760068e+00 -2.528655077341628754e+00 -1.715907795244675516e-02 -5.124836331086098262e+00 3.563723955471996607e+00 -4.010723350057108227e+00 -6.220451644757169163e+00 -4.354857766946441444e+00 -2.185362458408092401e+00
1.000000000000000000e+00 -3.074991738643744643e+00 3.365480025151667665e+00 3.646197431746522000e+00 4.943179254026356162e+00 9.147312660003751317e-01 2.681710740939452275e+00 5.188202411514666323e-01 -7.986160411557526873e-01 2.026034696632834198e+00 -3.209046243782831542e+00
0.000000000000000000e+00 -7.901613191618661602e-02 -3.295763291500828363e+00 -1.260869321928355102e+00 -1.966864468621378981e+00 -6.486965782265568414e+00 4.211101189992043636e+00 -4.311867801864612382e+00 -4.110330803161483360e+00 -2.670413190435435791e+00 -6.982780062863430670e-03
1.000000000000000000e+00 -4.439266713617366023e+00 1.612280478804419603e+00 4.275966030498659975e+00 5.323881583956644903e+00 3.165780122323163526e-01 3.113730638167528042e+00 6.137914825045849287e-01 -8.911025387965023636e-01 1.260498871443365809e+00 -3.014925019320374933e+00
0.000000000000000000e+00 -8.217479830387746098e-01 -1.093891468474642803e+00 -5.792437337921276796e-01 -1.536416621996867127e+00 -3.547365465584079836e+00 3.403190202586349411e+00 -3.625904626383146923e+00 -4.731014839330557109e+00 -1.929644239564237251e+00 8.557876354293498800e-01
1.000000000000000000e+00 -1.849723128823794083e+00 2.866346789380499693e+00 4.443564226281746521e+00 5.784624972775245233e+00 3.074179672167483002e-01 3.797798660671459103e+00 8.533573208145650568e-01 1.572459283689658927e-01 2.084198965070264364e+00 -3.268649822600235844e+00
1.000000000000000000e+00 -2.292606352104419987e+00 1.065236998514280220e+00 4.359208436633096539e+00 5.169837856287067268e+00 -3.723146683211793206e-01 2.499460415697973836e+00 3.086446769688176772e+00 -6.417197074219194164e-01 2.225550264952395718e+00 -4.262211293035634618e+00
1.000000000000000000e+00 -4.887998709475172454e+00 4.143081488545174551e+00 3.440371414161651931e+00 5.448222628088402963e+00 8.873093320714878773e-01 3.543061579457905896e+00 -8.022233805866996192e-02 7.905835280134596577e-01 2.538821467612645044e+00 -1.792318951799374727e+00
1.000000000000000000e+00 -3.226614797999305839e+00 3.223994597020177988e+00 4.287290016173119334e+00 5.508308030705883596e+00 1.308832279895861261e-01 5.862392026615969698e+00 1.731580023649853750e+00 2.274616431023082086e-01 2.964789095968814348e+00 -4.022514129332556365e+00
0.000000000000000000e+00 -1.784812240659942872e-01 -5.493884468745459770e+00 4.720470249301227383e-01 -1.098541641243548916e+00 -3.937825989738179544e+00 3.854580722019652850e+00 -3.579832051526019576e+00 -4.911024293297328924e+00 -2.645566508123191163e+00 3.829439214403990155e-01
0.000000000000000000e+00 5.255517415452453100e-01 -4.070852666934211328e+00 -1.768497963573804510e+00 1.797798870072723210e-01 -4.589025407769301346e+00 8.905745968117919631e-01 -2.054023227835498400e+00 -5.000840967694262673e+00 -3.620799985718963221e+00 -1.300944004411576760e+00
1.000000000000000000e+00 -2.284980364045182011e+00 3.352848623530549688e+00 3.864915092319272105e+00 5.272318633770794349e+00 1.863566485089201419e-01 5.241212310834503896e+00 6.816685424333257526e-01 -4.169755328958425489e-01 1.148203866666288597e+00 -3.908070685043163017e+00
0.000000000000000000e+00 -1.419081393030683591e+00 -4.600515589696623664e+00 -1.511663608184065311e+00 -1.376506028379890778e-01 -4.583641461872412393e+00 4.251977925107845557e+00 -5.322801446638235845e+00 -3.749717022250353526e+00 -3.478669744531815766e+00 -1.525133018183860711e-02
0.000000000000000000e+00 2.610278284138886629e-01 -3.972504002603375994e+00 -2.319411142644413282e+00 -9.571283387035516288e-01 -4.081681224633027405e+00 2.799456946552083991e+00 -3.941388172138078794e+00 -5.789814662515775368e+00 -2.128253888347101164e+00 2.821079240843044067e-03
1.000000000000000000e+00 -3.868192733087147506e+00 3.922406907973368995e+00 6.792572060288266655e+00 4.919080943550932616e+00 -1.206761952988861797e-01 1.998069237796574527e+00 2.802054640127731311e-01 -9.193478184610465176e-01 1.219285368022066107e+00 -4.186577152492794163e+00
0.000000000000000000e+00 1.634502856407870630e-01 -2.772486922291234723e+00 -1.807961812044838856e+00 -1.524753561989792727e+00 -1.944710467178815350e+00 2.154593229633655405e+00 -3.833018428398504263e+00 -5.313185987892305562e+00 -4.637697123202528360e+00 -9.517108448480957605e-01
1.000000000000000000e+00 -4.222156510137674346e+00 4.371120834607164163e+00 2.417314757777841550e+00 5.406959359382108588e+00 -1.725256122694675653e+00 4.743550764905210215e+00 1.810460284123814212e+00 -1.054151601275481909e+00 1.829237864036636907e+00 -5.295616681504629497e+00
0.000000000000000000e+00 1.116134275273710785e-01 -4.491471649501626473e+00 -3.023988902557449343e+00 -8.923512317810744499e-01 -2.886655796353809311e+00 2.369481049253026939e+00 -2.404751164062732371e+00 -5.180297441747167220e+00 -3.147808037928770286e+00 -1.268126151531264956e+00
0.000000000000000000e+00 -1.408482313717661083e-01 -3.070993936109581490e+00 -3.846184840366324575e-01 -1.783308010353369388e+00 -4.766177206705590308e+00 3.358462438243920545e+00 -3.877453907996195159e+00 -4.603865430904663825e+00 -4.036576971675707171e+00 5.679989382634338391e-01
1.000000000000000000e+00 -3.387086883382619984e+00 2.115332141959201717e+00 4.203688031266587188e+00 3.540721024737535139e+00 -1.020914346638261971e+00 1.622556365646423693e+00 3.774188410270984395e-01 -1.043558368243864498e+00 9.777004402914131198e-01 -2.182985348421005334e+00
0.000000000000000000e+00 -3.423323022735868526e-01 -4.681274466520968680e+00 -1.865859041837720111e+00 -2.210306191631635109e+00 -3.941526751573106502e+00 1.446625321428820499e+00 -3.512770915806548544e+00 -5.221581877410855554e+00 -2.054963980671518975e+00 1.547364196824670080e+00
0.000000000000000000e+00 -2.117122098128492447e-01 -2.793976586410443552e+00 -1.963435005673272560e+00 -3.789587865485586349e-01 -5.020972362527825972e+00 3.764592104712141118e+00 -2.205621747202846983e+00 -3.055816267097414496e+00 -3.947320365434891176e+00 6.419965269839512656e-01
0.000000000000000000e+00 -9.580552996258607790e-01 -4.933671948065796897e+00 -9.857948418556751191e-01 -1.192955173754365106e+00 -5.053665681151453981e+00 4.164494524975266287e+00 -3.981265494934790983e+00 -4.602904220699316262e+00 -2.113810535863145379e+00 -1.968650038242580891e+00
0.000000000000000000e+00 -3.636052494757086584e-01 -4.448084880069401947e+00 -2.798437425828915970e+00 -1.509437845765554398e-01 -4.789633938929081403e+00 1.568711964775929779e+00 -5.702597911806133624e+00 -4.907703656396523506e+00 -3.195883883456184904e+00 -1.095782636613079064e-01
1.000000000000000000e+00 -2.469851150797835793e+00 3.108659371299240526e+00 6.446661940499946120e+00 5.074114904335248255e+00 -2.086294698104801948e-01 2.216273407099585313e+00 7.526307258671949274e-01 -3.124125794068122186e-02 1.022741445460354726e+00 -4.535347784824061534e+00
0.000000000000000000e+00 -4.343404035566482690e-01 -3.640593751125489330e+00 3.941682006767432966e-02 -3.321742804632377144e-02 -5.934559943981652097e+00 1.307307056590973682e+00 -6.153305502255397741e+00 -5.928614180896824237e+00 -2.829982022783335438e+00 -7.029875020602185387e-01
0.000000000000000000e+00 -1.290323480848065696e-03 -3.782350333581366186e+00 -2.511026968163889261e+00 -2.130163883537436464e-01 -5.665659085321113508e+00 2.491558176714763650e+00 -3.945103626137360653e+00 -5.346132948726406653e+00 -4.417327484943110782e+00 1.310269037966334205e+00
1.000000000000000000e+00 -3.706988645740231014e+00 2.700325477223258552e+00 4.174393573570637450e+00 5.147723031645867309e+00 -6.676606618912973579e-01 4.722103311007317394e+00 3.011055249911079201e+00 1.220702090500343617e+00 2.389886973767483269e+00 -3.066777824362628468e+00
1.000000000000000000e+00 -1.424583395264068741e+00 3.775282000520494563e+00 4.711057634528981630e+00 4.446175919075701088e+00 -1.389728925302338380e+00 2.779511121614848701e+00 3.141480225022322159e+00 -1.357119717234454459e+00 1.389417759060234348e+00 -4.682740587868666537e+00
1.000000000000000000e+00 -2.995880483816378614e+00 3.632293385472364911e+00 5.334715547178341843e+00 5.607883381284917590e+00 4.357678571853661476e-01 3.946488183362814706e+00 2.106761361862729665e+00 -1.406847279079114221e-01 -4.858781083826757552e-03 -3.815425495470635031e+00
1.000000000000000000e+00 -4.618914336977454127e+00 3.603815252848139306e+00 5.054219868918992553e+00 3.826764371703873291e+00 -1.089628707648672146e+00 2.629739011854860031e+00 2.317018155532143631e+00 -2.135146496245203807e+00 9.519709866565367884e-01 -3.751609251975526416e+00
1.000000000000000000e+00 -3.908623519101922295e+00 2.549359405420842162e+00 4.922233071981541030e+00 6.097048730764027979e+00 -5.886900717754651735e-01 4.038224802868342067e+00 1.180009524836660884e+00 -5.698313853847447596e-02 1.639820249337994307e+00 -4.812127740486984884e+00
1.000000000000000000e+00 -3.544026516766026980e+00 3.611043599087263800e+00 3.552466047837683938e+00 5.404155892990124777e+00 9.912521024273064363e-01 3.754022634061417119e+00 3.987729362749332651e+00 -1.342249422122888003e+00 9.916960740204732172e-01 -4.015269329306180524e+00
0.000000000000000000e+00 3.859203433103959302e-01 -3.219173242081255992e+00 -5.156562050742132808e-01 -5.460451260237230153e-01 -4.443762971959791308e+00 3.130480779104953815e+00 -4.867184118396522763e+00 -4.258291267918489886e+00 -3.197018413659100222e+00 4.169261810473606777e-01
1.000000000000000000e+00 -2.301081379755741452e+00 2.493035263948574887e+00 1.970308296226647826e+00 2.937754583562092847e+00 -7.624853037188820126e-01 4.791223033533074549e+00 1.042442480385018078e+00 -1.611955902651943884e+00 1.549294218556806157e+00 -5.300168790144995867e+00
