1.000000000000000000e+00 1.775933766551656134e+00 -3.286235591141501544e+00 -4.124305965832188114e+00 -3.832798313400843870e+00 -5.423642296914190197e+00 1.778020534961883170e+00 -5.055588186259846850e+00 5.853551935455548971e+00 -1.137371679727238405e+00 1.687446560472065649e+00
0.000000000000000000e+00 -3.046631322974393541e+00 2.592388958899058959e+00 -3.278371956352050809e+00 1.540056783871446289e+00 -3.302788844436475024e+00 -1.968330406685740330e+00 3.901884020247652352e+00 3.985646800822811642e+00 1.049104693298739788e+00 -5.468470308572114247e-01
0.000000000000000000e+00 -4.900028618812716452e+00 2.098595358814765888e+00 -4.793491762815179413e+00 -5.256232640969160652e-01 -1.184447494674360613e+00 -2.522157257762020155e+00 1.460318261048803912e+00 4.196035024785946810e+00 2.881251535237086436e+00 -1.325324970951237802e+00
1.000000000000000000e+00 -7.564863278944327085e-01 -2.364313927661762627e+00 -1.256932539280754657e+00 -2.792497975276168720e+00 -3.982138880836628481e+00 8.664552954723272471e-01 -3.249221706390030384e+00 2.405402430523675861e+00 -4.188456877119875799e+00 2.146640314063108068e+00
1.000000000000000000e+00 -1.066152701847637330e+00 -1.986621839414456359e+00 -4.824595885738906631e+00 -2.699519488977354165e+00 -6.064561367841477590e+00 2.786406102007329633e+00 -4.832687449796909007e+00 3.860919945514023510e+00 -4.804318484299738401e+00 2.876043094508769382e+00
1.000000000000000000e+00 1.008008474169902691e+00 -1.503996738516597542e+00 -2.526932746376385985e+00 -3.433834093430997214e+00 -3.821625479853047125e+00 1.630382324321193899e+00 -3.027610298126949928e+00 3.206356796202309845e+00 -3.630024199663413054e+00 1.114374394166518956e+00
0.000000000000000000e+00 -3.107367101412910948e+00 3.121633940842194921e+00 -4.038690532468602434e+00 -1.385369939638567693e-01 -1.965267139013960218e+00 -1.914379691373350179e+00 1.970358857307319411e+00 5.511965993937042008e+00 2.419939714846517820e+00 -8.907530571682715781e-01
1.000000000000000000e+00 2.094736059176227183e+00 5.244812512882499611e-01 -3.852578737486756388e+00 -1.825126077454634288e+00 -3.501252726121072634e+00 1.906282940356940125e+00 -4.368003137383943191e+00 2.656590623930328743e+00 -4.362414299618346369e+00 3.675537595753798570e+00
0.000000000000000000e+00 -4.532213028806528321e+00 2.510253750896928260e+00 -2.911472939018166173e+00 1.245923643471560371e-01 -1.822118566754658664e+00 -3.006115407550119301e+00 2.190096728198408282e+00 3.755107856822219592e+00 3.132872522046928232e+00 -1.888650054208953044e+00
0.000000000000000000e+00 -3.333224331491884129e+00 4.946924035548868837e+00 -3.530695669963080707e+00 1.857567986405473714e+00 -1.780155904547897183e+00 -2.761728372917678698e+00 1.413247265580628298e+00 4.028700109782332284e+00 4.510593281322882397e+00 -1.336705887863550268e+00
0.000000000000000000e+00 -2.711831422974258388e+00 3.014663560562815370e+00 -3.749856376129529156e+00 1.198529384824422506e+00 -2.001641763492869153e+00 -4.009502844640794983e+00 1.477771843300567767e+00 4.978779675909263069e+00 2.658808817655924805e+00 -2.187724398915003921e+00
0.000000000000000000e+00 -4.463138365169674771e+00 2.160726771013281144e+00 -3.648155527764922468e+00 4.390054382459593896e-01 -6.615876834630960435e-01 -2.252262083528364656e+00 1.658748827892310151e+00 3.249901208149986509e+00 3.941272872549865802e+00 -2.489057271134345051e+00
0.000000000000000000e+00 -3.692091967051724932e+00 3.497767427687671127e+00 -2.555341748411390501e+00 8.482395758277452291e-01 -3.705526611629111233e+00 -3.449568160143961393e+00 1.014776160100982816e+00 5.614156199752379450e+00 3.082610183154413264e+00 -7.313912628383613113e-01
1.000000000000000000e+00 1.923261193875537733e+00 -3.361487477480467945e+00 -4.147970764772327179e+00 -2.732264163979649663e+00 -4.777883832676919518e+00 3.605779828477870819e+00 -4.231247395986698301e+00 3.385043081466202253e+00 -3.040912568615118605e+00 2.670683798751356530e+00
1.000000000000000000e+00 5.356714221006819709e-02 -1.922768841186811128e+00 -4.169451890337829703e+00 -3.328919804495051427e+00 -3.907376990888018486e+00 1.080991148668234203e+00 -3.864004710435350098e+00 3.120348865889912116e+00 -2.788941035352594078e+00 1.910559901513498415e+00
1.000000000000000000e+00 1.041097805645040397e+00 -1.641721829519717346e+00 -4.980992938234766854e+00 -3.545803687132655480e+00 -6.168901226341612087e+00 1.070703623739010624e+00 -4.463262827528265753e+00 2.755735605713450997e+00 -4.318130708608880042e+00 3.296176866283611062e+00
0.000000000000000000e+00 -5.926045660193661746e+00 2.713531837443988959e+00 -6.838454562499214795e+00 -2.083541332572043103e-01 -2.198410720272218288e+00 -2.555210663209872557e+00 2.024945931628589157e+00 1.946116239845286700e+00 1.760060089482823553e+00 -1.139639014390791960e+00
1.000000000000000000e+00 3.389282072888032404e-01 -2.278349194066779493e+00 -3.786399476653151019e+00 -3.547105941452111111e+00 -6.255758580135578839e+00 3.522613349420764983e+00 -4.095143806345875603e+00 1.380674722001970167e+00 -3.620782960605556600e+00 2.152404452971075077e+00
0.000000000000000000e+00 -2.972586219135660901e+00 3.283410831294478971e+00 -3.031623178606500435e+00 2.152450961616894531e+00 -2.095024364761798985e+00 -3.401917853983283280e+00 2.757473196625950251e+00 5.142036259692352118e+00 2.772419610553789049e+00 -1.389023038575900593e-01
0.000000000000000000e+00 -2.037945506408743501e+00 4.158325683549868756e+00 -2.544972435075488981e+00 1.178104969075608244e+00 -1.824328096838232938e+00 -3.663641014530794937e+00 1.890697114984144944e+00 4.357270556252110794e+00 3.251320789003175449e+00 -1.768008735072025495e+00
0.000000000000000000e+00 -2.905278395310886275e+00 3.725467747224803450e+00 -3.295705828381714220e+00 4.413565663601628497e-01 -1.980191033769781672e+00 -2.491701067948962844e+00 2.515658229705028504e+00 3.865458648457412938e+00 3.396602379392549942e+00 -1.836756005935857861e+00
0.000000000000000000e+00 -4.195427668534730259e+00 2.886281328477564134e+00 -4.441439101087442332e+00 1.129809566624789818e+00 -2.273663139464202843e+00 -2.855807784636903879e+00 1.738076456615829768e+00 3.294172261629903620e+00 3.862918663603705838e+00 -2.601421359180281279e+00
0.000000000000000000e+00 -3.877994044514067262e+00 4.235650271230166020e+00 -4.268618014200252553e+00 1.431805910038455476e+00 -3.720097569740874022e+00 -1.788600628935202552e+00 3.216401446265730435e+00 3.997924145871055934e+00 2.372781957765919714e+00 -2.593866545867491880e+00
0.000000000000000000e+00 -5.055862484089944431e+00 4.270747548226805357e+00 -3.477414886386696935e+00 5.157317905045739614e-01 -3.753291496903895741e+00 -4.479094378192558956e+00 1.125581612563426148e+00 3.823251428248565009e+00 3.465809856147004986e+00 -1.870043270328002105e+00
1.000000000000000000e+00 8.875361103538378371e-01 -3.090609572999376109e+00 -1.877825864073446871e+00 -3.119615586144166564e+00 -5.405347586055794018e+00 1.403216146967828148e+00 -3.372375634088858209e+00 3.207925186808635143e+00 -3.516463651437393700e+00 2.392188877769306998e+00
0.000000000000000000e+00 -4.998970914434671897e+00 3.876601099343377932e+00 -3.205164798701774398e+00 1.629483160285166043e+00 -3.674583031363987118e+00 -4.174028583558992089e+00 2.750554341530473401e+00 5.839006243038441291e+00 3.516072516344699750e+00 -8.307678260615246613e-01
1.000000000000000000e+00 2.566352407232164179e-01 -2.741248366515482981e+00 -1.571457355764661168e+00 -3.290041230830542229e+00 -5.051920997130087798e+00 2.267302019190235551e+00 -5.902750393396155815e+00 3.319532735561426140e+00 -4.029509738499089444e+00 3.322307600497005353e+00
0.000000000000000000e+00 -3.531366751162400508e+00 3.793047463786579421e+00 -2.494233742018097999e+00 -5.536418552581785502e-01 -1.540507478834527877e+00 -4.762683877822388112e+00 2.131508355296308554e+00 3.857054741041466617e+00 2.700359993992179408e+00 -1.079317839548686875e+00
0.000000000000000000e+00 -4.166350137355124161e+00 5.767413465999446487e+00 -3.149711187864508322e+00 2.531439769536457440e+00 -3.256442343889087709e-01 -1.405342534239954588e+00 1.574787145235318153e+00 3.541737786117024278e+00 2.429651454237526487e+00 -1.259276719004804423e+00
0.000000000000000000e+00 -3.425721910363933809e+00 3.583998096929702726e+00 -4.154116586480126827e+00 1.046736558195186184e+00 -9.335935083271746926e-01 -9.772994522893299063e-01 2.552824481089035924e+00 3.453797249231275401e+00 4.643882920883807941e+00 -1.432249399727813843e+00
0.000000000000000000e+00 -3.134841854489139656e+00 2.473252616881301602e+00 -3.241937285256181855e+00 -3.193997848783456384e-01 -9.157362231063246316e-01 -2.695212158233300848e+00 2.246978514958254181e+00 5.285279647959112204e+00 3.159577907355469062e+00 -4.824456251269383378e-01
0.000000000000000000e+00 -1.878336749544455397e+00 2.298646708071562905e+00 -5.755909928738349279e+00 1.386801992453023935e+00 -1.336950063038490955e+00 -2.004571727343069654e+00 3.461299738543560878e+00 3.681228337132994799e+00 2.658152764055834893e+00 -1.844551514129327607e+00
1.000000000000000000e+00 -3.580341350957415569e-01 -1.957173078512371767e+00 -3.143098212390154522e+00 -3.053967278638759719e+00 -4.905674155061544361e+00 1.707895364891222512e+00 -5.290609572304945551e+00 2.788112553176349095e+00 -3.863209223694718197e+00 3.354582633557054550e+00
1.000000000000000000e+00 -4.466609850226403999e-01 -1.031010998029429970e+00 -2.845267612255880429e+00 -1.773159614994185063e+00 -6.111802196583052904e+00 1.988506257935270360e+00 -4.884087992268089096e+00 2.530565320850145294e+00 -3.298884543196786368e+00 2.290057541651143946e+00
0.000000000000000000e+00 -4.336673644056300070e+00 3.245667701649543435e+00 -4.838595118868977529e+00 2.014988483835518984e+00 -3.245534347394575025e+00 -3.274141855068778639e+00 -1.519709402766187267e-01 2.064433261842915979e+00 2.663738500461686698e+00 -1.529821289426510189e+00
1.000000000000000000e+00 1.014493040908768018e+00 -2.472120471195522917e+00 -1.054134285129487925e+00 -3.265010749408725044e+00 -4.665576632292713022e+00 3.187653472485029837e+00 -3.994346751082482161e+00 3.905133039808516227e+00 -4.311237175547033118e+00 2.813199588086689573e+00
1.000000000000000000e+00 -6.020852334521120675e-01 -3.923050136182677505e+00 -4.288401421012664194e+00 -2.699406197195473922e+00 -5.216194577730812298e+00 1.732012105679490377e+00 -5.217145101165934662e+00 4.805765937801957932e+00 -3.314766690007294514e+00 3.069020507769764983e+00
1.000000000000000000e+00 1.559677100780073822e+00 -2.297437014096558539e+00 -5.172969703869308766e+00 -3.685817452532941019e+00 -5.334140382443535167e+00 2.058169432860332382e+00 -3.728996101812963371e+00 2.873880148121419786e+00 -3.678723862703910719e+00 3.983052137839330875e+00
1.000000000000000000e+00 5.784598950961974406e-01 -3.182730440218985990e+00 -2.674786472683577276e+00 -4.032105959322696442e+00 -4.456081411680873572e+00 2.841194732794397826e+00 -2.656000052900635566e+00 2.992914779673205850e+00 -4.760712048911780236e+00 4.482345240766735017e+00
1.000000000000000000e+00 2.635583320222250503e+00 -2.244054025632298277e+00 -4.046894725500820300e+00 -2.543071990529296666e+00 -4.759002297717829677e+00 1.551929027276306439e+00 -4.501839260585112967e+00 2.883709515229393894e+00 -3.888049622425524987e+00 3.621339393182596123e+00
0.000000000000000000e+00 -4.484729375703476073e+00 4.702052663541975264e+00 -3.717461635378134233e+00 1.497572641332359566e+00 -2.138234607371867213e+00 -2.176464531233575528e+00 3.172801344531722911e+00 3.619168707715697764e+00 4.010430533289183863e+00 -4.589521586031591882e-01
1.000000000000000000e+00 -2.127244789361054655e-01 -3.895563937549771261e+00 -6.168236462496143879e+00 -2.389655416745446459e+00 -5.655607449224063110e+00 5.239412338599136465e-01 -5.513919636609456276e+00 3.709789162256892592e+00 -2.413818895620221561e+00 3.313660964461750513e+00
0.000000000000000000e+00 -3.158146385104850573e+00 2.157038800232385256e+00 -3.585488469355719410e+00 1.017902837541086125e+00 -2.424431996392976352e+00 -2.616767765071344787e+00 3.267921753725876677e+00 3.286584218429572157e+00 4.444769773983855643e+00 -1.879612350077358496e+00
1.000000000000000000e+00 1.645644399433850991e-01 -1.879635408693463683e+00 -3.444338935746037222e+00 -4.368743326445384767e+00 -6.576877241245870920e+00 1.767258081025498750e+00 -4.137415794528564561e+00 2.814510754195000519e+00 -3.918899338009941502e+00 1.227140389442045176e-01
1.000000000000000000e+00 7.501645104957721522e-02 -3.189861638912881325e+00 -2.220800192648133109e+00 -3.701294980636642862e+00 -3.837108650859777814e+00 1.519409979625421681e+00 -3.711239509960785554e+00 3.193581421643548079e+00 -4.573694767314472998e+00 1.215507929270427612e+00
0.000000000000000000e+00 -2.970777367194845642e+00 4.626820041075569989e+00 -4.460770883960444522e+00 3.222974177453012956e-01 -9.092548043695010129e-01 -2.174661327375218445e+00 2.167234618029327819e+00 3.302317221618145560e+00 2.991988729343577624e+00 -1.690408156365891035e+00
0.000000000000000000e+00 -3.082956268506882758e+00 3.592502408731608199e+00 -2.388878707013357250e+00 1.137812575558227124e+00 -1.318239662427018732e+00 -2.551233134264073055e+00 2.985749458384641120e+00 5.362586748760529431e+00 3.685984662386658783e+00 -1.434335672678365592e+00
0.000000000000000000e+00 -3.453429860407662755e+00 3.122520994503832803e+00 -4.535049457613440360e+00 1.990175929220277418e+00 -3.213172798276626274e+00 -4.959165863508707695e+00 2.565681051213621000e+00 3.517933165100390447e+00 2.819135203828680325e+00 -7.257742686854594671e-01
0.000000000000000000e+00 -5.915719328536217958e+00 3.870583455314964283e+00 -3.725098788160302821e+00 1.616284447107434463e-01 -1.242190336946811691e+00 -2.324611072254308741e+00 1.982246599807691467e+00 1.911477667247490242e+00 3.118484233937586669e+00 -6.251650377286821492e-01
0.000000000000000000e+00 -4.515710753194003502e+00 3.171549690255420550e+00 -2.934368546474718009e+00 4.535873592856226599e-01 -5.493842549287426547e-01 -2.962228320318988750e+00 1.943273620472770524e+00 5.065848249093272138e+00 2.318223579420868319e+00 -2.125285655534868479e+00
1.000000000000000000e+00 1.793187139076632741e+00 -1.758841155005653523e+00 -5.819586878937512253e+00 -4.240475804248742264e+00 -4.724116396364409276e+00 8.982434565312298336e-01 -3.885254785562453961e+00 1.719808004721187000e+00 -3.581849600066545403e+00 1.699953998379181819e+00
1.000000000000000000e+00 7.600015342901637050e-01 -1.897276897487139014e+00 -5.266222445205677616e+00 -3.568507341656108611e+00 -5.202921967040642137e+00 2.660701523193473861e+00 -5.237024758631624088e+00 1.887839430068940061e+00 -2.704614794982294512e+00 9.556809521550229114e-01
1.000000000000000000e+00 8.284977794800252315e-02 -2.106735932987707560e+00 -3.644589206105568469e+00 -4.537165458434629706e+00 -4.678910114462997427e+00 -1.079678695654442411e+00 -4.221125487840718726e+00 3.266352547629891578e+00 -4.789955043706335402e+00 2.724831270486618440e+00
0.000000000000000000e+00 -4.451931587902930865e+00 2.948246159502860841e+00 -4.722501159326353282e+00 1.639994660688846473e+00 -2.496589343986228116e+00 -3.903971170719460648e+00 2.738395109572466790e+00 4.416331339025949099e+00 3.936998779436749807e+00 -1.739653516089341379e+00
1.000000000000000000e+00 1.848387803070888902e+00 -1.795584152531147115e+00 -3.739251136263054942e+00 -1.798320715941830183e+00 -3.354234816172622757e+00 1.688077761118235376e+00 -4.952859022820409685e+00 2.691168600098723829e+00 -2.565280906152503704e+00 1.430668046346121880e+00
1.000000000000000000e+00 1.400961444287577962e+00 -2.992244663186356846e+00 -4.332203687066000342e+00 -4.074766063272457828e+00 -4.194820695684529532e+00 1.424071401512347457e+00 -4.872288274192627000e+00 2.499463218064077896e+00 -3.279084931419654847e+00 1.300603333932504269e+00
1.000000000000000000e+00 1.444435670099702751e+00 -2.432183943308800167e+00 -4.114278280525823561e+00 -4.030515580253260843e+00 -4.461958696702160054e+00 1.569626415490621429e+00 -3.821914559080717311e+00 3.327980776013862219e+00 -5.246523167067959292e+00 3.235909564110345027e+00
1.000000000000000000e+00 6.686428699883654181e-01 -1.107739312597637138e+00 -3.682402537060551762e+00 -4.435223505823739032e+00 -4.438484231802507729e+00 1.506793698633742906e+00 -4.817201067181872354e+00 2.037190176946586107e+00 -3.367042766993134428e+00 3.193963064337797864e+00
1.000000000000000000e+00 6.425052959352073323e-02 -2.591667220936408000e+00 -1.888931760557118311e+00 -2.551271051849469007e+00 -6.109474048456323914e+00 1.894374286954311426e+00 -5.281366893235771798e+00 1.928320820340095887e+00 -3.756992057160095655e+00 3.332209773533965524e+00
1.000000000000000000e+00 4.961053357650901940e-01 -3.066786617847006902e+00 -3.070338461408528286e+00 -2.795889765905983815e+00 -4.199174319342859008e+00 2.589327148148323321e+00 -4.674055235242620121e+00 2.522871864851654156e+00 -2.247900351148389042e+00 2.919426212959292499e+00
0.000000000000000000e+00 -3.379587056161244885e+00 3.335476437553507534e+00 -3.505872184657996549e+00 2.505201966276164427e+00 -1.341651508210009780e+00 -2.102187700683734395e+00 1.413383690618251975e+00 2.659907626280733517e+00 3.321578144254382359e+00 -3.746930001579307223e-01
1.000000000000000000e+00 2.125132907029039675e+00 -2.721452669681637904e+00 -2.572179632333422283e+00 -2.262009268854771271e+00 -4.748386846504628167e+00 3.288756252381967116e+00 -5.504029342180568385e+00 3.813337556638760173e+00 -3.759885093120319599e+00 3.620772313089630323e+00
0.000000000000000000e+00 -3.429813552964291912e+00 2.226554022490398133e+00 -4.476844501993437753e+00 -1.806430859236445752e+00 -2.131382292238481302e+00 -2.485275342930572062e+00 1.944063705011694454e+00 3.692319935553022958e+00 2.690257307897039318e+00 -1.583822016981668357e+00
0.000000000000000000e+00 -3.734226354084147825e+00 4.340323670453779314e+00 -4.139720928895978425e+00 1.020407706133889425e+00 -3.140126454873211959e+00 -1.577907095636083890e+00 9.990279516858353581e-01 5.143009613888924747e+00 3.292518443213309887e+00 -2.173865718611136977e+00
1.000000000000000000e+00 5.502734878885859882e-01 -2.930593932537540525e+00 -2.759315173879748784e+00 -4.060753564471867527e+00 -3.909270286854630516e+00 3.336565226487942404e+00 -3.149574666411623980e+00 1.766217405800210472e+00 -3.506252940660743000e+00 2.534605256255956007e+00
0.000000000000000000e+00 -2.827620445257900794e+00 2.532291546859927855e+00 -3.309729716101445618e+00 5.346477684454170598e-01 -2.785765445361403359e+00 -2.939664269078603454e+00 2.237435825156049329e+00 2.721954796509786778e+00 4.518168748335984475e+00 -2.057929915048015257e+00
0.000000000000000000e+00 -3.467333254881066029e+00 3.573292348425384457e+00 -4.177284409865099413e+00 8.723510459022401076e-01 -2.482130790933506415e+00 -3.971507432786690384e+00 3.421242483147187041e+00 4.055725650314817798e+00 2.695643622961798158e+00 -2.263759995693114035e+00
0.000000000000000000e+00 -3.835659339060774720e+00 2.418165336535093690e+00 -3.937007717744047230e+00 2.634924991937904970e+00 -2.828354156649885986e+00 -4.572935512078320386e+00 9.139194270939441367e-01 2.289865452887208441e+00 2.268068665688742769e+00 -2.322642364961013506e+00
1.000000000000000000e+00 1.262974205325240629e+00 -1.646831389905271781e+00 -4.385995166855821026e+00 -4.067712167352094177e+00 -5.871675151686021721e+00 2.502553705267547279e-01 -4.263318009247936580e+00 2.690313191195833120e+00 -2.130255324634676484e+00 4.879061689978798633e+00
0.000000000000000000e+00 -2.061957264548223367e+00 2.614671785222001610e+00 -3.712657071378145712e+00 7.481129103304972050e-01 -4.882109622444986030e+00 -1.382372825120801618e+00 1.440420806816087751e+00 5.827358433324091536e+00 2.106206140872182608e+00 -1.152180024513562717e+00
0.000000000000000000e+00 -3.449114524382602021e+00 4.002119134623965735e+00 -4.155436612096939264e+00 1.852797411794434357e+00 -2.324387464509332535e+00 -2.483649039558305738e+00 2.753919371302269159e+00 3.265842184906359691e+00 1.497267805153238873e+00 -1.233306830036720037e+00
1.000000000000000000e+00 3.769871162952249666e-01 -2.808889718379733669e+00 -2.371821855754903119e+00 -2.760080522483842280e+00 -3.173974736103374550e+00 2.070012800285002452e+00 -4.946758682154429820e+00 1.825072444879461742e+00 -5.354201463345031442e+00 3.909960511292089436e+00
1.000000000000000000e+00 2.662617593412160422e-01 -2.531332136032944824e+00 -3.452871830547832754e+00 -2.516966558521141817e+00 -5.858111356413198578e+00 3.181666123817330494e+00 -3.639146800301022555e+00 3.312070725566309104e+00 -4.570130887454374680e+00 4.046943803121996197e+00
0.000000000000000000e+00 -2.053695330172715661e+00 3.219640259080444267e+00 -3.195889651524571384e+00 8.097427024476430146e-01 -2.640890137535046645e+00 -2.439627528023313285e+00 1.322898587459573339e+00 4.092238176261768778e+00 1.349887338620683108e+00 -1.933878020270961562e+00
1.000000000000000000e+00 -1.198528833757094070e+00 -1.203821986215394713e+00 -2.422977848678431023e+00 -3.023310904717650072e+00 -4.935292527109082172e+00 1.920277974050898173e+00 -4.158219183091786064e+00 7.822773873734796268e-01 -3.774581792820383530e+00 2.179939202605419624e+00
1.000000000000000000e+00 1.251045087905470421e+00 -1.179474190394447897e+00 -2.665147790644853742e+00 -3.678858737876772977e+00 -6.770171419038931937e+00 1.075280832426694699e+00 -4.280149697113280638e+00 2.162414906518501656e+00 -3.447922336014816125e+00 3.075303028283663753e+00
1.000000000000000000e+00 1.372419089700792849e+00 -2.263913484476711258e+00 -2.865100880165976527e+00 -4.592187534488280320e+00 -4.037682231444941650e+00 1.971598811056928913e+00 -3.665521957723727020e+00 1.977962720098073168e+00 -3.042606241936093969e+00 2.407514667453635848e+00
1.000000000000000000e+00 8.134257945918117461e-01 -2.088377190739285627e+00 -4.624433927759431739e+00 -3.450555991283684065e+00 -6.423923036704168865e+00 1.010956114288677155e+00 -5.799367782210961053e+00 1.859087519741462913e+00 -2.494953851202617923e+00 2.685098297888609764e+00
0.000000000000000000e+00 -2.598953737660747443e+00 2.641641213539804411e+00 -7.793719736774104234e+00 1.192744182462108560e+00 -2.122173268099051935e+00 -3.709942277465707150e+00 1.507354308641468243e+00 3.286679583858709730e+00 3.127016533640076368e+00 -6.135080181257506204e-01
1.000000000000000000e+00 5.120756175875202931e-01 -1.251010433670457722e+00 -4.145473621490102012e+00 -5.120618797885377660e+00 -5.205584580997310695e+00 1.632305772447487646e+00 -4.158127267157111895e+00 4.280246102551553022e+00 -4.246992484676875179e+00 2.831965554848009603e+00
0.000000000000000000e+00 -3.507482939586701320e+00 3.378932480871419841e+00 -2.647041954053766855e+00 5.391577066830922638e-01 -1.875918916635426203e+00 -3.005399068231023652e+00 2.709313681818474429e+00 4.354245483591551391e+00 4.811406919393911963e+00 1.134248143651011453e+00
0.000000000000000000e+00 -4.718319523526744774e+00 2.863561062936399892e+00 -5.195404218474834579e+00 1.858752993408857801e+00 -2.637103051272310150e+00 -4.064997383398919695e+00 1.657322726650130029e+00 2.378752519326007508e+00 1.314558407367072412e+00 -1.612005684352472157e+00
0.000000000000000000e+00 -2.812532323274779422e+00 3.173807384444498503e+00 -5.061293362046675348e+00 1.862899978096860920e+00 -8.741843766017540762e-01 -3.228981706127328266e+00 4.173703881921984049e+00 4.541997094488152698e+00 2.606152455093933895e+00 -1.425949266304247010e+00
0.000000000000000000e+00 -2.356900417859758345e+00 2.330632655163248579e+00 -4.299822678273552690e+00 6.974743833912243618e-01 -2.828883280924957777e+00 -4.251308183648459860e+00 2.669724974338045342e+00 5.483318229214056316e+00 4.063249108634559903e+00 -1.178656709545855108e+00
1.000000000000000000e+00 1.156204165069848688e+00 6.022303113564957400e-01 -3.851248203401337999e+00 -4.307891016950030405e+00 -4.739134634281885639e+00 4.213443122263881513e+00 -6.693144267488980503e+00 2.752902735281515856e+00 -1.724730765315451553e+00 3.582338497874069105e+00
1.000000000000000000e+00 6.722900013067355518e-01 -7.691129996724794804e-01 -3.511704866505208855e+00 -4.429494336849115754e+00 -5.079205970408700921e+00 2.078357382748734938e+00 -5.626755434744998396e+00 2.460670268127320259e+00 -4.712428747072954671e+00 3.403350388688350936e+00
1.000000000000000000e+00 1.585823055916273927e-01 -2.190627352921242554e+00 -2.492820930018410319e+00 -4.238616530670416438e+00 -4.883539051065564074e+00 2.251599464005122009e+00 -5.179326442984469203e+00 3.037012522899030564e+00 -3.183261665601334833e+00 2.842206516297203667e+00
1.000000000000000000e+00 -7.266893494598301029e-01 -3.011712590360949626e+00 -4.275607346315367430e+00 -4.618035864142866487e+00 -4.538531907354080630e+00 2.944833087567440444e+00 -3.152007864289646299e+00 1.523380044108561426e+00 -4.953569438078392118e+00 3.171006087523349226e+00
1.000000000000000000e+00 -7.431468387269091203e-02 -2.766093736356119770e+00 -7.635664573625420282e-01 -3.846728389464476372e+00 -5.359123459056871042e+00 2.545236492542600537e+00 -3.629502411406409834e+00 4.153823168867171844e+00 -4.636289085520971298e+00 4.942736968699660949e+00
1.000000000000000000e+00 8.541523788890601487e-01 -4.840305917267489377e+00 -3.505663207205016452e+00 -4.259751584891380283e+00 -5.861914579385075541e+00 1.111447119990927046e-01 -5.647950088984986294e+00 1.868412796748065707e+00 -3.682383501992263053e+00 3.597906682963777136e+00
0.000000000000000000e+00 -2.833020422061963917e+00 2.027747524747830710e+00 -3.186173041224613200e+00 8.720417268833691171e-01 -3.014412101360747887e+00 -3.304197242233708032e+00 2.660479141132537251e+00 5.645493315319353833e+00 4.692518118558341556e+00 -1.015480554223006315e+00
1.000000000000000000e+00 1.749321028556216850e+00 -1.489682368764335685e+00 -2.515603667349057382e+00 -3.521712814270205882e+00 -4.094276588324703425e+00 8.076944220178450262e-01 -4.894599469426869298e+00 4.050967383900653473e+00 -3.355045197617638753e+00 1.958717877028467669e+00
0.000000000000000000e+00 -4.085715639333402649e+00 3.362236394081337121e+00 -3.197920849738395077e+00 7.627365654775055681e-01 -1.379845877334963777e+00 -7.964400195037799612e-01 1.724732916857477205e+00 4.121079759905953210e+00 2.354009884955381438e+00 -2.152472644166177673e+00
0.000000000000000000e+00 -3.429636060906504191e+00 1.592293616840996462e+00 -3.354891245624909146e+00 1.057689928805742863e+00 -1.504752524357585219e+00 -2.842522647268494573e+00 2.204297042105690885e+00 2.928344195699740027e+00 4.374322307507740426e+00 -1.293365999552004153e+00
1.000000000000000000e+00 2.725608704432773255e+00 -1.350641142857695209e+00 -5.597563890521327856e+00 -3.472522935683197698e+00 -5.659247097660482950e+00 2.837147389406407427e+00 -4.311719071740212961e+00 1.966015309763251562e+00 -1.528791905729403489e+00 3.030161161019853111e+00
0.000000000000000000e+00 -4.125215108720799329e+00 4.971658441606283674e+00 -4.028787066861434951e+00 1.622244706877624898e+00 -2.003742201042248094e+00 -2.623795543903201910e+00 2.219775486463912983e+00 4.157235700194656935e+00 3.012786087601394769e+00 3.563941505875924953e-01
0.000000000000000000e+00 -2.450718107328810014e+00 3.371500002918403016e+00 -3.004863470347082455e+00 1.577932127647088123e-01 -1.047658592889753715e+00 -1.379012323311174848e+00 1.997529953710972084e+00 4.177180435339114872e+00 3.911753158867305125e+00 -9.363748362447322782e-01
1.000000000000000000e+00 1.828378401566308042e+00 -1.121202470372685944e+00 -2.943501554243755702e+00 -2.183269279496281801e+00 -4.376379844651845374e+00 1.727281452680737406e+00 -5.332118456686512964e+00 3.919621170698791346e+00 -4.393987293266366834e+00 2.870768137789033059e+00
1.000000000000000000e+00 4.233023856522620809e-01 -2.920314976450387512e+00 -3.047360992095429211e+00 -4.277680698283170102e+00 -4.724650604383803909e+00 1.745261032094951981e+00 -4.075442862246085873e+00 1.864787338696617391e+00 -3.158012069686113144e+00 1.600709734857116207e+00
0.000000000000000000e+00 -2.361875899541738377e+00 1.831591694306606177e+00 -3.989103946644631637e+00 1.241617977406671347e+00 -2.836859376505374009e+00 -2.779595112030836646e+00 2.919432566082114100e+00 2.905883351012299443e+00 1.504050205098560467e+00 -1.784000192300646770e+00
