1.000000000000000000e+00 4.351525157136916455e+00 -3.823884019722875838e+00 -1.415312397641299125e+00 4.018115849098757408e+00 -8.114030509695535631e-01 9.047300164663086841e-01 -5.414415853913386201e+00 -2.004767077332940683e+00 3.565524987790779754e+00 -5.134889403712660005e+00
1.000000000000000000e+00 3.182705519163509411e+00 -4.361825120275607759e+00 -1.191742544789703206e+00 2.779524705325920220e+00 6.186896606011511590e-01 4.467782166840862934e-01 -6.900399501270102931e+00 -3.486402386980558710e+00 2.345756067844389392e+00 -3.223515057531789463e+00
1.000000000000000000e+00 4.613384890624286250e+00 -3.374729062591781403e+00 -4.017157385594739338e+00 1.718800264940516076e+00 -2.089159042421744328e+00 5.586601644601579819e-01 -5.244916008806526975e+00 -7.248329559201571737e-01 3.054523442095401276e+00 -6.774067189338341066e+00
1.000000000000000000e+00 2.873217206833509785e+00 -3.812766509393147540e+00 -2.172449044343170765e+00 3.521139469918106446e+00 -1.508511455446625016e+00 1.332773187447060748e+00 -4.591223692454431848e+00 -1.327245353051614396e+00 4.625033923087231713e+00 -5.613723351152478891e+00
1.000000000000000000e+00 2.190508360114822750e+00 -6.060584106790978254e+00 -8.812221458600580926e-01 3.182905950389713468e+00 5.331612343398806075e-01 -1.143443855748907723e+00 -2.737433515032817510e+00 -2.444693826549722893e+00 5.384318650960980612e+00 -4.762103744642135261e+00
1.000000000000000000e+00 2.758548300930171226e+00 -4.806550181684340117e+00 -2.861887059212148365e+00 2.890011586267505539e+00 -2.279963201225951419e+00 9.441455242762593070e-01 -5.607178502953573229e+00 -3.548051352462698205e+00 3.907346896630154998e+00 -3.508332595036442569e+00
1.000000000000000000e+00 4.463515518865956544e+00 -4.686488447001265989e+00 -3.227994652714813562e+00 3.392720626335500533e+00 -1.033887772533760518e+00 -1.852226281127286933e+00 -5.180732223864895403e+00 -2.932274509238518068e+00 3.293016083444615383e+00 -6.464338304518874700e+00
1.000000000000000000e+00 4.250526804537273051e+00 -4.376052964814714841e+00 -2.601165068486046117e+00 1.156233516698234931e+00 -2.156796664669406116e+00 -6.746299429437656592e-01 -4.229369483312428457e+00 -2.781096112169324286e+00 2.461993348773897416e+00 -4.960438161811119073e+00
0.000000000000000000e+00 3.425393284441193842e+00 -3.674651904698631455e+00 -3.582032637570784495e+00 4.054930378935490687e+00 -9.412893735835287101e-01 1.706732050939431256e+00 -3.937223614174091946e+00 -4.193174539092522579e+00 -2.460360282200975579e+00 2.553216337577021822e+00
1.000000000000000000e+00 2.753592406903439205e+00 -3.315766152183937443e+00 -1.048962368120515798e+00 2.543894438908909983e+00 -1.493935827898797974e+00 2.990519910898191691e-01 -3.430528630875242513e+00 -1.065180159977338947e+00 2.008720385029533873e+00 -4.972285204459678809e+00
0.000000000000000000e+00 5.049135506884864455e+00 -4.958716832427497501e+00 -5.653953033108223281e+00 5.951734048378320985e-01 -9.901044480712406504e-02 4.374930789413756571e+00 -4.795335379839658962e+00 -2.824843842462972265e+00 -3.412167754886677784e+00 2.569213374388134685e+00
1.000000000000000000e+00 1.112624917171260108e+00 -3.836590965519404595e+00 -1.270673462991237068e+00 3.637883643552347834e+00 -1.135231786843504009e+00 1.064919274503229207e+00 -4.409559025120859843e+00 -1.311902192700463043e+00 5.145064468438624417e+00 -3.010690433041806280e+00
0.000000000000000000e+00 2.977327619415939264e+00 -5.203951970175143771e+00 -5.342016247340016122e+00 3.605968898217738694e+00 -2.123936211367002613e+00 3.675452960094292010e+00 -2.895752368573722535e+00 -2.464185974230823195e+00 -1.000854001651176661e+00 3.214785078997469903e+00
1.000000000000000000e+00 2.599829548790250744e+00 -4.681493313646391208e+00 -3.132767079412587030e+00 3.652711895851922463e+00 -1.596325559854598231e+00 -2.128337840380332580e+00 -4.291699085340913378e+00 -1.237699006238518473e+00 3.878298779413843711e+00 -3.681527009170322273e+00
1.000000000000000000e+00 2.678768478584245383e+00 -4.080052748649405814e+00 -2.107920227553773174e+00 2.810220739037315507e+00 -3.562870676469970466e+00 -1.051038318049432707e+00 -5.228920543781925723e+00 2.918818523352286753e-01 4.355392038792609277e+00 -5.104519565997135189e+00
1.000000000000000000e+00 1.687107599214551890e+00 -5.737742513363407681e+00 -2.546610165887449817e+00 2.208583513853501934e+00 -4.219034763283882050e-01 3.627312411603372116e-02 -4.403688179670173675e+00 -3.409613930423355477e+00 4.649296578796991319e+00 -3.895192719253014246e+00
1.000000000000000000e+00 4.087197542213817592e+00 -4.734441679396561575e+00 -2.680713399698940513e+00 2.991537960443441779e+00 -2.077225730481567556e+00 3.592493633175866674e-01 -4.470071935956399400e+00 -3.369599299603956766e+00 3.187699427636430105e+00 -6.105347814238609061e+00
1.000000000000000000e+00 5.124860431719082676e+00 -5.927711608625173767e+00 -2.420360664323181421e+00 2.695454020658352601e+00 -1.831268468355105705e+00 1.211809165302159819e-01 -4.505190505414587321e+00 -2.731786591407816989e+00 5.001880527727390557e+00 -3.110126417333614501e+00
1.000000000000000000e+00 3.182662857864434258e+00 -3.334650158605593440e+00 -1.182535747805794513e+00 2.585702137555979441e+00 4.795609387414148106e-01 1.318711738046156823e+00 -4.954123684657480986e+00 -1.604135610184840299e+00 3.013590071642070711e+00 -3.231196978245529650e+00
1.000000000000000000e+00 1.891486913728873454e+00 -4.923666569677722649e+00 3.316321855201365132e-02 3.987957266545214985e+00 -2.140630093637269304e+00 -3.687603602214090115e-01 -5.825100858673076587e+00 -2.761995080133670566e+00 2.979697883926983426e+00 -4.004817763232255245e+00
0.000000000000000000e+00 4.294029701176251379e+00 -5.031547175781016179e+00 -3.223650064626759182e+00 4.752322742708721570e+00 -1.891179664918529735e+00 2.340698518336673306e+00 -4.926351207626957773e+00 -3.444736997543417445e+00 -2.680430593002145478e+00 3.602771455140231005e+00
1.000000000000000000e+00 4.422758116542080842e+00 -2.688391739433090954e+00 -1.114750740119612393e+00 3.503487130505402725e+00 -1.174884103543195391e+00 3.047612519050219571e-01 -3.701613833041830670e+00 -1.616078142400350526e+00 3.704748184894666618e+00 -5.276246940158276111e+00
0.000000000000000000e+00 4.702303614883595273e+00 -5.145979707200042164e+00 -4.856739992442582476e+00 4.450325670590196125e+00 -8.952969815173222878e-01 9.964040435300458576e-01 -5.314599126134057272e+00 -2.840355571683577551e+00 -2.955279266116347614e+00 3.229059901628410501e+00
0.000000000000000000e+00 4.155302975118715381e+00 -5.922777081224816165e+00 -3.926864411309732628e+00 3.257929041026763173e+00 -1.298467382348084787e+00 1.920681791098315827e+00 -3.977735478679714554e+00 -3.515815711671382626e+00 -2.178622531715672217e+00 1.316118119106818751e+00
0.000000000000000000e+00 3.393620978195465820e+00 -5.315800164580068099e+00 -4.552545410774191836e+00 2.409478171619410247e+00 -6.370930689648556244e-01 1.345991303647374515e+00 -4.743429259172313728e+00 -2.049795591047372856e+00 -2.110703811834554244e+00 1.802066228663065761e+00
0.000000000000000000e+00 5.407646212042916289e+00 -3.656934125731694962e+00 -4.687856585276088950e+00 2.724847683610058802e+00 -2.546341381373301793e+00 3.887732203795100538e+00 -2.644927561832467688e+00 -3.974039799553902519e+00 -2.532364434800619790e+00 3.529442264201930080e+00
0.000000000000000000e+00 5.318550888703297730e+00 -4.229436526773102223e+00 -4.449250433141113348e+00 3.521672870118198517e+00 -1.501761873704278827e+00 3.095864433284210016e+00 -3.547676138375219779e+00 -3.860831611650212380e+00 -3.146854675120191569e+00 2.057258587655919513e+00
0.000000000000000000e+00 5.403134994512728717e+00 -5.603441042441371422e+00 -4.690651523486701002e+00 2.411981999858925363e+00 -1.795896803344310344e+00 8.918102322988585851e-01 -4.597692592061606298e+00 -3.957910551679186817e+00 -1.794187136692035667e+00 2.199687490857965333e+00
1.000000000000000000e+00 3.372621174228480179e+00 -5.371111591085915293e+00 -1.138127152147666354e+00 3.561019135989342832e+00 -5.959611490064091743e-01 2.761037307182785949e-01 -3.909344626810851153e+00 -3.928659797850343693e+00 2.926688976974339162e+00 -6.745982491630416966e+00
1.000000000000000000e+00 2.706906714855041862e+00 -3.702122024372159093e+00 -4.273475484714241546e+00 1.487773386183535385e+00 -1.728506525979210284e+00 -2.780307643721124933e+00 -4.812114182145783126e+00 -8.682012670214198646e-01 3.934818661526857220e+00 -5.303962275713788976e+00
1.000000000000000000e+00 4.422015595185424530e+00 -3.850724149901624926e+00 -8.950236192879647001e-01 1.998431271294413669e+00 -8.703941020829701891e-01 -1.360370796544270844e+00 -3.575452957673011856e+00 -3.749327295043743291e+00 3.226651320198172357e+00 -4.292094065495066779e+00
1.000000000000000000e+00 4.533352418122239769e+00 -3.462834055339949479e+00 5.597890749399141441e-01 3.601027501722089852e+00 -2.373914713963030110e+00 9.993707706393166745e-01 -5.892627741490300330e+00 -3.602010651884093306e+00 3.369919851883530715e+00 -3.034092883221000569e+00
1.000000000000000000e+00 1.970597287794904506e+00 -3.963289038394175900e+00 1.196540761314046630e-01 4.591187379116071554e+00 -9.364824444738680809e-01 1.555957453706811489e+00 -4.998606311319371720e+00 -1.596414663848518822e+00 3.743918090805281818e+00 -3.107245424447437898e+00
1.000000000000000000e+00 4.124894520764469164e+00 -4.235365173781147519e+00 -1.198573686276963368e+00 3.184026868604930449e+00 -1.300767509947783118e+00 -1.841400897683714621e+00 -6.221256286830227467e+00 -3.859247081704231697e+00 1.603768207653868183e+00 -7.465604681635711337e+00
1.000000000000000000e+00 3.793883839983399398e+00 -4.207970606452909657e+00 -3.343282831771969832e+00 3.146257750583452140e+00 9.766680833206833334e-01 4.786187229171829371e-01 -4.949384765002270647e+00 -2.460282103005019927e+00 2.304766811215919198e+00 -4.141134546809873029e+00
0.000000000000000000e+00 6.033081717956977563e+00 -6.270532731983482932e+00 -1.917422937329838373e+00 2.119947241372327262e+00 -1.589899717409232638e+00 4.617602513094896999e+00 -4.113847609000679917e+00 -2.639312977831488105e+00 -1.405909280408775386e+00 4.507514297792617697e+00
0.000000000000000000e+00 2.946763314238163289e+00 -6.129383855167258588e+00 -2.377421455395734906e+00 4.006432644605681048e+00 -3.011289647224612231e+00 3.805812008233822041e+00 -5.254525973857774979e+00 -5.175585763595750954e+00 -1.439069389489162631e+00 3.406119625623496905e+00
1.000000000000000000e+00 2.717265768105064705e+00 -3.908758776615527619e+00 -3.749968645686247992e-01 3.347943754874982858e+00 -1.174531926248906899e+00 7.760430257507184848e-01 -4.773609002087800590e+00 -2.212943497252720437e+00 3.700726861640531773e+00 -4.417130606270104565e+00
0.000000000000000000e+00 4.620226715305669529e+00 -5.287604161090863286e+00 -3.527298080800010727e+00 2.998874855396184369e+00 -3.091140611656395976e+00 2.998132173236169873e+00 -3.034319972287613076e+00 -3.408756061576245777e+00 -1.945497417260045436e+00 2.275430078056161154e+00
1.000000000000000000e+00 1.981924005556706447e+00 -4.931759843232092599e+00 -1.905577081637516823e+00 2.403132986078072353e+00 -1.033091949491068418e+00 -1.025853486183038177e+00 -4.912920494567824647e+00 -2.563590147696423571e+00 3.135546642355464542e+00 -3.887560322477925823e+00
1.000000000000000000e+00 3.957406088978083325e+00 -4.708766165387907598e+00 -2.362316686572546676e+00 2.089793055171387248e+00 -1.237441514011969890e+00 -3.741717834520489894e-01 -3.907355936790805284e+00 -9.840434693435344826e-01 3.110834618982262878e+00 -3.495979464707093420e+00
0.000000000000000000e+00 3.648150104700552898e+00 -4.840002455643126034e+00 -4.295635338947528581e+00 3.315221548015046427e+00 -5.466266846746552499e-01 3.942636708300446102e+00 -4.473941133820944493e+00 -2.588229172005350520e+00 -1.619142502742933365e+00 3.103018771290766864e+00
1.000000000000000000e+00 1.734306682531567612e+00 -5.148490877263338206e+00 -2.203163580059377402e-01 2.438654334899792886e+00 -8.635443004363829722e-02 5.651220231334667943e-02 -4.519874953399058981e+00 -3.985980943121270492e+00 3.399945487644199904e+00 -3.558530189801692778e+00
1.000000000000000000e+00 2.646005961253445893e+00 -3.324959439970772035e+00 -2.805551566060976221e+00 3.887855275832919233e+00 4.304270995412424750e-01 -6.898092491026074358e-01 -5.644687654713830050e+00 -1.777649013873382255e+00 2.888574386635580193e+00 -3.437920872928962979e+00
0.000000000000000000e+00 5.182102206305173375e+00 -4.361336704049283419e+00 -3.886580638455150005e+00 3.839033603931839345e+00 -1.504294526932254961e-01 3.501247999025826729e+00 -4.105120308904449900e+00 -3.554835373784316577e+00 -3.286816787334556622e+00 1.581967326062747148e+00
0.000000000000000000e+00 3.659491357389021537e+00 -4.948545565724240092e+00 -4.541799989287347294e+00 5.170911002379440902e+00 -6.379825471187602348e-01 1.907318367520541846e+00 -2.478438863177030882e+00 -2.352349709905369401e+00 8.793403994948745250e-02 3.830233112956621611e+00
0.000000000000000000e+00 5.155041182229222585e+00 -4.142483912231064380e+00 -3.757803340795037528e+00 2.547110385343539285e+00 -2.190816681945905398e+00 1.634232451400993158e+00 -3.019519925351012546e+00 -3.628556901947598945e+00 -2.335234909765712352e+00 1.658899240411736198e+00
1.000000000000000000e+00 3.660893107351834708e+00 -5.085071274196177882e+00 -1.833349022439324516e+00 1.275689187807797609e+00 1.479134163111670563e-01 1.650677746487855924e+00 -4.794185648561283486e+00 -1.621370783443198960e+00 4.491294982347517006e+00 -4.673133992998319108e+00
0.000000000000000000e+00 4.766713915037453120e+00 -5.942641931376170028e+00 -3.452767661634254637e+00 3.338971045358191336e+00 -2.042701113769162635e+00 2.610862229870603457e+00 -4.564286498634995581e+00 -3.868623645310540482e+00 -2.066750557858417547e+00 2.009366905152724314e+00
0.000000000000000000e+00 4.247459440600939828e+00 -3.918640837571516045e+00 -3.278947088562363721e+00 2.550365164676129837e+00 -1.766759828223837925e+00 4.241482448186839171e+00 -5.123306429866211431e+00 -3.459719450118562190e+00 -1.465533801538004166e+00 3.336874669654146253e+00
0.000000000000000000e+00 3.714434936568226320e+00 -1.728814142275428622e+00 -4.120690647200225598e+00 3.586259850959082840e+00 -1.939294328146050628e+00 2.506876016370340743e+00 -4.373409392664166617e+00 -3.879753053963851173e+00 -1.834323898339734527e+00 2.275526170535451254e+00
1.000000000000000000e+00 1.395591715933057753e+00 -3.213287171138884624e+00 -1.499717817269056619e+00 4.186453335761418870e+00 -1.167847977073817711e+00 1.106526439441739118e+00 -4.604088363275679718e+00 -2.337507951421862629e+00 3.367112030388041077e+00 -4.399573014889454292e+00
0.000000000000000000e+00 6.160180694391032219e+00 -4.888576563230849992e+00 -4.726807243042950191e+00 2.216923975013477488e+00 -1.608034687259321416e+00 2.981488751864203923e+00 -3.420345730786408467e+00 -3.431212381477257267e+00 -2.236021747392148207e+00 2.731332473374743053e+00
1.000000000000000000e+00 3.979954191985977108e+00 -3.957589008295316457e+00 1.895656012828816905e-01 3.067972688084640076e+00 -7.512909857579173067e-01 -6.204425277768474967e-01 -4.751508220364041968e+00 -2.312478105915794391e+00 2.524096196447034757e+00 -2.795634476759413900e+00
1.000000000000000000e+00 1.602657124476958961e+00 -3.973144999909275388e+00 6.720001815193632488e-01 2.001830549700079231e+00 -1.655676504534396853e-01 -3.768562219805637326e-01 -4.036486182298362202e+00 -1.727940443903823731e+00 3.856957786427832602e+00 -3.158618290878090651e+00
0.000000000000000000e+00 3.656622481297991722e+00 -5.110807877787835629e+00 -4.232301182476728485e+00 4.636893816118823786e+00 -2.345770680619604587e+00 3.088332557216197927e+00 -3.438509583477495468e+00 -1.251782169300946324e+00 -2.231421923180752831e+00 1.517729847218408201e+00
0.000000000000000000e+00 4.290251035672409508e+00 -5.019391465343596259e+00 -3.510536062538469615e+00 3.340478898822790921e+00 -2.607043887498089241e+00 3.174538118425503708e+00 -5.051035160481092134e+00 -2.827745729789307827e+00 -2.057569374089285752e+00 1.243190281259185959e+00
0.000000000000000000e+00 5.549793890814946451e+00 -2.793710111685420827e+00 -2.654639226530718155e+00 4.534194792948203379e+00 -1.181816317209650302e+00 8.875513097845912913e-01 -4.691089714332846938e+00 -2.232935209645251273e+00 -3.303832093687040672e+00 2.809082147429254217e+00
0.000000000000000000e+00 5.023448776016379291e+00 -4.315092276843727426e+00 -4.293445536258244211e+00 3.183279353866903527e+00 -2.161618682452533413e+00 2.971824122830002413e+00 -5.800864667682518849e+00 -3.244793770797893551e+00 -2.135041555433029981e+00 3.237779281237275875e+00
0.000000000000000000e+00 5.132083297489197449e+00 -5.549398821923432479e+00 -2.504118529046687858e+00 3.949587579691819617e+00 -4.951655779967460980e-01 1.828778998795283828e+00 -4.062935104688199850e+00 -2.342449980431598799e+00 -1.375218917254731110e+00 2.074027933401769719e+00
1.000000000000000000e+00 3.553410323696744921e+00 -4.730670688449860606e+00 -1.952576598261281715e+00 4.170068706728151220e+00 -9.503103594184658665e-01 6.018101250142580128e-01 -4.599842365199706684e+00 -9.055393790226786699e-01 3.435004706082522397e+00 -5.235694288632686266e+00
0.000000000000000000e+00 3.437816680110698186e+00 -4.335729118799679149e+00 -3.727443924424362898e+00 3.890979172265943031e+00 -1.443834103720118334e+00 2.321078591693090054e+00 -5.482958042515543085e+00 -5.259671121447737185e+00 -3.347684008113147591e+00 2.733829696807970500e+00
0.000000000000000000e+00 4.883601492908276498e+00 -5.253402157315793630e+00 -5.077659422162764002e+00 2.719425214351723241e+00 -1.284163315573624953e+00 3.788923513331190485e+00 -4.561778691190944812e+00 -2.236849917224965623e+00 -2.060740061480719643e+00 2.994775285863553904e+00
1.000000000000000000e+00 1.988003299961525583e+00 -2.655582599965881307e+00 -3.103139099273384272e+00 3.737812751475202866e+00 -2.054732404454971739e+00 4.330931837958010289e-01 -5.864147358297971735e+00 -4.050495357761708881e+00 3.030019582514071441e+00 -5.557665496159334140e+00
1.000000000000000000e+00 2.276757461191462273e+00 -2.472997924425031968e+00 -3.210100384048497180e+00 3.704308817616476013e+00 1.520163647027557019e-01 -1.920308918885253791e+00 -5.172579367651910509e+00 -1.074369977550762467e+00 2.430855747184725413e+00 -3.699935521474489342e+00
0.000000000000000000e+00 5.093373891205661863e+00 -4.375132751917367280e+00 -4.438056784169490676e+00 3.665138529570067139e+00 -2.099307161758553253e+00 2.607566998559987859e+00 -4.644456771789938543e+00 -3.970068574448170295e+00 -2.153097043141046107e+00 1.409760906437499628e+00
1.000000000000000000e+00 2.830303942098674419e+00 -3.068204527259702274e+00 -2.252833543360753144e+00 3.576886681189800132e+00 2.211638950426848549e-01 1.039899105234151300e+00 -5.027551656804724267e+00 -3.658796986047107680e+00 3.029588710065658663e+00 -4.711658923843722313e+00
0.000000000000000000e+00 3.730565203940579000e+00 -4.082008106566680894e+00 -3.249456348004303052e+00 3.707564546415973883e+00 1.475945171657069288e-01 2.506778315276548597e+00 -4.314294150165490116e+00 -1.225973286663070150e+00 -1.301181684120706228e+00 1.573155925546175116e+00
0.000000000000000000e+00 4.484451407130033651e+00 -4.133862511205094847e+00 -4.029143735947789295e+00 2.384386230453437783e+00 -1.926827333325168423e+00 5.074634183887813066e+00 -3.530807082527890106e+00 -2.721671682625999900e+00 -2.438455373102292878e-01 1.271742476274776878e+00
1.000000000000000000e+00 3.300191221266566721e+00 -3.127459764551241861e+00 -2.974443168644143931e+00 3.237591582197181239e+00 -1.012725225385907812e+00 -8.353115418476260434e-02 -4.891276196960131273e+00 -2.690410153272290827e+00 4.463629569132575803e+00 -6.664732207217535453e+00
1.000000000000000000e+00 3.567823204773727941e+00 -4.191209988210674808e+00 -1.491789335410572015e+00 3.119886650407830420e+00 -2.542277219365599805e+00 5.904290886767254998e-01 -4.514018123757493228e+00 -2.476866158356705316e+00 2.805838678892310423e+00 -4.938622165000696285e+00
1.000000000000000000e+00 3.253607651909273368e+00 -5.111725139451347211e+00 -3.195966019568029282e+00 4.592515530486865671e+00 -1.541324439727649098e+00 6.494044699102406726e-02 -5.217591713053044700e+00 -1.571188474649640732e+00 3.548459729453822931e+00 -4.057847246750103665e+00
0.000000000000000000e+00 4.637291880735586069e+00 -3.659319513855204598e+00 -5.683038200770977433e+00 1.921420401205987005e+00 -1.886339719827353711e+00 4.177325181466051696e+00 -4.508534384867520117e+00 -2.285379601017178963e+00 -1.612211855864262411e+00 2.461663864009255853e+00
0.000000000000000000e+00 4.900858497317255313e+00 -3.717026200918787548e+00 -2.497359493404318620e+00 3.503731787681026777e+00 -6.378817936551126611e-01 1.643604599199439686e+00 -4.159644177485949612e+00 -3.759861186517185150e+00 -2.767592729338701929e+00 2.093717876808573575e+00
0.000000000000000000e+00 4.112920681605470641e+00 -6.450341972665770029e+00 -2.362830339203814134e+00 3.840636390475236084e+00 -2.242700122965100462e+00 4.010013773155141514e+00 -5.985090645201188941e+00 -2.680563030345699982e+00 -1.917699896292883288e+00 1.891580251704067850e+00
0.000000000000000000e+00 4.974391686225462905e+00 -4.027821619448676671e+00 -3.505821144533602052e+00 3.697001492660526800e+00 -1.064027935102676903e+00 1.963156889903426627e+00 -5.096872800559486549e+00 -2.293503293951785427e+00 -9.136531593064065593e-01 2.558179692554575890e+00
0.000000000000000000e+00 4.723571673744007882e+00 -6.507523946112635294e+00 -4.309621836381637650e+00 3.716053602488355700e+00 -1.499986983188339895e+00 2.464386956799929695e+00 -5.880477166845571979e+00 -3.906318412784177241e+00 -3.752069163107975669e+00 2.926022031365308695e+00
0.000000000000000000e+00 5.154336885633350462e+00 -3.442006030033063269e+00 -3.650643059080005415e+00 2.834124658150390719e+00 -1.024014348419516329e+00 1.603176189778066529e+00 -4.082518503350957673e+00 -2.386919901240550868e+00 -3.877156860753610435e+00 3.294640487600442036e+00
0.000000000000000000e+00 3.969970045726215258e+00 -3.147321606684673867e+00 -2.682510101800020585e+00 4.217811341489296595e+00 -2.853987906538988817e+00 2.985102945115514661e+00 -4.055376779435321488e+00 -2.353425777907415029e+00 -1.162660773239219569e+00 3.046372723566272089e+00
0.000000000000000000e+00 3.902318114468899424e+00 -5.144624090360145452e+00 -4.868897614755146819e+00 1.796437367047722278e+00 -2.313129037374214825e+00 3.233398790169326631e+00 -5.206818741138155460e+00 -4.352892766793672763e+00 -1.780562457175821400e+00 3.088328433845561882e+00
1.000000000000000000e+00 4.639756470959999213e+00 -4.934436591987110710e+00 -3.008766250378117846e+00 3.366044939772923517e+00 -2.539957938692309902e-01 -6.787139158181672016e-01 -5.465859424064634986e+00 -4.210183560882470033e+00 3.736354918371194156e+00 -5.197916106076332809e+00
0.000000000000000000e+00 4.073613961486922008e+00 -3.958978218777821745e+00 -4.299913329070683687e+00 1.078691785684134707e+00 -2.532221927596676636e+00 2.992004789590085867e+00 -4.516024449151032627e+00 -1.815003886464351623e+00 -2.175656264477034085e+00 3.748469995929415877e+00
0.000000000000000000e+00 4.245649878453032322e+00 -5.232304207198813728e+00 -3.880540454406602446e+00 2.898788026687438624e+00 -9.732665515621814478e-01 2.265581359561401165e+00 -5.432041452458412856e+00 -4.017948276798931850e+00 -1.824514957911855584e+00 2.177016337324851225e+00
0.000000000000000000e+00 4.927106848375955472e+00 -4.065102748856530113e+00 -4.841723869299697114e+00 4.521234804856686829e+00 -1.074760569533709464e+00 2.819028064175300052e+00 -4.952553127445439074e+00 -2.009248117307032899e+00 -1.926494757688200554e+00 1.374571736819105272e+00
1.000000000000000000e+00 4.281889547328372458e+00 -4.874305714830053482e+00 -1.222203391818859952e+00 3.767922375019037151e+00 -1.095412719969774962e-01 5.886956245720136316e-01 -5.578558872129951496e+00 -3.270003168172683328e+00 2.225148299022555065e+00 -5.407701609683188693e+00
0.000000000000000000e+00 4.206624545034257423e+00 -4.558789658987640436e+00 -5.180133861107812265e+00 2.100474673354800537e+00 4.250899860238610550e-02 2.512212823716271082e+00 -3.157403648464041979e+00 -4.199244378039611370e+00 -3.121349213703321190e+00 1.273075376392681868e+00
0.000000000000000000e+00 4.576921923027486017e+00 -4.784030974033751882e+00 -5.160168562965088412e+00 3.528051229206234041e+00 -1.886047224905203157e+00 2.784586047145418242e+00 -4.241785022079906042e+00 -3.901828528747481428e+00 -3.083037877635328439e-01 9.461215020199180703e-01
0.000000000000000000e+00 4.041695027376511540e+00 -6.173475433564955317e+00 -4.001921958700229709e+00 3.640918217827253223e+00 -1.784425874422394198e+00 2.334606895943420746e+00 -4.985961943029570520e+00 -3.989603015914685358e+00 -3.776361238556111832e-01 1.092211397122292205e+00
0.000000000000000000e+00 5.598729774423917505e+00 -4.526923425971880910e+00 -2.711209407578855313e+00 2.322720404176521036e+00 -2.725283131399548253e+00 1.342641262619021170e+00 -4.697624603922080588e+00 -2.593787278893923798e+00 -3.101220107434706996e+00 3.643611153485259102e+00
1.000000000000000000e+00 3.910989568678350015e+00 -4.194428041181290645e+00 -1.339971605591686377e+00 2.524037514815907990e+00 -3.494571386310698635e-01 6.084157151576978784e-01 -4.404661898447539414e+00 -2.538629292915427271e+00 4.274742886831936595e+00 -5.121100838727792315e+00
0.000000000000000000e+00 3.168390408094213129e+00 -3.404323739553778871e+00 -2.936368542317584929e+00 4.440138145253389901e+00 3.443509724796323113e-02 1.620646750643474521e+00 -5.119405026079023813e+00 -3.844827617690547594e+00 -2.416781841327058533e+00 1.980737584569631338e+00
1.000000000000000000e+00 3.041955486708439516e+00 -3.121499423561151509e+00 -5.752403798250387279e-01 1.062697228532009319e+00 -9.322157604105575368e-01 -7.180234887498119223e-01 -4.868838161794367458e+00 -3.197616718661769664e+00 2.388003110403881912e+00 -5.472296531901194250e+00
1.000000000000000000e+00 3.805609496633885147e+00 -4.202235069522570754e+00 -9.927304261390598183e-01 3.700215574953136688e+00 -2.686796489200903526e+00 1.234781079879409882e+00 -3.300930259821168278e+00 -2.929370713734674503e+00 3.425822043785894611e+00 -5.002230829438921944e+00
1.000000000000000000e+00 2.722705400844698254e+00 -4.138915934608485614e+00 -2.695419149421525162e+00 3.840079714462521832e+00 -5.675530791310470224e-01 -1.262672861554562154e+00 -4.666700942891989001e+00 -1.255915409352890810e+00 3.574131664436070110e+00 -4.657052389738915110e+00
0.000000000000000000e+00 5.502039902936166627e+00 -5.197659220269791547e+00 -8.957115492735150397e-01 2.308134537358025540e+00 -6.651694136661833179e-01 3.822845949801176868e+00 -5.379061247572166415e+00 -4.004449410471957904e+00 -1.556713029798493686e+00 4.140081811087086727e+00
0.000000000000000000e+00 3.130795287728517451e+00 -3.919779563825211532e+00 -4.800073259385903235e+00 3.785982307714864881e+00 -7.624809214449138617e-01 3.408626790261154227e+00 -5.213917986227564860e+00 -3.755403911051571342e+00 -1.197483931155913339e+00 3.443482628536901125e+00
1.000000000000000000e+00 3.219126254571166523e+00 -3.626861865312690725e+00 -7.302098629794722129e-01 3.233010345709681932e+00 -3.420720685300321140e+00 -1.529197945513039558e+00 -5.835394859961150260e+00 -2.925763456985462696e+00 4.023121112267441291e+00 -4.040271974406376643e+00
0.000000000000000000e+00 2.576819654487331412e+00 -4.064511566644059215e+00 -4.212606469248378005e+00 4.039529312294289021e+00 -6.229115378190783758e-01 3.126485695397474007e+00 -4.252447238952583142e+00 -1.997273697793116476e+00 -8.587986212589051593e-01 1.383125551161240363e+00
1.000000000000000000e+00 3.126920760392220000e+00 -6.444365814226050482e+00 -9.714536953454430135e-01 2.718902402108408722e+00 -1.066645151785674761e+00 5.545870704450005517e-01 -5.272595546609657902e+00 -2.230650706941937678e+00 3.641284229911585513e+00 -6.778187129551692003e+00
1.000000000000000000e+00 2.567662753597991454e+00 -4.703230190645563802e+00 -3.543260008397178584e+00 3.734563086439603108e+00 -1.309891742177207385e+00 -2.584151550848947654e-01 -5.110152345256687489e+00 -1.732923151259339267e+00 3.388485966686876960e+00 -5.318369202794617223e+00
