1.000000000000000000e+00 9.446764996969593042e+00 3.299544623431385659e+00 7.482377344255438878e+00 -3.084655157603303444e+00 -2.867862501470266334e+00 -3.762170411963791761e+00 -4.512172401557095647e+00 -3.670199810048911715e+00 -4.392947884974138795e+00 -8.151297924185337607e+00
0.000000000000000000e+00 -3.343046462562358379e+00 1.014728295717735840e+01 -9.929013315062080736e-01 -8.538070236325884466e+00 4.818251274059997868e+00 6.048467647448378059e+00 3.571309266943570204e+00 -1.099021558079681071e+01 -5.081574674833988503e+00 -2.545988691885917365e+00
1.000000000000000000e+00 8.304509213763697772e+00 2.682577866698430569e+00 6.568090131316463243e+00 -3.520512204981769422e+00 -1.789161155626669331e+00 -2.833984651549958489e+00 -2.705751849612099580e+00 -3.681206238427356947e+00 -4.041717079536469193e+00 -8.448381398989706526e+00
0.000000000000000000e+00 -3.522816274689911431e+00 9.086130518474201168e+00 -1.109992056218611634e+00 -7.452180783357873040e+00 3.530207240153250048e+00 4.677832382198587879e+00 5.495885793676718478e+00 -1.049556454692766394e+01 -7.496595963196217127e+00 -2.829054480956784801e+00
0.000000000000000000e+00 -3.994402769768838457e+00 8.908255916558246668e+00 7.452968616779087618e-02 -9.070523324797001408e+00 4.474642764258382144e+00 4.614987920092403328e+00 5.181812931087565133e+00 -9.181889482010573644e+00 -7.495837862048530198e+00 -3.394883557830314480e+00
1.000000000000000000e+00 8.038162622754441600e+00 3.784188869254076604e+00 6.847726070760052686e+00 -5.346444360345816271e+00 -7.933951544413908596e-01 -5.509961098826062553e+00 -4.220204069655413726e+00 -3.444782498715730057e+00 -5.356478743647818952e+00 -7.483695481836487140e+00
1.000000000000000000e+00 8.305686094099792527e+00 3.799328147088430807e+00 7.763436160631253635e+00 -4.520701745984501585e+00 -1.812526895277200012e+00 -4.172276795716307163e+00 -2.566811186873546369e+00 -3.787784397377965462e+00 -5.026965400502480641e+00 -8.439952326526739768e+00
0.000000000000000000e+00 -3.198332075814351860e+00 8.833649855760311809e+00 5.323183028886995238e-01 -6.691903364943973642e+00 3.619406284683894359e+00 5.851812711950270085e+00 4.951461876063899759e+00 -8.912353982381638673e+00 -7.313013453726231461e+00 -8.402533393661844041e-01
0.000000000000000000e+00 -3.999587930066489161e+00 8.347636687059933891e+00 -2.148546383386056746e+00 -7.438366657566348294e+00 4.924068973754526901e+00 2.784592421779304772e+00 2.910340761687010058e+00 -9.570170486472356686e+00 -7.139277111469272796e+00 -2.791621623796285867e+00
1.000000000000000000e+00 8.598065092277193955e+00 2.932341011199442349e+00 9.492009943019972695e+00 -4.411304530588870065e+00 -8.470361674947367581e-01 -5.461516520557747612e+00 -5.949073094115097327e+00 -5.638523352867027327e+00 -4.614845020594056990e+00 -8.598007713004720998e+00
0.000000000000000000e+00 -3.956214217363229313e+00 9.424924730576094589e+00 -6.552575376018731079e-01 -7.506464592227342969e+00 4.360952213088211238e+00 3.767386874178867195e+00 4.821418803617494753e+00 -9.555003518353718306e+00 -8.578891605682056110e+00 -2.182578020914094363e+00
1.000000000000000000e+00 9.857666936363735033e+00 2.354921830563153407e+00 7.236457397756681509e+00 -3.518735414149809060e+00 -9.656739631190215389e-01 -4.731737751330392427e+00 -5.583639809558190947e+00 -2.680460363483629926e+00 -5.322320514750702891e+00 -7.848304729835833271e+00
1.000000000000000000e+00 7.316033157696852030e+00 3.253576216382244368e+00 6.402011022773919535e+00 -3.753930203539879606e+00 -2.679087588465621117e+00 -4.337408517671549113e+00 -3.239928868667297124e+00 -4.302024425689078058e+00 -4.663873283892334243e+00 -9.781931007107255382e+00
1.000000000000000000e+00 8.731623233556558006e+00 3.533623397784813935e+00 7.826999111280554366e+00 -3.705694627321306278e+00 -2.092831165847111929e+00 -5.137304116072467508e+00 -3.329354728503985505e+00 -4.751483195740693333e+00 -4.571033150191817107e+00 -9.216814336996337786e+00
0.000000000000000000e+00 -3.271685325849118531e+00 9.504701347556387958e+00 -1.321726908828415592e+00 -8.262260087337741865e+00 3.812925039551697370e+00 4.075017754305994444e+00 6.406017450059980689e+00 -1.031939169964895520e+01 -6.980097318967237285e+00 -2.166231287193172150e+00
1.000000000000000000e+00 7.456559479712320027e+00 5.609216500688578577e+00 8.915139123119294240e+00 -3.419756685112105288e+00 -2.209713816576079015e+00 -5.245447804890385868e+00 -4.478911003349400843e+00 -3.401317549827346021e+00 -5.425392427132312179e+00 -9.481937128716420915e+00
1.000000000000000000e+00 8.776405225663697962e+00 2.672175308887369649e+00 7.564429242251983432e+00 -3.583990872457931687e+00 -2.356922152828222927e+00 -3.633182277515622616e+00 -3.534318255404349074e+00 -4.828077870003903982e+00 -5.368469736143054227e+00 -9.242285801385822452e+00
1.000000000000000000e+00 8.761972426290160598e+00 3.734789864847871232e+00 7.591470341711159975e+00 -4.805256626473513926e+00 -4.560860554908439113e-01 -3.395464440039167364e+00 -4.330840333627111072e+00 -5.870009893952284230e+00 -5.005260724188049792e+00 -8.032896169466747338e+00
0.000000000000000000e+00 -4.362190420671276492e+00 9.923454653184670349e+00 -1.688705774399187121e+00 -6.311225632583120415e+00 4.140870250208553927e+00 3.842202986844753809e+00 4.736732961529563468e+00 -9.484621049224292832e+00 -6.480205062456612985e+00 -1.459560316099228316e+00
0.000000000000000000e+00 -4.873180899782943776e+00 9.559695170847835044e+00 5.079006226547002623e-01 -8.170859290724147073e+00 2.848632658143664287e+00 4.366944958231158580e+00 4.301598284804671657e+00 -9.698439534438957565e+00 -9.009205914925344061e+00 -2.046285318125508290e+00
1.000000000000000000e+00 9.622291442906739434e+00 3.122300067703786652e+00 9.024036158408504704e+00 -4.540337684492681269e+00 -1.359485292863320982e+00 -4.008492768255939254e+00 -4.045118835260992363e+00 -4.554172950256659469e+00 -4.421478541404387563e+00 -7.752887440917665351e+00
1.000000000000000000e+00 9.273877339374156037e+00 2.003216634467382740e+00 7.755740817685764732e+00 -5.067355570575990953e+00 -1.865662107999724872e+00 -3.760999656980481110e+00 -2.386917369226630559e+00 -4.772983290610143925e+00 -6.360026397581396651e+00 -7.942626486229137583e+00
0.000000000000000000e+00 -3.470310421650654398e+00 1.202728566948517575e+01 -2.779171464700380678e-01 -1.051593327769530362e+01 3.246575135298443104e+00 5.845681759291639246e+00 3.954847316498345311e+00 -9.467040384802578146e+00 -7.441887112844693952e+00 -1.403237253517108041e+00
0.000000000000000000e+00 -4.236459950142619668e+00 9.761174818594918534e+00 -1.269502406406297190e+00 -7.694361307228414049e+00 5.003056292353960544e+00 4.416752448227509120e+00 4.759485101745631219e+00 -1.033850360732169449e+01 -7.294058388278121363e+00 -3.075789947278643854e+00
1.000000000000000000e+00 7.420309207017342423e+00 2.716437825610234835e+00 8.020747142856681222e+00 -6.186695900899366052e+00 -2.661424042168644810e+00 -4.259269650836320587e+00 -3.337828780471826740e+00 -3.126175976264787160e+00 -5.419367374601222309e+00 -9.388682103766198495e+00
1.000000000000000000e+00 6.704155582703357652e+00 2.811162806043724594e+00 7.600893499434095979e+00 -3.250876026043787448e+00 -2.975272473233238735e+00 -3.789301551926678613e+00 -3.339540653403658244e+00 -4.000026546584462217e+00 -5.457713177588913389e+00 -7.780861276888572320e+00
0.000000000000000000e+00 -3.704574190959499802e+00 8.994123837184190506e+00 -1.691533883763602919e+00 -7.089223206449689840e+00 3.329658454368991105e+00 4.780383226757244586e+00 2.840930895437256964e+00 -9.463595598583438573e+00 -6.787376064155846933e+00 -1.860928881715786964e+00
0.000000000000000000e+00 -3.529755893588950588e+00 8.900012446722580961e+00 -1.108474289926946854e+00 -9.405994074734453037e+00 4.051510745300556771e+00 5.287413950194420842e+00 4.151752311067525625e+00 -1.104711377079641643e+01 -7.220142850731433803e+00 -2.623252027392994012e+00
1.000000000000000000e+00 7.739064527830653795e+00 2.189658746879644902e+00 8.095436213683898430e+00 -5.920574241300393226e+00 -2.484638829539767002e+00 -3.440979742036726297e+00 -3.174663827194586840e+00 -2.605626560822441373e+00 -4.510658834317696986e+00 -8.488076713274185892e+00
1.000000000000000000e+00 8.734815963201398858e+00 1.970235742582605809e+00 8.221825120222135297e+00 -4.426725843194940779e+00 -1.573602231792520900e+00 -3.671644049072879223e+00 -4.155242649207442796e+00 -5.669618654784107648e+00 -5.929134133117329952e+00 -8.926774171899300114e+00
0.000000000000000000e+00 -3.911709495258426372e+00 1.061287726529628550e+01 -7.785195786412009156e-01 -8.040755465829347415e+00 3.707811371950548995e+00 4.839241799947779477e+00 5.223424290490623179e+00 -1.013415276489656591e+01 -6.917835702785010810e+00 -3.177970712178079804e+00
0.000000000000000000e+00 -3.107982761193954779e+00 1.087332053485414995e+01 2.815976208012820337e-01 -9.398689081753929031e+00 4.756979685555021042e+00 5.999050743210267100e+00 4.859787556624727500e+00 -9.873411117391535541e+00 -7.470896417641957221e+00 -2.126607502920680126e+00
1.000000000000000000e+00 8.509445914571863057e+00 3.877460802359730785e+00 7.531322106442865483e+00 -4.447965497595610884e+00 -1.877377882407158971e+00 -3.557803241484717383e+00 -3.034126885626648562e+00 -4.377244738998161466e+00 -4.637903997089726005e+00 -8.809228315281316668e+00
0.000000000000000000e+00 -4.730979320851959713e+00 1.014414525183401850e+01 -2.150380450565174684e+00 -1.008226395882178217e+01 3.288762346325256658e+00 3.443614727889272586e+00 4.988791269946079687e+00 -1.075775952337895980e+01 -7.365162217164181513e+00 -2.653814505445629468e+00
1.000000000000000000e+00 6.943306128596605120e+00 3.626642197828547687e+00 8.821475578223502367e+00 -5.631661659418409016e+00 -1.633626877197196015e+00 -4.476311015137008908e+00 -3.916977117717929779e+00 -3.999427806070869007e+00 -4.435201571384729036e+00 -8.529513793883781503e+00
0.000000000000000000e+00 -2.976681498823129601e+00 9.126887227147854276e+00 -8.558788417839119367e-01 -9.113998791957360623e+00 3.311060207742573702e+00 4.842823099481704752e+00 4.336172339804274856e+00 -9.624312967203742630e+00 -7.508599091062548858e+00 -3.767651836765758766e+00
1.000000000000000000e+00 7.567260255572866079e+00 3.204083314596041010e+00 7.798503957057731029e+00 -2.677767740916271677e+00 -2.272817687027712807e+00 -5.088651514262723552e+00 -5.380389452454533483e+00 -4.228560489441759884e+00 -4.471308713579419170e+00 -8.178281104158243053e+00
0.000000000000000000e+00 -3.325462102943470111e+00 9.485017505632644230e+00 -2.051724467169880661e+00 -1.041563266563734125e+01 4.549625092612465949e+00 5.127170277346824179e+00 5.019468999592790581e+00 -9.897977419320936221e+00 -6.331400676066923694e+00 -2.501930527174636154e-01
1.000000000000000000e+00 7.387217380726342597e+00 4.958447592247079427e+00 8.435856625932476760e+00 -5.723101369526566451e+00 -1.866151611021139800e+00 -4.101320735227965031e+00 -4.998523447259911379e+00 -5.380680761271690038e+00 -4.431295845286745028e+00 -8.175029664502638127e+00
0.000000000000000000e+00 -5.316267812151510341e+00 1.054077851420136724e+01 1.061811594914899626e+00 -9.043252206084364531e+00 2.553453369137569595e+00 3.676861779930545637e+00 3.980746468681822581e+00 -9.429294249611725576e+00 -6.872371286505937427e+00 -3.256279769216958275e+00
0.000000000000000000e+00 -4.817989969069580880e+00 9.519817981979178612e+00 -7.106039451446344302e-01 -7.773573487100239987e+00 2.555156303896699121e+00 4.640979351999249047e+00 3.847028121816361779e+00 -1.020182652265558509e+01 -6.321451645379797313e+00 -2.023752172579113662e+00
0.000000000000000000e+00 -4.550944149674371886e+00 8.592454444292988214e+00 -6.650936998742615902e-01 -9.530990134513430689e+00 2.138613910826944853e+00 4.648875202337571011e+00 5.474491325189520197e+00 -8.424097849001595861e+00 -6.847004166076953169e+00 -3.736737713973059982e+00
0.000000000000000000e+00 -4.172794542737523038e+00 8.118998564773105997e+00 -4.131172864669687139e-01 -7.114537731876243498e+00 3.052732939093585784e+00 5.472397330821437755e+00 6.915597217696050514e+00 -1.095633149119139382e+01 -5.332230270312397380e+00 -2.851788657605143662e+00
0.000000000000000000e+00 -3.726097511836645726e+00 8.663601172131924599e+00 -2.866494466275860131e-01 -9.403145545475195988e+00 3.583949037590570263e+00 3.680570980252380053e+00 5.028902723167226085e+00 -1.014483008778155693e+01 -6.618495357298321835e+00 -1.386003580027809656e+00
1.000000000000000000e+00 7.915853504057674961e+00 2.214657780707136592e+00 9.048319474156535591e+00 -3.978440597639087972e+00 -3.159153527989162935e+00 -4.025355521283001892e+00 -4.746919458523764845e+00 -4.157677661002790792e+00 -4.460641991870218703e+00 -7.964512302658118159e+00
1.000000000000000000e+00 5.078788645439429317e+00 3.174145151338267024e+00 8.306939870598581521e+00 -5.267353385794923071e+00 -1.930887215500406207e+00 -4.049348657992510425e+00 -4.923544835904493766e+00 -5.060008874067516871e+00 -6.680273926387924277e+00 -9.279347762414746015e+00
0.000000000000000000e+00 -4.343611304058006439e+00 1.056875530272536068e+01 -1.322152669887175280e+00 -8.876397771542182014e+00 2.561177171801462649e+00 4.523430943784227942e+00 4.655010139896860188e+00 -8.346135338225565192e+00 -6.339178805405882855e+00 -1.407218257282575991e+00
0.000000000000000000e+00 -5.179462750649982183e+00 9.402316267771050562e+00 -1.232516291073345149e+00 -6.861791658078655765e+00 3.378867656831938682e+00 6.199502949952877984e+00 5.057919187852691678e+00 -9.516006640175062259e+00 -7.225091540426986647e+00 -2.932105448325978081e+00
0.000000000000000000e+00 -2.721593419820193205e+00 9.621994648035656184e+00 -5.517568570739291856e-01 -8.620396528541753867e+00 3.877277370839335990e+00 6.529426812821444770e+00 4.278802648482196602e+00 -9.277025264972325047e+00 -7.324856740935175026e+00 -1.975968403002350993e+00
1.000000000000000000e+00 7.168566102323675082e+00 3.846579557662329396e+00 7.548389558354829276e+00 -3.237279887907368536e+00 -8.030350722068178015e-01 -5.649340744167659523e+00 -4.717945991411293782e+00 -3.978310974803604516e+00 -5.389534317492072901e+00 -8.564833639642991159e+00
0.000000000000000000e+00 -3.786682851684690654e+00 9.831033042163355162e+00 -1.115488896750757908e+00 -8.341332392944421414e+00 4.027369322356041614e+00 3.336869053970759946e+00 3.185869812863319162e+00 -9.499477798167534459e+00 -7.308602825149369764e+00 -3.455220126893365773e+00
1.000000000000000000e+00 8.665756856544421183e+00 5.088800409599572916e+00 7.586315126724882063e+00 -4.601389912436824048e+00 5.183500195670145416e-01 -4.409874319104974738e+00 -4.723284915030967035e+00 -5.604307901712804352e+00 -4.600310077910812367e+00 -7.874810703687560753e+00
0.000000000000000000e+00 -4.435180770712084275e+00 8.533319136924813364e+00 -4.056631105420996364e-01 -9.164193946811195701e+00 5.941765884320110658e+00 5.239157619556506162e+00 4.619119814046044326e+00 -1.054787637126055344e+01 -5.893758226520384724e+00 -2.932885448783914661e+00
1.000000000000000000e+00 8.181070494808460936e+00 3.681134489557183365e+00 6.772929788551502739e+00 -3.560212224923458013e+00 -2.422693082331415226e+00 -3.421623673105862018e+00 -3.803034221235453760e+00 -4.025733654329496147e+00 -4.180662848640189999e+00 -7.684310711353930401e+00
0.000000000000000000e+00 -4.072759125255883461e+00 8.837154836457671081e+00 -1.341845635861246500e+00 -9.515394285695759180e+00 3.882443555220632891e+00 3.824424228385811197e+00 3.946425710808242115e+00 -1.095820600109463427e+01 -7.930290550405843852e+00 -2.871464152395671654e+00
0.000000000000000000e+00 -2.641922246184378764e+00 9.780948126880325333e+00 -2.915984703799790467e-01 -8.767852608542080262e+00 3.444653331622281822e+00 4.683580907009299743e+00 4.985683804855224999e+00 -1.196286782620382461e+01 -6.839218625478469704e+00 -1.946353990566493497e+00
0.000000000000000000e+00 -3.852913344452629563e+00 1.016081682192196034e+01 -1.253989653106573510e+00 -6.484498086200316536e+00 4.219183677173860225e+00 3.870205331593090659e+00 5.326402010740989290e+00 -9.996981811881640922e+00 -6.259884511491240033e+00 -2.496931201100127673e+00
1.000000000000000000e+00 7.452280025814741471e+00 2.473056192466139613e+00 7.607288619057752221e+00 -3.256756311012807714e+00 6.443338261301780889e-01 -4.925799336293744446e+00 -2.987261410945853957e+00 -3.820621459598052105e+00 -3.535802023442617070e+00 -8.923289674096857027e+00
1.000000000000000000e+00 8.967612295243446496e+00 5.346473860900307074e+00 7.706850287962090817e+00 -3.997910904029633006e+00 -2.074903341194139106e+00 -3.367918418966858951e+00 -3.166825219908971256e+00 -4.860580951601606081e+00 -5.343888425078438864e+00 -8.010766695364786472e+00
1.000000000000000000e+00 7.704920339004942775e+00 4.297868208791037148e+00 6.351204188848717180e+00 -4.995969021825851009e+00 -2.875271380142973232e+00 -4.066970776400104626e+00 -4.923760607132839695e+00 -3.690602159262416748e+00 -4.588258295942195808e+00 -9.555632747909053037e+00
1.000000000000000000e+00 8.940436276797905535e+00 4.328309132805257420e+00 1.021834747882503613e+01 -3.387121305486240352e+00 -1.074700483011482355e+00 -3.927293819777742279e+00 -3.844264367266619686e+00 -3.946929458950673819e+00 -4.695978603706179477e+00 -8.278446086947770510e+00
1.000000000000000000e+00 8.245073499196298172e+00 1.723055027437988551e+00 8.146811494021525490e+00 -3.915190506826462524e+00 -3.744998122019415732e+00 -2.976952949975249396e+00 -3.218964682891918727e+00 -3.284653867292361973e+00 -4.055852745954304339e+00 -8.565267795479877933e+00
0.000000000000000000e+00 -4.502347683845804305e+00 1.146408183808238412e+01 -1.187669882263162169e+00 -9.880732332975966870e+00 2.398626268057130417e+00 5.978234594500412058e+00 4.630528732155237748e+00 -9.871466275289135339e+00 -6.612549451940317624e+00 -2.542543925750174960e+00
0.000000000000000000e+00 -5.132427482708354027e+00 8.875070214472660979e+00 -1.660687660213201244e+00 -1.191640599179695847e+01 3.929692981596193846e+00 3.558457895212305822e+00 4.571030460007854401e+00 -9.993024398536206832e+00 -7.268399695648064096e+00 -2.357708378519132175e+00
1.000000000000000000e+00 9.931157050006445886e+00 3.898034602863688747e+00 7.347477957937019077e+00 -4.104469824544980661e+00 -1.813328929463194683e+00 -2.862632913745669860e+00 -3.176945312475639049e+00 -3.556028056948989935e+00 -5.375150391737906652e+00 -9.732288676064564825e+00
1.000000000000000000e+00 6.849788376872997908e+00 3.293273856499793428e+00 6.287178459918237650e+00 -4.214901072488345335e+00 -1.461976647734455792e+00 -5.103568494181267567e+00 -4.710880756604451491e+00 -3.868962641479681608e+00 -4.968681491053525967e+00 -8.187624019340248083e+00
1.000000000000000000e+00 7.502930143141650632e+00 3.295068135219583638e+00 8.471872351953638969e+00 -3.375230697624175935e+00 -2.553721742825748819e+00 -4.606178967978367567e+00 -3.439394735562247618e+00 -5.160812975362953914e+00 -4.889178050371079109e+00 -9.219163427841882807e+00
1.000000000000000000e+00 8.414617721687822183e+00 3.008836508696250966e+00 6.961622900746632148e+00 -4.243938355323710887e+00 -4.954082690770049702e-01 -4.561537841860802800e+00 -4.657792100068895991e+00 -3.717306571622645883e+00 -7.625617065755266211e+00 -7.669700096877120288e+00
1.000000000000000000e+00 7.805871727233794743e+00 2.595829397165780428e+00 7.079824773377109359e+00 -6.067265879205169909e+00 -2.203372592880705749e+00 -4.364034538888544645e+00 -3.353502141506045753e+00 -3.686695549793569171e+00 -4.311413680433394902e+00 -1.073306526972219466e+01
0.000000000000000000e+00 -3.864703344950091601e+00 9.955430555499336975e+00 -6.174519533605338228e-01 -9.306280326459225094e+00 4.312572553389367513e+00 5.266462727390667453e+00 4.330155844958275324e+00 -9.987636746024614709e+00 -8.350128037235226230e+00 -2.608308373630437771e+00
0.000000000000000000e+00 -3.502805452191619651e+00 7.402740417285391672e+00 2.910083757460191212e-01 -9.382373626389002297e+00 2.704313399279294927e+00 4.809362032509193696e+00 3.743424069334387205e+00 -9.311405669006987296e+00 -6.162228761964569479e+00 -2.873744820290514035e+00
1.000000000000000000e+00 9.023973502867878693e+00 2.770544900588492787e+00 8.259191356955563279e+00 -5.168708075224094145e+00 -1.519952632177442586e+00 -5.009709640962267230e+00 -5.862852925117291392e+00 -4.191871748329514702e+00 -6.315282671924800084e+00 -8.134688226657264210e+00
0.000000000000000000e+00 -4.465748644121481092e+00 9.705053354322751957e+00 -1.750450676116332982e-02 -8.380193640802303889e+00 4.494136040969097579e+00 4.613964724537535922e+00 3.243576126291490169e+00 -1.014106803246527022e+01 -6.929098469467223076e+00 -3.597114975277526661e+00
0.000000000000000000e+00 -4.424963148920636691e+00 8.377451858327857437e+00 -7.943752775695736013e-01 -7.861938128165530060e+00 3.670823755879208061e+00 4.441969536834547760e+00 3.698867935024987119e+00 -8.955383187673309209e+00 -6.952321036893517991e+00 -3.263675281935889849e+00
0.000000000000000000e+00 -3.898942207573975693e+00 8.924024011142675405e+00 -7.197150845629547433e-01 -7.251559717520321691e+00 3.370626475107300291e+00 5.184690159994014280e+00 4.010372429863814148e+00 -9.075172176570752924e+00 -6.521120306568890967e+00 -3.895277139828001722e+00
1.000000000000000000e+00 9.378085694960919483e+00 2.337246726831355481e+00 7.770283445195926397e+00 -6.599541950783871513e+00 -1.200131150625284304e+00 -5.025585822965974891e+00 -4.083291293548043654e+00 -5.154116234123666374e+00 -5.160687238257155585e+00 -7.601170733794092804e+00
0.000000000000000000e+00 -3.888803399417135598e+00 1.005767278497458328e+01 1.427388066447609738e+00 -8.696075226609657705e+00 4.003590113380233184e+00 6.063596773627573100e+00 4.854348763357202223e+00 -9.995834924730431226e+00 -7.052818638194104928e+00 -2.894741368331552156e+00
0.000000000000000000e+00 -4.795791327830038142e+00 1.032645720622648966e+01 -6.474491432511799704e-01 -7.089923251713548424e+00 3.074977204480588533e+00 4.048083224354127374e+00 4.087283583971182743e+00 -1.027574852838741570e+01 -6.764358049698509845e+00 -1.583485605310304356e+00
0.000000000000000000e+00 -3.926343110790647906e+00 8.901678328317727207e+00 -1.300295635670658090e+00 -1.019345967269188691e+01 4.642437090474078154e+00 3.095101237051348431e+00 4.433044429621558535e+00 -9.535283047899454800e+00 -6.221343563500263407e+00 -3.714817397300869573e+00
1.000000000000000000e+00 8.995514965443069499e+00 3.570925919909627932e+00 9.260107777004240148e+00 -3.734049831568936995e+00 -2.526113590666998476e+00 -2.730060815723628131e+00 -3.017872194974577482e+00 -4.177674904076333462e+00 -3.947452490256174507e+00 -9.513825985031392207e+00
1.000000000000000000e+00 8.128465124883289761e+00 3.479741468268529925e+00 9.082467112156676237e+00 -2.767715521706334947e+00 -1.965487349300966580e+00 -4.649684236090690703e+00 -4.549479178427951354e+00 -4.474126224549609177e+00 -4.460456693862692390e+00 -9.893740913310752561e+00
1.000000000000000000e+00 8.325758052307245194e+00 4.228405850915206265e+00 7.868465324269687144e+00 -4.173403656589253607e+00 -2.188712294615511755e+00 -4.688661094261977524e+00 -3.844481146682684258e+00 -5.091210796540574179e+00 -4.230281977759416279e+00 -8.580005019082925344e+00
0.000000000000000000e+00 -3.496429671815201701e+00 1.004788473537135829e+01 -2.918797776547993328e-01 -6.288685204076463364e+00 3.256185299873114669e+00 5.094051001216991281e+00 4.499792764910493403e+00 -9.785389261750946588e+00 -6.614637272632793774e+00 -2.305327350099560135e+00
1.000000000000000000e+00 8.972190272634847474e+00 5.346238368341812652e+00 5.525500137743413198e+00 -4.752798488306130942e+00 -4.450374762328900502e+00 -4.094156427535308396e+00 -2.137853341477652602e+00 -4.329261027780223259e+00 -5.364727376499637046e+00 -8.956127993493845807e+00
1.000000000000000000e+00 8.816491565509153361e+00 3.998975409847298490e+00 7.271954397547614413e+00 -3.401583708560052433e+00 -3.122994284783860319e+00 -4.467714622062621821e+00 -4.962302029454422225e+00 -5.784442148570299480e+00 -4.189957122379415644e+00 -7.299578432391486515e+00
0.000000000000000000e+00 -4.031085883959351968e+00 1.147944799319826004e+01 -8.684193986918071761e-01 -9.242795615743922610e+00 3.297106490507247134e+00 3.477567255528949630e+00 4.411418636049488029e+00 -9.999258508486757790e+00 -7.250305342317773238e+00 -2.953468878372376150e+00
0.000000000000000000e+00 -3.133420809459756207e+00 1.048542832071579411e+01 -2.423391806251398162e+00 -9.964784950595044322e+00 2.974565510254100875e+00 5.358082687711918979e+00 3.259270309648212738e+00 -1.047604808213180405e+01 -5.729605186728642607e+00 -2.493868207568770590e+00
1.000000000000000000e+00 9.090266952694268099e+00 3.600704526352093371e+00 7.835335234975850938e+00 -2.913113083068037845e+00 -2.469999057014081068e+00 -4.297162382985637130e+00 -5.295348435477978732e+00 -3.366360467441944060e+00 -5.409750332146320950e+00 -7.679108338595707295e+00
1.000000000000000000e+00 6.745297673458559906e+00 1.770769726805027089e+00 8.457438920709245522e+00 -4.643749641459928412e+00 -1.457870347582358006e+00 -4.584930377963630121e+00 -4.381306195527129077e+00 -3.682117420405942809e+00 -4.490846900204263470e+00 -9.851352366049644260e+00
1.000000000000000000e+00 8.307810593909755070e+00 4.493994169677510087e+00 6.966042002185564463e+00 -4.393485773527886273e+00 -2.716101875235113816e+00 -4.225355322300850425e+00 -4.094428959508326749e+00 -6.103504569298883631e+00 -6.395880793135209075e+00 -7.907684595793501359e+00
0.000000000000000000e+00 -4.325777081278007863e+00 9.898667323378289140e+00 8.607204572347171290e-02 -7.431013794216159596e+00 3.833152447048760347e+00 5.270312625322697286e+00 4.522078284895504119e+00 -1.017895802004224315e+01 -6.532404695354220081e+00 -2.371684925949460343e+00
1.000000000000000000e+00 5.957062363240486214e+00 3.090279597297421077e+00 7.013628341398653099e+00 -3.178155709894917802e+00 -1.533141804154483090e+00 -4.448321424880284702e+00 -2.842527017951834711e+00 -4.486086250271299036e+00 -3.449186339804244383e+00 -8.669185972318272704e+00
0.000000000000000000e+00 -3.156230375866739379e+00 8.283702505746784794e+00 -1.932776472193065809e+00 -8.531219150650805716e+00 5.473709922826660801e+00 5.376842192850016744e+00 4.194135215790085525e+00 -9.937725740684872022e+00 -5.431796705079686483e+00 -2.497245849207101909e+00
0.000000000000000000e+00 -2.593253441539296489e+00 1.050657323541125976e+01 -1.502112989208697513e+00 -8.494549463065997230e+00 4.329068300330739305e+00 5.061846645621362661e+00 5.508937132831185579e+00 -9.951044636560759216e+00 -9.208172334474513221e+00 -3.869629101276503391e+00
1.000000000000000000e+00 7.957685572995926826e+00 3.940595120473630697e+00 7.931634902798550435e+00 -3.513129463679790732e+00 -1.876481848884787418e+00 -4.865621382853237087e+00 -3.080407043307846315e+00 -3.634137646270607647e+00 -4.439776274744456686e+00 -8.613694745363423166e+00
1.000000000000000000e+00 7.770655379388131223e+00 3.241239170619001797e+00 7.383733088979968606e+00 -3.498709387780432944e+00 -1.573280281504670475e+00 -4.159494980220315163e+00 -3.452344180111287297e+00 -3.784180748812510320e+00 -5.428593506328717844e+00 -9.477044034191957067e+00
0.000000000000000000e+00 -3.640564182310114916e+00 9.182938541494213069e+00 5.147697989128525720e-01 -9.071880205204406522e+00 4.397786459748847854e+00 5.372055919347883624e+00 4.768982839478560720e+00 -9.394695264806781410e+00 -6.756481246258539741e+00 -3.810884075210568156e+00
0.000000000000000000e+00 -3.591801647490211025e+00 1.027770901139812310e+01 -1.543100100601942026e+00 -6.791100388211335215e+00 3.446635833183999686e+00 5.045922208826691957e+00 3.282440526692398386e+00 -1.092357976087327387e+01 -7.364365468502713341e+00 -3.511344260942305340e+00
1.000000000000000000e+00 9.582699690131365244e+00 3.372563608156877724e+00 6.063147024212009129e+00 -4.069880716993605319e+00 -3.798407287777664898e+00 -4.042992144876858873e+00 -4.664296286265778413e+00 -3.511189106259039239e+00 -4.628645607686148189e+00 -8.819241818451157400e+00
0.000000000000000000e+00 -4.466057218323035372e+00 1.056793560102669893e+01 -1.522492311180841718e+00 -9.053678407428295216e+00 2.978374997759842380e+00 4.798863645026109737e+00 3.594906154167442747e+00 -1.093474396485598632e+01 -7.537494454964667412e+00 -2.547181014599354754e+00
