1.000000000000000000e+00 -9.153076316968338233e+00 6.071863087287081129e+00 -3.718416675009124539e+00 2.931640883716905677e+00 2.244998125476161288e+00 5.596361095970424415e+00 -7.032271255357782636e+00 6.504543412194696117e+00 -4.094312005334400650e-01 -2.637717575723841357e-03
1.000000000000000000e+00 -1.010713479976865870e+01 8.851294877680837558e+00 -4.754284145540975004e+00 3.383517686494103671e+00 3.668495865758315322e+00 5.514887123474101038e+00 -7.863327039840321220e+00 5.842247867783547655e+00 -1.219937746756274199e+00 1.821136636337801429e+00
0.000000000000000000e+00 -4.131815734607647173e+00 -7.776090801739551139e+00 -1.569957325722470598e+00 7.535469085431100389e+00 -7.194164895839863405e+00 -6.049316241398035032e+00 -9.188147322188958910e+00 6.152021121695518069e+00 2.277204620650465916e-01 -8.756905621526227534e-01
1.000000000000000000e+00 -9.413877592245418313e+00 7.030023256508743046e+00 -4.735983187221806112e+00 3.613900465613009150e+00 3.508573929837103034e+00 6.324282229285952184e+00 -7.950787143076986752e+00 6.109523646662639251e+00 -3.017321511450075100e-01 2.183174437729513251e+00
1.000000000000000000e+00 -8.861901099833326967e+00 8.040827085070702651e+00 -4.562073285260087374e+00 2.349221346443552072e+00 1.616646748201537642e+00 6.763370380082156963e+00 -6.053968480417990961e+00 6.865745414277482084e+00 -1.221043822928350453e+00 1.440916437805345396e+00
0.000000000000000000e+00 -3.854644636511940448e+00 -7.244927541657157022e+00 -3.063876028912507543e+00 7.805122205846203087e+00 -8.192619058843126467e+00 -4.540556038951734763e+00 -8.806843438779498712e+00 6.762816591259587007e+00 -5.712217322177761680e-01 -3.000553789614923694e-01
0.000000000000000000e+00 -5.063036249947468370e+00 -5.650474999559829570e+00 -1.220243164283441262e+00 8.929444069327933775e+00 -7.273708138377457999e+00 -6.547631778811527248e+00 -8.500133287093518675e+00 4.691807459417428383e+00 -5.260033649727877680e-01 5.758738985415290390e-01
1.000000000000000000e+00 -8.899732222988010477e+00 7.742023240959743369e+00 -4.318095037097215538e+00 2.625109661367812208e+00 2.926388208154389492e+00 6.049929371308620851e+00 -7.342276442758929100e+00 7.642583790528126642e+00 -1.187938495511738468e+00 1.392951406004160120e+00
1.000000000000000000e+00 -1.046624062550274914e+01 1.093393883804077049e+01 -3.848662407053689893e+00 3.788396710001197043e+00 2.747400920799110136e+00 5.915892154222350818e+00 -7.002437014501523116e+00 7.127398317995861987e+00 -2.109709955796227554e+00 6.498085814591766374e-01
0.000000000000000000e+00 -2.970190011152029186e+00 -6.874050615269052145e+00 -2.094614276262672270e+00 1.000211690943151233e+01 -9.873966283408101674e+00 -3.577380962122775010e+00 -9.547077321346032264e+00 6.724471077637130811e+00 -3.281658832981075857e-01 7.343391584124421279e-01
1.000000000000000000e+00 -1.021331754010642001e+01 8.101581636568615963e+00 -5.140354021228565884e+00 2.683630672128163752e+00 2.525773405793847015e+00 5.918661937804837514e+00 -7.273680110066894855e+00 5.650171242857408238e+00 -7.531560600663829153e-01 5.678621440474406201e-01
0.000000000000000000e+00 -4.824337451419521194e+00 -6.721562420198623045e+00 -1.906059305609633547e+00 7.497557816325029378e+00 -7.992870809803598320e+00 -6.428425971936965411e+00 -9.094027116443717418e+00 6.454873353541629832e+00 2.037272940005354638e-01 1.197580200020556651e+00
1.000000000000000000e+00 -8.715554547125858420e+00 8.411664444525447593e+00 -4.412207176367675565e+00 3.782340049885680955e+00 3.461141620491886783e+00 5.747803950052875699e+00 -6.635648018522383396e+00 7.288415453777033370e+00 -1.029792234039218712e+00 1.764532901703354195e+00
0.000000000000000000e+00 -4.367998447800301776e+00 -7.611525749960777354e+00 -4.627639069239763980e-01 7.879488185380306930e+00 -6.788084381082740926e+00 -5.989937777113960138e+00 -9.384286609357058495e+00 6.359688607280157058e+00 -2.862308943795095040e+00 -5.970470013423601063e-01
1.000000000000000000e+00 -9.268648711770184789e+00 9.446825039791379552e+00 -5.013459727294843127e+00 3.314877616090301959e+00 2.476627267934281562e+00 5.845214801468178401e+00 -8.018553417431315111e+00 7.307950705959533444e+00 -5.472835865475442763e-01 -5.211674323814587950e-01
0.000000000000000000e+00 -2.848838562767179283e+00 -7.755239255053889558e+00 -1.757679927375535467e+00 8.245061518799321476e+00 -6.965873299780519723e+00 -4.160422208836214608e+00 -7.505460141847340338e+00 5.012238419706040560e+00 -1.950205096272064065e-01 -1.001396067327876782e+00
0.000000000000000000e+00 -4.892901850245158002e+00 -6.232970811827424740e+00 -9.393347901906118347e-01 8.015721173661837895e+00 -7.360355850509764153e+00 -4.107344207987582152e+00 -9.392336683128563735e+00 5.689247472165811281e+00 -8.865857552264407859e-01 7.916805947602487681e-01
1.000000000000000000e+00 -9.377466011356787590e+00 7.044461113565744448e+00 -6.030006468978021061e+00 3.197518190697085316e+00 2.749367756222292680e+00 7.504023544387091960e+00 -8.572985612087471452e+00 5.943865824326273639e+00 -7.111870810602602955e-01 -2.783702926034965497e-01
1.000000000000000000e+00 -9.623242549516131561e+00 8.846952868731410291e+00 -4.609091608787571737e+00 2.843178618276175573e+00 3.917080454786030508e+00 6.714079373311998999e+00 -8.325777100538932274e+00 5.188585099432064141e+00 -1.011578564196552676e+00 3.180897836286176728e-01
1.000000000000000000e+00 -8.935699627198468775e+00 8.587696416795617793e+00 -4.063343214231344369e+00 2.917150211681421634e+00 2.282092806724880241e+00 6.452329899040964989e+00 -6.322776768903866085e+00 6.567809297453272244e+00 -1.810518405551704513e+00 -9.629435551577361085e-01
1.000000000000000000e+00 -9.742489940186276343e+00 9.177793283421452841e+00 -4.688795216916584074e+00 3.166809130911227843e+00 2.986188406003930318e+00 6.067833682626018188e+00 -7.962502444379034650e+00 6.475372535005424091e+00 1.735580222564678810e-01 -1.091749432550736421e+00
0.000000000000000000e+00 -4.230708526687628535e+00 -7.203780600730665284e+00 -1.642583854985119718e+00 7.108287138395612104e+00 -8.625449404287895305e+00 -3.917210195646303017e+00 -6.512481159972272948e+00 5.697719608050875628e+00 -1.558549520913022901e+00 1.253493157335330288e-01
0.000000000000000000e+00 -2.927293671904526384e+00 -8.199486569714514062e+00 -8.930248706674852599e-01 8.097224645796840647e+00 -8.980155990780858133e+00 -5.425390454628881365e+00 -8.906232223637411849e+00 7.400181066948028352e+00 4.687010839935465967e-01 7.202519233876816251e-01
1.000000000000000000e+00 -9.479360768213771493e+00 9.312742682127112204e+00 -5.072545627866475115e+00 3.244499285802285193e+00 2.013907772105848260e+00 6.895280796128014700e+00 -7.818410859030278104e+00 6.312527370359411805e+00 -1.177450830394985770e+00 9.251029813574147553e-01
1.000000000000000000e+00 -1.023697177790344348e+01 8.901479620363611289e+00 -4.984592938155843811e+00 3.909718533086651515e+00 3.632415570295894902e+00 6.670870053991690085e+00 -8.830317209822087676e+00 7.497820573797772781e+00 -1.019507193316490978e+00 6.936465885007292442e-01
1.000000000000000000e+00 -9.712704050560358127e+00 6.993246652430315180e+00 -4.220804974719941427e+00 3.859598350697710067e+00 2.757978477798695316e+00 6.619753302554190810e+00 -9.017396854811586593e+00 5.903516668502973630e+00 -2.763736729075059628e+00 1.267261981559530515e+00
0.000000000000000000e+00 -6.243990277961121826e+00 -7.557543584428169758e+00 -2.483230033895528877e+00 8.890019385598225909e+00 -7.060631335210604043e+00 -4.740796331848412315e+00 -8.986608605053143961e+00 7.644918689327894867e+00 -1.051945173003075773e+00 -5.750297461697114754e-01
1.000000000000000000e+00 -9.304841141380373770e+00 8.960431815106566944e+00 -4.685267837387402601e+00 3.801370886632048141e+00 2.863439475491902808e+00 8.133230343743665713e+00 -7.427543592658660820e+00 6.689448820078058411e+00 -2.350451241754908160e+00 5.031998087701132771e-01
0.000000000000000000e+00 -4.691646650435691512e+00 -5.933876179649457683e+00 1.365188785131568050e-01 7.408286918739545257e+00 -7.807990119396377438e+00 -5.682938952926646081e+00 -8.682011835853840509e+00 6.192583632656250003e+00 -1.908004227844738443e+00 -4.435030837180773400e-01
1.000000000000000000e+00 -8.667470412094004928e+00 1.038246970254361479e+01 -4.909152792737685900e+00 3.206908167786184372e+00 1.606679331783425146e+00 5.153035339438810425e+00 -8.070404649873635705e+00 6.084372440704257201e+00 -1.546409970999505612e+00 1.755621803566891792e+00
1.000000000000000000e+00 -9.864728338753259607e+00 6.946436827123609881e+00 -5.276789604411620260e+00 4.176046236472813256e+00 1.978475331563808393e+00 6.235840629218253994e+00 -7.878759762989521853e+00 6.068472017968366217e+00 -3.015147774777554579e-01 -5.521162085819932841e-01
0.000000000000000000e+00 -4.543296703208308251e+00 -5.639368541961892412e+00 -2.131926878906184264e+00 7.436007075907747677e+00 -8.759018423346477178e+00 -5.733484565718504733e+00 -8.848079453400863770e+00 5.608931784295182688e+00 3.013912927315931523e-01 2.617491454864163125e-01
1.000000000000000000e+00 -7.731501649654026309e+00 8.368182980378605862e+00 -4.578770783291372659e+00 3.770428081586643554e+00 2.714764904644438648e+00 7.849210789961596824e+00 -6.296113458989368361e+00 6.106090604740424865e+00 -1.375730494902626333e+00 -1.073856930263478171e-01
0.000000000000000000e+00 -2.652315742386166075e+00 -7.467826069177498916e+00 -1.579921955270080947e+00 9.600644819078961945e+00 -6.459535626979530321e+00 -5.411705291530786610e+00 -7.807894082572235384e+00 7.693377094255193782e+00 -1.924955103357943953e+00 1.511591392681988832e+00
0.000000000000000000e+00 -3.807511323354714428e+00 -7.258617080891450080e+00 -2.947391378164889719e-01 9.428093835363071662e+00 -7.075749104090064634e+00 -5.621318799893023410e+00 -8.670140000318991014e+00 6.708389150573610848e+00 -8.061869119648519266e-01 4.550061269665110486e-01
0.000000000000000000e+00 -4.444806112754809746e+00 -6.335916508180668316e+00 -2.776016265520476756e-01 8.439790473091195011e+00 -8.729797419275058701e+00 -6.639875378948152829e+00 -7.454125232951678726e+00 4.638200510571426349e+00 -2.365382787437813938e+00 6.976292550817132510e-01
0.000000000000000000e+00 -5.779746976636291222e+00 -8.343308239620235156e+00 -2.625696880991182924e-01 8.685797807969818152e+00 -6.618117589862247740e+00 -4.719363443693664451e+00 -7.225125744611534451e+00 5.459884137581112462e+00 -9.382438909579478015e-01 -4.084657860322060685e-01
0.000000000000000000e+00 -3.808835552815877712e+00 -8.445111551862360955e+00 -1.571993776665335130e+00 7.628991258714473922e+00 -7.964941675713632208e+00 -3.934285758131256472e+00 -8.601542467280438586e+00 7.948844804098190941e+00 -6.088525348764666223e-01 -2.018058156113917145e-01
0.000000000000000000e+00 -4.779956203243184376e+00 -8.307970905987414056e+00 -2.881817625179376563e+00 7.609708064857545473e+00 -8.091112217303340515e+00 -4.950592811069158827e+00 -9.236961840204926943e+00 5.745837123575128658e+00 -1.267734368231290265e+00 1.020937132748767073e+00
1.000000000000000000e+00 -8.569967293557315458e+00 8.395669357161073876e+00 -4.051094396038836365e+00 2.444230177782509728e+00 3.442715563621038033e+00 5.624030898952025126e+00 -6.152118380925950092e+00 6.389672245832707986e+00 -9.307637103203032503e-01 6.704465055868802370e-02
1.000000000000000000e+00 -8.893122729207627586e+00 8.444447054010499443e+00 -4.456866926272933682e+00 3.338508438673990053e+00 3.340215358552772074e+00 6.257517739818123204e+00 -8.232438104647339827e+00 5.904724043034478953e+00 -1.142412649881221265e+00 2.392194993704109152e+00
0.000000000000000000e+00 -3.306224672473841775e+00 -8.388893569979957832e+00 -9.797900269278516650e-01 8.241935068241806661e+00 -9.227024763684411823e+00 -5.837954805674049119e+00 -8.623569840041310997e+00 6.861295759373124525e+00 -3.040516528300490240e+00 -4.112603444255957807e-01
1.000000000000000000e+00 -1.022878201640414808e+01 8.425277445640702467e+00 -4.059576364604756016e+00 4.131316945291698239e+00 2.737614256920492650e+00 5.920849449657736407e+00 -6.282683481845158013e+00 5.812582673834002733e+00 -1.762419185747991612e+00 1.242969204820543183e+00
0.000000000000000000e+00 -3.653126152282256012e+00 -8.110536512546151044e+00 1.074291993725966954e+00 8.369683187879230601e+00 -7.653087038457758062e+00 -4.772546848003161202e+00 -8.641768324697320480e+00 6.914961488886585350e+00 -2.413585179148038495e+00 -3.667859533039123932e-01
0.000000000000000000e+00 -3.003632381199141221e+00 -5.385655914986836379e+00 -7.554089032195125952e-01 7.127059953082062194e+00 -7.807677109601240062e+00 -4.632739267995956034e+00 -7.098488544614691698e+00 7.425515193287445470e+00 -1.296570127138095607e+00 3.790870740811197459e-02
1.000000000000000000e+00 -8.710136948100458909e+00 7.587415780144013411e+00 -3.991377857564964771e+00 3.178721272208787418e+00 3.253333757814574678e+00 6.461368168594662009e+00 -8.265327136127799790e+00 6.474020855534396546e+00 -2.488028679760189377e+00 2.754979464141770418e+00
0.000000000000000000e+00 -5.118522890977038386e+00 -8.452399635768424346e+00 -1.787101927357974906e+00 9.242714794760148678e+00 -7.955243990044801095e+00 -6.045823340746642849e+00 -8.102618113773788266e+00 6.240145537887954674e+00 -2.994739855462534628e+00 3.391628522733598494e-01
1.000000000000000000e+00 -8.621862639652542626e+00 9.757430828025620784e+00 -6.239856406199823624e+00 2.974554745996459193e+00 2.352816828129337345e+00 6.952357704487290846e+00 -6.551438509762923523e+00 6.888961016600715581e+00 -8.366469701052776653e-01 9.185974678041688435e-01
1.000000000000000000e+00 -1.037513035205427592e+01 7.705416438886100394e+00 -6.836665083104054297e+00 2.561012928679165856e+00 3.437083388055425015e+00 6.068100962953792532e+00 -6.490570520960362799e+00 7.675839033528938593e+00 -1.300439156299896482e+00 -1.352965428872741072e+00
0.000000000000000000e+00 -3.353254944524923786e+00 -7.544960305765501474e+00 -2.561327003402001701e+00 9.166152744531069985e+00 -7.542454544916346926e+00 -4.155060174296667519e+00 -6.734778668129633772e+00 4.777163437717860006e+00 -3.073819790951685338e+00 -8.425973674623297160e-01
1.000000000000000000e+00 -1.002032415299696311e+01 7.094758613366139777e+00 -4.733698431120049399e+00 3.443516957518111710e+00 3.166788977498994573e+00 6.276645705065229564e+00 -7.729403812074457925e+00 5.371454114845210626e+00 -1.915386537218453089e+00 1.172317959453928360e+00
0.000000000000000000e+00 -4.355478697953909517e+00 -7.890552503856623545e+00 -1.117609320484528324e+00 9.109178587259100013e+00 -7.830564397958277745e+00 -4.509140855816735183e+00 -8.379081658908525299e+00 7.402570599448400124e+00 -2.766420812081871183e-02 1.211676528429579541e-01
0.000000000000000000e+00 -3.447427823916668466e+00 -7.304073077635016453e+00 -1.989043614013634720e+00 8.672596354459011891e+00 -7.618592309781278438e+00 -4.504270174917074598e+00 -9.849838775078220365e+00 6.696232386962247318e+00 -1.478794157963325029e+00 -4.680645432356649316e-01
1.000000000000000000e+00 -9.167279622809417106e+00 7.785395753495841120e+00 -3.563239341611085020e+00 3.099759260531510296e+00 2.644889919734728867e+00 4.219000601315497256e+00 -7.056963937051501823e+00 7.471088284799787260e+00 -1.488853137923254799e+00 8.933816664834806076e-01
1.000000000000000000e+00 -7.966702160135954003e+00 7.870276720166946127e+00 -4.555522372845142165e+00 3.467030120298066898e+00 2.715177932880923350e+00 5.709657380941942861e+00 -9.611479061213623609e+00 5.511080765767464307e+00 -1.538761114409127551e+00 1.775122081640836846e+00
1.000000000000000000e+00 -9.210067211146043320e+00 8.036303605581865739e+00 -4.269734409691425370e+00 4.325766840812466540e+00 3.262300714144312774e+00 7.132435126036662076e+00 -7.622885649333934310e+00 6.049121416801583884e+00 2.114266690861621445e-01 1.301755708615008222e+00
0.000000000000000000e+00 -2.735936113293379712e+00 -7.938860069176640444e+00 -1.272153760654825216e+00 6.206795445959486734e+00 -7.137465305175966002e+00 -5.384146726941930972e+00 -9.441737481826217859e+00 7.994134077709358799e+00 -3.353892762037562036e+00 -6.606961250562365384e-01
0.000000000000000000e+00 -5.427802878195317149e+00 -6.324110933628749542e+00 -2.158670897082428208e+00 8.516355746799957771e+00 -7.597669136167888304e+00 -6.177420499368267315e+00 -8.694254970822798967e+00 6.423175791131537693e+00 -2.447225114979694194e+00 5.625414748299198409e-02
0.000000000000000000e+00 -3.642197805667350963e+00 -6.731619089726556204e+00 -7.399887487381385798e-01 8.201765060194817991e+00 -8.575524759229132599e+00 -6.057424731324884348e+00 -8.474843267580897788e+00 5.818316715407921613e+00 -1.722019751022227707e+00 1.331182826326756663e-01
1.000000000000000000e+00 -1.073521657352644709e+01 7.944330154169769287e+00 -3.146972439925487919e+00 3.712150364514271050e+00 2.213500784304439861e+00 6.643394590033449454e+00 -7.893468650154280120e+00 6.624477694317346455e+00 -2.043854645622071864e+00 1.279164930414978807e-01
1.000000000000000000e+00 -9.974493268488863862e+00 8.868583908310888830e+00 -5.250016895660015059e+00 1.631220401516285667e+00 2.251471568006042201e+00 7.196080721324092266e+00 -8.559996114789859334e+00 6.172009464695115355e+00 -2.010758201842948623e+00 2.263170762627111809e+00
0.000000000000000000e+00 -2.632063433554065579e+00 -7.552121863601939822e+00 -1.148575739855584477e+00 8.380065126458513092e+00 -6.861383947361328062e+00 -2.929433593740563779e+00 -7.785109282344573778e+00 7.992574255952420437e+00 -1.445009869225893029e+00 2.097403951436371261e-01
0.000000000000000000e+00 -4.561503490234869673e+00 -7.156797094659346214e+00 -5.891103593520216064e-01 6.613909862015866281e+00 -8.544141149982708683e+00 -5.555411427962885007e+00 -7.103485946338142121e+00 5.985690390829824459e+00 -2.102108044898815198e+00 -8.088563499348632169e-01
0.000000000000000000e+00 -2.206553061067139776e+00 -6.970101042381095624e+00 -1.696103059376691702e+00 9.453730248406408521e+00 -8.024629673778280292e+00 -5.055919672116868213e+00 -9.251085139176115746e+00 5.919124063148778703e+00 -1.385554267974358433e+00 3.826445373911957493e-02
1.000000000000000000e+00 -9.297251421168414964e+00 8.610522751957812915e+00 -4.042909099519602201e+00 2.691373447654012097e+00 2.319750908213574547e+00 7.698331831672216907e+00 -6.503544267309532501e+00 5.990068539132918701e+00 -1.748616747157126561e+00 -1.737896971792113332e-01
0.000000000000000000e+00 -3.263153206773137249e+00 -8.678661690615975033e+00 -2.376210949080044266e-01 7.474317313986360567e+00 -7.373739566259573053e+00 -5.907329049336357940e+00 -8.983271010344578755e+00 5.909890323191715034e+00 -3.039714740251918457e+00 1.173661940270365855e+00
0.000000000000000000e+00 -5.095463342339961343e+00 -7.282839167886949738e+00 -1.159824710289821814e+00 7.694974830854393488e+00 -7.032727593930732546e+00 -5.946439301489676588e+00 -9.056127215848409406e+00 8.545588977220372584e+00 -1.020045641977537443e+00 -2.891630352720995778e-01
0.000000000000000000e+00 -5.131517885402274715e+00 -8.275486921914799510e+00 -7.120219445043304285e-01 8.252498841978342270e+00 -7.314130099441502608e+00 -5.489863277182635670e+00 -9.939926245025773710e+00 7.539971448317984049e+00 -2.936350095202062693e-01 7.966400304595759874e-01
1.000000000000000000e+00 -9.261765377784422881e+00 9.690253383085689620e+00 -4.697708446312685027e+00 3.434405420762339123e+00 2.962179005635076745e+00 6.398394906295262530e+00 -6.399918489416959844e+00 7.080660417692243414e+00 -2.129513652102267285e-01 -1.898242645263581441e-01
0.000000000000000000e+00 -3.707607710009328983e+00 -8.735438473890511091e+00 -1.598664716421255738e+00 9.512574532780462278e+00 -8.194220399292584389e+00 -5.242976976747517170e+00 -8.227544377715698687e+00 5.315178901647726661e+00 -3.115387277472485117e+00 -4.863620130142007891e-01
0.000000000000000000e+00 -4.668831603959554322e+00 -8.527610254496730491e+00 -2.831317838525103880e+00 8.879331224494206865e+00 -7.170806888202193363e+00 -6.401223696324450430e+00 -8.906313982666807405e+00 7.750705331962624456e+00 -2.266771462129136161e+00 3.212765113343646339e-01
0.000000000000000000e+00 -3.482986576655112465e+00 -7.636616204975957167e+00 -1.737030974399671912e+00 7.473411915105908854e+00 -8.347211388462396187e+00 -4.025376870072435054e+00 -7.361699570584818275e+00 6.922497190443218429e+00 -5.490804593954684565e-01 2.843312191217231000e-01
1.000000000000000000e+00 -8.917784116772287106e+00 7.656549029824406105e+00 -5.444556549328246398e+00 3.818189383607034415e+00 3.153160029866763026e+00 5.052162148624647742e+00 -7.776143340738297383e+00 6.225564818733690942e+00 5.771083285575715482e-01 1.315627513274414184e+00
0.000000000000000000e+00 -3.712326412391808717e+00 -8.808033665580232707e+00 -1.988812212384978739e+00 9.210702908296436675e+00 -8.768828629607622105e+00 -4.355333786675656960e+00 -8.360988588669128418e+00 5.789518663437697832e+00 -1.231497284365355105e+00 6.691352057853769963e-01
0.000000000000000000e+00 -1.420998933405997811e+00 -7.678362841334029909e+00 -6.430509102939547805e-01 8.225475692954832496e+00 -8.493104623724388347e+00 -3.528963146077937374e+00 -8.309614571255668380e+00 6.837880698316477712e+00 -1.587663345378405033e+00 1.299363744883480942e+00
1.000000000000000000e+00 -9.082890014650276456e+00 8.075302878141703999e+00 -5.345576066233250323e+00 3.148038812317497825e+00 2.041283649452151572e+00 6.079752557517507761e+00 -6.357860451163030113e+00 6.423150386654278954e+00 -2.415456624510945005e+00 2.892190363239910411e-02
0.000000000000000000e+00 -5.307097841022065943e+00 -5.852575018185548927e+00 -1.769428325899888854e-01 7.321080700420099951e+00 -7.678499807051167636e+00 -5.221844876037646799e+00 -9.453100641555602479e+00 6.641486643807787082e+00 -2.278705882262443971e+00 4.861916008509692411e-01
0.000000000000000000e+00 -4.075596740855854883e+00 -8.560987691118441489e+00 -1.976790728942691810e+00 7.525603621859112025e+00 -6.428503267579263714e+00 -4.255321451730992521e+00 -8.919824185944829509e+00 5.445444592915148263e+00 -7.137161502412397995e-01 -8.602636872300921667e-01
1.000000000000000000e+00 -1.106868102927668929e+01 7.941320907355549075e+00 -3.623605820742867412e+00 3.526983903349129701e+00 1.575750547870505835e+00 6.954721320759597702e+00 -8.149016900430277488e+00 5.863750333318152208e+00 -2.137996992185450473e+00 9.189832848318832959e-01
0.000000000000000000e+00 -3.316646952986834762e+00 -8.103941257499270634e+00 -2.751793165554782261e-01 7.291594212458208268e+00 -7.366723953350735599e+00 -6.301986715384983562e+00 -8.486890347345159569e+00 6.335585588927368228e+00 -1.745795488046645527e+00 4.961508430431400829e-02
1.000000000000000000e+00 -9.764485265150332438e+00 8.165325390151183527e+00 -4.371104221838827186e+00 2.739956207859426840e+00 4.258430594564117655e+00 6.304780423610822027e+00 -7.088592909020453803e+00 5.943991311049678927e+00 -1.558290631051277852e+00 2.018503786319008952e+00
0.000000000000000000e+00 -2.756359597281355711e+00 -6.750954874839004916e+00 -9.268399556276949447e-01 1.008306538331439484e+01 -7.775300416046437846e+00 -5.966480722797761871e+00 -9.789479037699917896e+00 4.595423716927449220e+00 -1.680033099658712281e+00 -1.559180577751672736e+00
1.000000000000000000e+00 -8.722544999710358127e+00 1.006641075383212325e+01 -6.264696369038317947e+00 1.141102329397010173e+00 2.632158974228544945e+00 6.364386139121582353e+00 -7.693788560605995919e+00 6.696785487957045646e+00 -1.647071403532217593e+00 1.718045708658429316e+00
1.000000000000000000e+00 -9.714842702175653599e+00 8.881214770745907927e+00 -5.504670934464385823e+00 2.829493991412832976e+00 2.305015665190117247e+00 8.010367599406286843e+00 -8.083442788430925674e+00 6.558856370443193917e+00 5.305453421712238438e-01 7.345722695594530949e-01
1.000000000000000000e+00 -9.116967261889529439e+00 7.431961481380013446e+00 -4.893946045969569170e+00 4.059437676381791427e+00 3.486807658073298288e+00 7.748053357476054614e+00 -5.386453906730543473e+00 5.906424477827672881e+00 -1.262997201014746773e+00 3.116878764759055898e+00
1.000000000000000000e+00 -1.014995809035061392e+01 8.083621307873254835e+00 -5.487098501997532907e+00 3.448491506577401999e+00 3.244549275652511167e+00 7.067572858666427038e+00 -7.325634929000004014e+00 6.054979301972179151e+00 -7.763214645762965826e-01 2.671401577824393136e+00
1.000000000000000000e+00 -9.781356827815795185e+00 9.630931818617417761e+00 -5.332182556432687015e+00 2.942087434940001689e+00 2.637928275727900562e+00 7.884917202490905552e+00 -6.428081547924603179e+00 5.549673178860738076e+00 -2.411256899271087661e+00 7.310167170094276079e-01
0.000000000000000000e+00 -3.259694317867809943e+00 -7.602505763185830823e+00 -2.205809531277442836e+00 7.422750882320330312e+00 -7.800079741285480317e+00 -4.731790045231758945e+00 -8.858569485295898716e+00 6.108135110594914430e+00 -2.309219181293546974e+00 -2.224456053085266394e-01
1.000000000000000000e+00 -8.584860266840836474e+00 8.422123367956499962e+00 -4.512729919476733187e+00 1.583989903392042597e+00 3.576956906633021571e+00 6.167940354409726211e+00 -7.176584911209424433e+00 5.855042404958314961e+00 -1.782002669146430573e+00 -1.817648412132637503e-01
1.000000000000000000e+00 -9.454512589005592105e+00 8.352462292103705721e+00 -5.465984852377617997e+00 3.986842634578506406e+00 2.015013330638213418e+00 4.116807694045137467e+00 -6.354639972204281229e+00 6.285503568655201434e+00 -1.503861289266780865e+00 6.789009645160927198e-01
0.000000000000000000e+00 -3.599662767488338133e+00 -6.716749084814585657e+00 -1.639583467453785470e+00 1.046342050249806199e+01 -6.758743390150055319e+00 -4.542404545428047058e+00 -7.560734315558740981e+00 6.113660341512063390e+00 -1.088460010434812997e-01 -2.404608448317467340e-01
0.000000000000000000e+00 -2.015870268704810009e+00 -7.614558920318485136e+00 -1.666783167940537602e-01 7.395329646208681496e+00 -8.010264958267299562e+00 -6.656437671275308610e+00 -9.146221517285484381e+00 9.348453002537446821e+00 -9.777204641227920101e-01 1.267578805234567785e+00
0.000000000000000000e+00 -2.354767305631105145e+00 -8.148810922751456687e+00 -1.195460995544859850e+00 6.004310451329200049e+00 -6.830421737726519282e+00 -5.373820584205221351e+00 -8.120608128079796373e+00 6.560742994922430071e+00 -2.115675389827381458e+00 -1.215511270776605368e+00
1.000000000000000000e+00 -9.110321692544381733e+00 9.550136078140731399e+00 -4.262014833332559149e+00 3.714379024986461886e+00 1.903683308183100387e+00 7.760503193627369178e+00 -7.215252324658695926e+00 5.013764212308647217e+00 -2.744283885961530167e+00 1.178789056558587900e-01
1.000000000000000000e+00 -1.012516352704295564e+01 7.690722892410342126e+00 -3.360043077411916990e+00 3.882187810101394909e+00 2.334209593723691967e+00 8.230055360336409720e+00 -7.176468477741064333e+00 7.178594056005779045e+00 -4.068886627841528103e-01 4.677324827386988293e-01
0.000000000000000000e+00 -2.747023348191658165e+00 -7.571358360300020962e+00 -9.625727605893585892e-01 8.221861741804046275e+00 -7.534606194795025580e+00 -4.959771146214131399e+00 -8.646568163809282836e+00 5.786054782583359923e+00 -1.036543142505425008e+00 -3.988641920738787983e-01
1.000000000000000000e+00 -1.055072785578541250e+01 9.112176746011597217e+00 -3.617180326338159446e+00 3.603478930199955244e+00 2.731726801168852248e+00 6.443278789179307964e+00 -8.365780463638698095e+00 5.740041723773089188e+00 -2.162556391904217890e+00 4.707195302342367382e-01
1.000000000000000000e+00 -9.907967161432702952e+00 8.734074365521975025e+00 -5.037800604145042271e+00 3.761684306369952324e+00 3.114742710288470384e+00 8.468172433273400301e+00 -7.504082478853872473e+00 6.436837876328353580e+00 -1.033942102036533139e+00 1.470077137068359185e+00
1.000000000000000000e+00 -9.000130251726590203e+00 8.743279527222222569e+00 -3.575248562927761498e+00 3.209632960924269085e+00 3.015736232294949470e+00 7.355671967038086123e+00 -5.914717530292049830e+00 6.886888021396880610e+00 -1.825160967268394163e+00 -1.841595195690117759e+00
0.000000000000000000e+00 -4.447885268427577365e+00 -6.926367457884110124e+00 -1.545004115421662716e+00 8.507222242153657632e+00 -7.259516666933739870e+00 -4.234373286285801896e+00 -8.470041702480134660e+00 6.147716766921430320e+00 -1.383326956632610072e+00 -2.855823444104548248e-01
