1.000000000000000000e+00 -5.764524700451580941e+00 6.286351858111956403e+00 -2.904691422678005619e+00 -3.565707945927438338e+00 2.486391960632924558e+00 -4.526338621100631232e-01 2.827482096193159933e+00 5.119753191032341277e+00 -4.283884770061356373e-01 2.888408690306318860e-01
0.000000000000000000e+00 1.875792517601373444e+00 3.073486015817812889e-01 9.402788824440748705e-01 3.268840596213571814e+00 5.351071592828364309e+00 -1.857202245385353834e+00 1.591066165839347679e-01 -2.974522997571099836e+00 -4.187232869329470475e+00 -1.476416660199666442e+00
0.000000000000000000e+00 3.306966670843402678e+00 1.704875157612473657e+00 1.703988732742609313e+00 1.993415943326429129e+00 3.800139094514181970e+00 -1.019449670001202346e+00 2.661750668722282498e-01 -1.098986401429489002e+00 -1.867894287045240409e+00 -2.714152725161603996e+00
0.000000000000000000e+00 2.751732084563202729e+00 1.503590507008242261e+00 2.679348005944795386e+00 4.490497325545289797e+00 5.014742591206545086e+00 -1.174223671394200474e+00 -3.544375825532423141e-01 -1.712513420263060082e+00 -1.664592609677673085e+00 -2.344167987819620880e+00
1.000000000000000000e+00 -2.647042141224066114e+00 5.960947687297323050e+00 -3.328939479647816668e+00 -3.253630046819135924e+00 3.275665393827383198e+00 2.886303849889320094e-01 6.171747804582512487e+00 4.693516571558277839e+00 7.779945882882478569e-01 1.606321465202235288e+00
0.000000000000000000e+00 2.742633028549589014e+00 -2.851728500479513428e-01 4.439920894742660273e+00 4.478187255753732998e+00 3.586541893158403216e+00 -6.903205356293105055e-01 -5.599901890903374868e-01 -9.548958915087442101e-01 -2.823984844723540721e+00 -2.487557751100609948e+00
0.000000000000000000e+00 2.527117876505493577e+00 1.087220901501587678e-01 1.745903218162689230e+00 4.212506328356966812e+00 3.961566631859850585e+00 -4.287276290820289382e-01 -8.443822941845974261e-01 -3.158896418415941376e+00 -2.175331891517379823e+00 -2.406201542987508990e+00
0.000000000000000000e+00 1.547799568232481437e+00 8.363444483475911406e-01 2.231120472259295884e+00 3.674801710579276293e+00 6.073313521767256695e+00 -5.622943699917107852e-01 6.403856446442033334e-01 -1.007693443493994367e+00 -1.705615864357791223e+00 -1.249517010566268294e+00
1.000000000000000000e+00 -4.694292169790494462e+00 6.160158621199641971e+00 -3.096023856076963732e+00 -1.558523184553229024e+00 3.530207118809084221e+00 -5.806894110222912131e-01 3.563571861993921619e+00 3.464743025871883653e+00 -7.947073124653585285e-01 2.411466179281090305e+00
0.000000000000000000e+00 2.280486183511583498e+00 7.853902707845283881e-01 2.510479705352932189e+00 3.344632378627894198e+00 5.157394859005152377e+00 -9.056533580885501866e-01 -8.702693674637296262e-01 -1.857199632579698445e+00 -2.493369940817778740e+00 -2.302071170381332355e+00
1.000000000000000000e+00 -5.591535734127149659e+00 5.026232710230345013e+00 -3.698244152703745069e+00 -1.794660035500053930e+00 2.987959505400837656e+00 -1.466235274094700891e+00 4.358460477063094807e+00 4.600134286529978134e+00 1.331737063995269255e+00 1.663570517872867249e+00
0.000000000000000000e+00 1.719421552294252198e+00 1.568933357875711421e+00 2.526484430868744635e+00 5.040348835013921835e+00 1.788080152980945137e+00 -1.054057842471750828e+00 1.585843202555688336e+00 -2.177744325948294257e+00 -1.409847736690454489e+00 -2.679971363116773198e+00
1.000000000000000000e+00 -4.862294839705635141e+00 4.273096853351485258e+00 -3.202546811115568381e+00 -4.033658819386929828e+00 3.810163746769344328e+00 -3.476956808481235228e-02 3.645344906878986713e+00 2.660655088494787268e+00 -3.535878698626623295e-01 4.562723264886482388e-01
1.000000000000000000e+00 -3.822612283760237872e+00 4.023073246595257224e+00 -2.578078111908788106e+00 -4.500857151320052374e+00 2.633147949150225209e+00 -2.444905535032519062e+00 5.154045226731698293e+00 4.856886086262533375e+00 6.294886481773668274e-01 1.052578331634180575e+00
1.000000000000000000e+00 -3.247520263199485058e+00 4.278227371367195886e+00 -2.271786964698796041e+00 -2.389162168325720259e+00 2.611700974371062856e+00 -1.619848773327446256e+00 2.742421891331865424e+00 5.441764355144238507e+00 -2.579371596307453274e+00 3.590585894059628913e+00
0.000000000000000000e+00 3.165062858737615503e+00 8.165438526035770916e-01 1.681803672994377941e+00 6.322050894657866849e+00 5.741012978313053239e+00 -4.880139903839515458e-01 7.150824732968519282e-02 -7.651689822881728720e-01 -2.441430030147140773e+00 -2.003436458032931800e+00
1.000000000000000000e+00 -3.491230761762189161e+00 5.529772619738547945e+00 -3.427481310847761975e+00 -3.539619612031515317e+00 3.683125075149303207e+00 -4.063113408879872046e-01 3.599707265211335994e+00 6.380146178452359429e+00 -7.635571759712098672e-01 -4.691501183943751485e-01
0.000000000000000000e+00 4.752970053051035038e+00 3.342134843539542044e-01 1.470387070634232352e+00 3.404021927837935557e+00 4.125968710763697089e+00 -2.307390296727132917e+00 -6.099166340904698114e-01 7.012941801552985410e-02 -1.851982259737566805e+00 -2.988388121951008891e+00
0.000000000000000000e+00 4.342210795476110441e+00 -1.527113035808280728e+00 1.521695780845629731e+00 1.960358820188070617e+00 4.163856084570598526e+00 -1.492337083949063725e+00 -1.159115895417093034e+00 -2.994740816730468769e+00 -3.170813366465152772e+00 -1.345229781104167577e+00
0.000000000000000000e+00 1.702374600991659381e+00 1.636301298239627444e+00 2.677411462605852943e+00 5.007100269052534358e+00 3.869406593896343782e+00 -6.959993508993407296e-01 -1.281686872148207090e+00 -1.671916733729204907e+00 -3.531822989895834208e+00 -4.158709399128679429e+00
1.000000000000000000e+00 -4.878906430300104624e+00 3.302590530215579356e+00 -3.665168192453752916e+00 -3.027544308172211096e+00 1.069990595149375778e+00 -1.421288430715711426e+00 5.007856313714547980e+00 5.441702475200813183e+00 7.488815654821285861e-01 9.588323929439388493e-01
0.000000000000000000e+00 1.634485649097970006e+00 4.375016275025431223e-01 2.838940193842558468e+00 5.596794591772369820e+00 4.174109267444754856e+00 -1.242998416339784473e+00 -1.744278683082894466e+00 -1.921641268082592502e+00 -2.937404260032475900e+00 -2.638500223535798384e+00
0.000000000000000000e+00 1.366398182793610694e+00 -1.020274096609024461e+00 4.622486409634144700e+00 4.208461507918961786e+00 4.490608637074340770e+00 -1.307725719260133923e+00 -8.960190974959587606e-01 -2.287639301495065780e+00 -1.722944740416338716e+00 -1.550852318244040795e+00
0.000000000000000000e+00 3.228058784758826683e+00 6.967048141905544112e-01 2.617064917355387710e+00 5.151428643055725232e+00 4.071750787709287778e+00 -2.525988411550401214e+00 -2.848183133949924617e+00 -3.888350786973360229e-01 -2.827525041897792413e+00 -1.288146206326205689e+00
0.000000000000000000e+00 2.200981053750518335e+00 1.132788208076601855e+00 2.224979978662405600e+00 4.866367485855921160e+00 3.570241494916040814e+00 1.823753638386013787e+00 -2.110097608737895314e+00 -1.852547094375962100e+00 -1.620585105649329005e+00 -1.263683583505012642e+00
0.000000000000000000e+00 4.131100786603350006e-01 4.647387677835853603e-01 3.362147844801447238e+00 4.243369853643424783e+00 2.843603815904509613e+00 -1.288130430178507257e+00 -2.486019361114383486e+00 -1.778088763902310188e+00 -1.639307488982528760e+00 -2.898723119785986402e+00
1.000000000000000000e+00 -3.778333228425911017e+00 6.479167486237158435e+00 -2.338056048561868216e+00 -3.649656996558584332e+00 3.799616077710941564e+00 -1.363923370569000815e+00 6.136595705185277083e+00 2.810361245462881463e+00 -4.972246677531536041e-01 1.401156504784942580e+00
0.000000000000000000e+00 1.389244915494457278e+00 -2.065672651302407070e-01 2.601074187008655336e+00 4.716986866920160004e+00 3.282300766978811346e+00 -1.323077278125190048e+00 1.491307545756459074e+00 -1.490505648449322873e+00 -3.829626659901204100e+00 -3.108364612192616505e+00
1.000000000000000000e+00 -5.038584907005467350e+00 5.083857349140828319e+00 -2.725099134942768675e+00 -4.653292292772548855e+00 1.800598580252956049e+00 -1.147081651833597338e+00 5.079192411368643967e+00 2.401029967360293504e+00 3.377812143389269384e-01 2.371165852895570580e+00
1.000000000000000000e+00 -4.113203960675278381e+00 5.075092025984138111e+00 -2.362199766542054213e+00 -4.577686293489808378e+00 4.302384647199380296e+00 -2.038149530431859091e+00 4.291376227430945711e+00 4.535072045342628755e+00 -3.361025639538450238e-01 9.453168286612836368e-01
1.000000000000000000e+00 -4.956436160069698005e+00 4.936215958199729137e+00 -3.392873028308633021e+00 -3.823288229009055517e+00 3.714459141484313776e+00 1.474427045529242974e+00 4.070874088837280524e+00 4.194080119808468510e+00 4.974938797969453708e-01 2.063236277642389371e+00
0.000000000000000000e+00 4.941105445417759423e-01 2.460521928722403384e-01 2.472929799304886878e+00 4.494480161955828557e+00 4.701141303069201527e+00 -1.021509022915608522e+00 -9.812801311233116941e-01 -2.230938423045624397e+00 -1.160801530973563089e+00 -2.042459876726213874e+00
1.000000000000000000e+00 -3.762798314113027232e+00 4.382353116982982577e+00 -2.702729732666596885e+00 -2.479056989267384825e+00 2.422538719012338415e+00 -2.278182704948174209e+00 5.247497177089089249e+00 4.101335526356589156e+00 -1.645417422604558366e+00 2.310423032052821402e+00
1.000000000000000000e+00 -3.484546921920467444e+00 4.984196859162345561e+00 -3.593950227782667373e+00 -4.249284234265259030e+00 3.681441955650266884e+00 -9.187911410212243890e-01 3.790451311352471375e+00 3.297942056297475055e+00 -1.351092250041359577e+00 7.587818407102108198e-01
1.000000000000000000e+00 -4.330667674186045701e+00 4.928619962852657466e+00 -5.176825337612143585e+00 -4.049084184522509844e+00 4.946238748584801392e+00 -8.322263468749200310e-01 3.013113909906202537e+00 4.806345268729019793e+00 -8.805604882709520964e-02 3.344049686728853388e+00
0.000000000000000000e+00 1.473041089441483820e+00 -2.416449344678656130e-02 4.072604305375822520e+00 3.625225737518103841e+00 5.250224339213950486e+00 -5.084409581347701934e-01 -7.072189935407028338e-01 -1.027713793927619745e+00 -1.924993812804814519e+00 -1.524459122351429663e+00
1.000000000000000000e+00 -3.024102118280177720e+00 5.358310669787330838e+00 -3.678078228340011968e+00 -2.484278262168932550e+00 3.831831329496191429e+00 -5.770079262321162750e-01 5.235388185473485834e+00 3.582694665795926436e+00 -2.033848496472831169e+00 -1.280687685641623830e-01
1.000000000000000000e+00 -3.912877221514328596e+00 4.470051390871334185e+00 -2.986048424818906089e+00 -1.359360984699506059e+00 4.503981779011176023e+00 9.414318179490521743e-02 4.724736700613302531e+00 4.516322165623813056e+00 -1.120388928352693325e+00 -7.654013852654419914e-01
1.000000000000000000e+00 -4.915113771739750170e+00 4.732659261613831880e+00 -3.981877543132527730e+00 -1.639894076069135842e+00 4.574368995991269671e+00 -2.613349046126036690e-01 4.420991964566085564e+00 5.692335443842905462e+00 1.200621778543876195e+00 1.226470582886061145e+00
0.000000000000000000e+00 2.684269834781582986e+00 -1.376853668711009115e+00 3.557977239178021112e+00 5.116404023706888182e+00 5.439929849984179278e+00 -1.948122205470691481e+00 2.022423372282426968e-01 -8.368693306055378089e-01 -7.908037423031577529e-01 -3.902808136449042564e+00
0.000000000000000000e+00 2.232287451800533340e+00 -1.400932650244727240e-01 3.983809074445243237e+00 5.481393167504955422e+00 5.064555245692816676e+00 -3.238073621654990464e-01 -1.309416137481388187e+00 -2.415296039146721530e-01 -2.844375797661417238e+00 -2.671059073311057297e-01
0.000000000000000000e+00 2.407633999533270064e+00 6.181440965715491176e-01 4.293272736769884190e+00 5.793201021556686925e+00 3.492661492766087061e+00 7.603128834263150893e-02 -1.894475251007332828e+00 -1.457260925769289006e+00 -2.724523888800717941e+00 -2.051193796009482373e+00
1.000000000000000000e+00 -5.768063307976936116e+00 3.531761081048646833e+00 -2.800109553208559365e+00 -6.379470196051721942e-01 4.031848743734216534e+00 -1.836096878520393050e+00 3.417523858679822446e+00 3.899226059732826322e+00 1.141062584364223254e+00 1.766015091816620863e+00
0.000000000000000000e+00 3.039353077314230767e+00 5.851709325875269485e-01 1.835691668730648374e+00 4.560298085294963499e+00 2.563131910719168793e+00 -2.606592404852152711e+00 -5.532256977345944016e-01 -2.611054672549189437e+00 -1.485906288307751844e+00 -2.664264525836770758e+00
1.000000000000000000e+00 -4.335412251531828964e+00 4.165284975175413962e+00 -4.506180750171957072e+00 -2.584498357045068584e+00 3.436147356115474949e+00 -6.234921143960826528e-01 3.361425091815563704e+00 4.523918126862073841e+00 -1.392999143818002938e+00 6.288178128466554995e-01
0.000000000000000000e+00 3.018419983800321837e+00 1.067831990561441957e+00 2.282681294307880915e+00 4.222900249980884091e+00 4.619335603533954782e+00 -1.612188035292808630e+00 9.445807385991287219e-01 -1.849729098724477216e+00 -2.482036307873469738e+00 -2.885168582166309559e+00
1.000000000000000000e+00 -5.315725478850160002e+00 3.704551370422415335e+00 -2.678901646871064912e+00 -3.840078140897115855e+00 4.538247224208532771e+00 -8.930431813114869666e-02 4.283633493869526632e+00 3.579591041699023979e+00 -2.541334756819113583e-03 1.020536117787269825e+00
0.000000000000000000e+00 3.091009411680270436e+00 -1.517545935105953925e+00 3.120458400821320311e+00 3.427998556487591220e+00 5.390711303393283416e+00 -1.049435138510810273e+00 -7.575149831834115943e-01 -3.633667692907262659e+00 -2.110451367661094757e+00 -2.614581931171673368e+00
1.000000000000000000e+00 -6.302390832991788372e+00 5.470657870447420024e+00 -3.591230179859631555e+00 -3.693551205387854530e+00 4.435823903185187156e+00 -7.266540879495733130e-01 3.874676624737952935e+00 3.335791401657473454e+00 6.083309537783754273e-02 9.454915499085050357e-01
0.000000000000000000e+00 2.538445566893449357e+00 -4.282901311107529807e-01 2.304834303119262628e+00 5.146707047693060311e+00 3.216869051849577943e+00 -3.035474644912214526e+00 2.163371545023469178e-01 -8.792231083073840381e-01 -2.749833734657904039e+00 -9.176150059140650850e-01
1.000000000000000000e+00 -3.688585226418511276e+00 4.154367214029083044e+00 -3.883911114572244472e+00 -2.232745842091834909e+00 3.960850930563178274e+00 -1.150830609350017575e+00 3.879726946570110080e+00 4.231438354892753217e+00 -2.803672776907726316e-01 1.818250473152936753e+00
0.000000000000000000e+00 2.968948847379936584e+00 1.274345980817802593e+00 3.762627824960970813e+00 2.784391206343727720e+00 4.508817390991748830e+00 -3.442065305539909192e-01 -1.784678298530912866e+00 -1.964401958036616325e+00 -2.888964095324857428e+00 -3.048752017264839687e+00
0.000000000000000000e+00 8.688863162458502210e-01 -1.467387521800333161e+00 3.478265871232206763e+00 4.069401960707569543e+00 5.762548871267899386e+00 -7.639921325507861294e-01 -1.176201780656506379e+00 -6.543107717398338741e-01 -4.501330063558475203e-01 -2.752894677461281692e+00
1.000000000000000000e+00 -3.855295083553911706e+00 4.091501029016635371e+00 -1.451721950904771852e+00 -3.111571523460701538e+00 3.384957521944095049e+00 -1.353330785033107553e+00 3.343439001332961347e+00 4.266468810735585038e+00 -4.299076635041388927e-01 5.349576020881453564e-01
1.000000000000000000e+00 -6.809276800426406595e+00 5.162790118100542003e+00 -3.858317244525900858e+00 -3.311966784447164081e+00 2.505669288596028110e+00 -1.570478005586966930e+00 2.352444699800273487e+00 4.374985645827986325e+00 -3.059010473005203679e-01 3.829528781664500725e-01
1.000000000000000000e+00 -5.730180201157350162e+00 5.357676175538049534e+00 -1.348455583099882116e+00 -2.673148844986308781e+00 3.808053911641256395e+00 -1.013415227781534256e+00 2.644353887070759690e+00 4.661084028015365810e+00 -1.154426135159827282e+00 1.215719489176527723e+00
1.000000000000000000e+00 -5.696620525733520068e+00 5.914672836832711944e+00 -3.057637105614491979e+00 -2.401315849905071964e+00 3.226128536242826250e+00 -8.427370895382388927e-01 4.640615874049112577e+00 4.786301073946215290e+00 7.705490699029833579e-02 1.874654258647867611e+00
0.000000000000000000e+00 1.858375566057503647e+00 1.279375779169152905e-01 2.211269777311752005e+00 4.592463417330732156e+00 5.278017865154368771e+00 -2.984609297745924206e+00 -1.078232528276663604e+00 -2.200061638286079813e+00 -1.076384465034968319e+00 -2.952822042480964804e+00
0.000000000000000000e+00 7.891945218858347211e-01 1.058974078084600201e-01 1.648852471045890722e+00 4.162098161939783658e+00 4.852991619803280976e+00 -2.154826769569194056e+00 -1.746314163999340696e+00 -2.499927223041800151e+00 -3.075453939718029162e+00 -3.516806043289938621e+00
1.000000000000000000e+00 -4.538564717473129839e+00 4.823293067391387190e+00 -4.212902092458242542e+00 -3.510684668805199582e+00 3.057220571917493412e+00 -1.577782713137883208e+00 4.055844430850671145e+00 2.662190031413338431e+00 1.444084386548694643e-01 3.106281681857443466e-01
0.000000000000000000e+00 2.401162827653880338e+00 1.157176481621225994e-01 3.620823282200378301e+00 3.843520481602745953e+00 4.604755397319795662e+00 9.551799792305051273e-01 -1.107776817845963491e+00 -2.866116399315679963e+00 -1.103366055540574209e+00 -1.345811825747259327e+00
1.000000000000000000e+00 -5.871191701524469231e+00 5.456738463336566980e+00 -2.274670771581116302e+00 -3.549050912368016952e+00 2.501522704119174545e+00 -2.455191051146537351e+00 4.407959537872025102e+00 4.850287929237644846e+00 -6.808801985006349700e-01 -2.942623038536429370e-02
1.000000000000000000e+00 -4.057822492987112284e+00 4.702534667795886136e+00 -3.225131910403633562e+00 -3.606127097545429372e+00 5.928466553729193400e+00 -1.864965382798336124e+00 4.700881985868483603e+00 5.923402213273007533e+00 1.044064188179648189e+00 1.158178764543371209e+00
1.000000000000000000e+00 -5.689395299021676067e+00 5.559537999677830022e+00 -1.694601146643674117e+00 -3.163739502119393698e+00 4.636450473105597325e+00 -3.518587475701920320e-01 3.628391064277702416e+00 3.189400281356286726e+00 -2.711413253208677654e-01 2.413537872695863840e+00
1.000000000000000000e+00 -3.499600547829547992e+00 6.311443525400294519e+00 -3.340011965517486470e+00 -4.778986007047514306e+00 2.110517256174057721e+00 -2.211996395981573049e-01 2.204059254289229663e+00 3.281870145420687557e+00 -2.481400833426420094e-01 1.554846958622698949e+00
0.000000000000000000e+00 3.354807408901499421e+00 4.741461971292063038e-01 2.500147300014413432e+00 4.468984882725643537e+00 5.061108570568320530e+00 -9.298179586586321488e-01 8.867835453394206091e-01 -1.407495356689360877e+00 -1.512818800030114819e+00 -8.931990720741955769e-02
1.000000000000000000e+00 -5.525453909636953043e+00 5.971479212945498993e+00 -2.739951492304014025e+00 -2.515965842286141729e+00 3.821527009761168436e+00 -1.393864366661421883e+00 3.913233101876188780e+00 4.799706523466924502e+00 -1.432746998861109677e-01 2.047356772061712071e+00
0.000000000000000000e+00 2.782088098885580063e+00 -1.533553564831279026e+00 1.802339945246141939e+00 6.114868379780615371e+00 3.594752426986419280e+00 -5.489539586059339893e-01 9.102988897272512592e-02 -2.254692023493425346e+00 -1.853792724948215564e+00 -5.935778981014687705e-01
0.000000000000000000e+00 2.888931645609867260e+00 6.684300026977276765e-01 2.708177709586845339e+00 5.003524932818077531e+00 4.442318079305104916e+00 -3.869186651426371193e-01 -1.295587125687028163e+00 -1.014372682326335262e+00 -2.377945609095833746e+00 -2.210408279886300953e+00
0.000000000000000000e+00 1.872084258739353357e+00 3.580313961769228115e-01 4.529381268704465668e+00 3.226316234163837393e+00 6.221939275142556625e+00 -1.932133129956973283e-01 -1.549096739767185094e+00 -1.846000272592769553e+00 -1.940261527447648904e+00 -1.335265256498511022e+00
0.000000000000000000e+00 1.572798134416232063e+00 1.349200097943467291e+00 3.178106884380689667e+00 4.346802494319270238e+00 4.923114647991728710e+00 -9.542482003416832281e-01 -8.638812362874136452e-01 -2.087421207517868194e+00 -2.847573811198144789e+00 -1.991378287065981967e+00
0.000000000000000000e+00 1.925019834378487671e+00 -1.703271573269093953e-01 1.812558712540919270e+00 4.089573148842114314e+00 5.556885395807984018e+00 8.149403432758302035e-01 -4.748100095721388136e-01 -1.965861976093816743e+00 -2.742444646483739312e-01 -2.346202943787713657e+00
1.000000000000000000e+00 -4.115233089784459786e+00 6.437689657008150768e+00 -3.361392314751475041e+00 -2.961638438107442095e+00 2.930695352720895652e+00 -1.128599770630421384e+00 3.689647750068488996e+00 4.354508385176286467e+00 -1.534271028066798159e-01 2.381917331443347940e+00
1.000000000000000000e+00 -4.530572728897110046e+00 3.429312253002803956e+00 -3.507179292372397228e+00 -3.714635072728737164e+00 3.703889296370195261e+00 -5.526264061518303405e-01 2.811784425560316159e+00 2.320911569559936716e+00 1.386893732464877571e+00 1.238402418885362177e+00
1.000000000000000000e+00 -7.132672966796071989e+00 5.384877587525924270e+00 -2.266499706148320747e+00 -3.250635813403630170e+00 5.476085633298503730e+00 8.055071870210162022e-02 5.242409163807573158e+00 4.661000126344727157e+00 -2.918942816450925126e-01 -1.055837571784432161e+00
1.000000000000000000e+00 -5.424610369236120277e+00 3.372991763848847135e+00 -3.693045934893377513e+00 -3.509647849908254180e+00 3.861880781291838538e+00 -5.772625129035494629e-01 6.613245746905755951e+00 3.328197753325086161e+00 -1.609938058942293471e-01 1.683540282891502038e+00
0.000000000000000000e+00 3.637169184120922605e+00 1.857648437077275005e-02 1.687332480573758842e+00 4.258480673973970454e+00 5.790751194301728688e+00 -7.229752397839450673e-01 -9.678837985951602718e-01 -2.893077259748852992e-01 -2.513801026862976684e+00 -2.177921102329849923e+00
0.000000000000000000e+00 1.656098287296901894e+00 7.787491827048661497e-01 2.922916362694587988e+00 4.857125338436539153e+00 3.892178649338761787e+00 -9.584781236212618349e-01 -1.072776229268738390e+00 -1.436070394216808488e+00 -2.471236985718094914e+00 2.200392830185524673e-01
1.000000000000000000e+00 -4.201610833100684061e+00 2.974790215865158238e+00 -5.904080727031345788e+00 -2.588043190599308652e+00 2.097690711855070944e+00 -2.594081972215795062e+00 3.681634358483615088e+00 4.691386487135742911e+00 4.475759436444841366e-02 1.526433633195687367e-01
1.000000000000000000e+00 -4.229812917926218496e+00 4.507186534299812308e+00 -1.763843548329892208e+00 -1.771540630699516283e+00 4.309295502618709861e+00 -7.306675985041175547e-01 3.628530042109243681e+00 3.676014767619331547e+00 6.700025717305593265e-01 1.638367634706615172e+00
0.000000000000000000e+00 2.832085048061950605e+00 5.692203163918544417e-01 4.175198346311148612e+00 3.958797336181009374e+00 5.536216857715931638e+00 -9.358941539230249962e-01 4.922278244636713040e-02 -2.044785853204007076e+00 -1.625614543167040793e+00 -2.785528570872977561e+00
1.000000000000000000e+00 -5.128369066095110895e+00 5.969974170474099395e+00 -4.074889734193821056e+00 -2.976986266556413963e+00 3.517489991053974308e+00 -1.073888678288699383e+00 2.743502217337721483e+00 5.045753755968083176e+00 -7.759364481083766973e-01 -2.911767743027147137e-01
1.000000000000000000e+00 -4.094305444803260308e+00 4.102729614060000252e+00 -4.298370457366155861e+00 -3.278523396093465436e+00 2.735618461133284107e+00 -1.656060022087837869e+00 4.306055465201550803e+00 4.594626658431945287e+00 2.093040097767175922e+00 7.342359789081154275e-02
1.000000000000000000e+00 -4.298526100853472975e+00 3.877488693446208945e+00 -2.353064869894664568e+00 -3.347198418982366697e+00 3.757908635687589705e+00 8.364322337119847184e-01 3.678424730317791269e+00 4.866683439520881116e+00 7.463401068689039519e-01 5.020245729305750082e-02
0.000000000000000000e+00 1.698556077153765775e+00 -1.795763798181543303e-02 2.946031430134274487e+00 3.965691676189655013e+00 3.157395782392464767e+00 -1.374700963458779901e+00 -2.053290576057337224e-01 -2.396754711155337336e+00 -2.000184080751215010e-01 -1.834065576612020854e+00
1.000000000000000000e+00 -5.357464936269852984e+00 6.230779573421007633e+00 -3.766534991602141336e+00 -1.027624604122050922e+00 3.199089925652919941e+00 -1.192873403815765121e-01 4.270457042726550689e+00 5.436806369739454858e+00 7.447649741732101369e-02 4.752000535047706808e-01
1.000000000000000000e+00 -4.265609173015095124e+00 3.875914076520981855e+00 -2.288521764531953551e+00 -4.691301006318767897e+00 4.403157743145120762e+00 -1.069795757523749780e+00 4.581460656072287030e+00 4.608520173835930045e+00 -6.078812591450569736e-01 2.126629297687609110e+00
0.000000000000000000e+00 3.261152530883388856e+00 -1.646744063594289820e-01 3.395282381947750672e+00 5.382417175451167601e+00 3.713384857083198209e+00 -1.227082520957281542e+00 -1.579517344178503535e+00 -2.970643721930921188e-01 -9.534365742632303631e-01 -1.578581687336919614e+00
0.000000000000000000e+00 2.063983175239479273e+00 7.112119433328214502e-01 2.666297483403868629e+00 4.986675963152075397e+00 4.029870684639606182e+00 -7.774597798315153740e-01 -6.507126168128609667e-01 -8.279975561326348155e-01 -1.459907693126965889e+00 -1.798023965370326493e+00
1.000000000000000000e+00 -4.601555038884043825e+00 4.858350569625108584e+00 -4.742776385610352641e+00 -3.471103439826459969e+00 3.303588661311936736e+00 -4.741585866969533214e-02 3.930869135711316353e+00 3.848710789993274428e+00 5.494910890194172337e-01 2.725092706632843420e+00
0.000000000000000000e+00 2.741721278252020610e+00 -4.524450659302944322e-01 3.395192821779136061e+00 4.562143153196435819e+00 4.014633782846976473e+00 1.456180153891639684e-02 -2.986543447626716752e+00 1.579016225605520685e-01 -1.879955814654616475e+00 -1.650493735045901467e-01
1.000000000000000000e+00 -5.667522918487765793e+00 5.945715361546275446e+00 -3.248395383054258900e+00 -4.768075973777210486e+00 3.774778885650248217e+00 -1.723768264274687656e+00 2.807672233304861820e+00 4.926274104575556478e+00 -6.426211165851486440e-01 2.055336574463400900e+00
0.000000000000000000e+00 3.162761566102395339e+00 -8.694753336043321568e-01 3.564392195044194356e+00 5.017087549521138001e+00 4.491246488046963137e+00 4.066671178309508861e-01 -4.226680952386372980e-01 -1.207323001815404195e+00 -3.088516103947932745e+00 -8.942393327957791627e-01
1.000000000000000000e+00 -4.739092821138966016e+00 5.551894528123203720e+00 -1.687250936245209276e+00 -4.162930173363630360e+00 4.569282305304527725e+00 -4.136360761062649605e-01 5.270796747051047504e+00 4.870261250626801264e+00 -2.145648687629722329e-01 1.908374415238364818e+00
0.000000000000000000e+00 2.466931822717155054e+00 -6.065622212448531503e-01 1.194070531087803699e+00 3.898232703235008589e+00 6.666583695689707767e+00 -5.417106873373294107e-01 5.092797293292925520e-01 -2.498034099649787176e+00 -2.121946919791620534e+00 -1.687110092806920258e+00
0.000000000000000000e+00 2.969058136514856727e+00 1.361772003333517223e+00 3.838756599861094188e+00 4.318201596198111503e+00 5.549956916440241805e+00 -7.268529671139869475e-01 -2.471182746853566314e+00 -1.104627556468151806e+00 -1.804792350394176959e+00 2.510329141079901127e-01
0.000000000000000000e+00 3.211087228507819802e+00 2.646960789879710063e+00 2.555970330626146758e+00 4.230668776962773769e+00 3.543560422776704577e+00 8.702967507180243700e-01 -7.884387186695512861e-01 -1.308591320900698296e+00 -1.416215136070796854e+00 -1.739852803400887549e+00
1.000000000000000000e+00 -6.126077095174211173e+00 6.479123852606633704e+00 -3.040083655426420339e+00 -3.350510260065704848e+00 2.903180747109033177e+00 -1.888884823684876313e+00 3.656369231825995492e+00 4.044736993439857820e+00 1.206185054585193484e-01 -2.473900065083358690e-01
0.000000000000000000e+00 3.022989389358513801e+00 -6.532521295111795023e-01 3.270895329607232505e+00 5.898716662035146108e+00 4.270107152028444375e+00 7.173015298339591173e-02 -1.861428370227149021e+00 -2.272791862949165242e+00 -1.498650679731425850e+00 -2.791791251730893819e+00
1.000000000000000000e+00 -3.858838644673050045e+00 5.651119243671899994e+00 -3.773423296851112774e+00 -2.321138663093670118e+00 2.848359115552061116e+00 -9.554937645839776117e-01 3.612691552501632319e+00 4.795506406919356479e+00 -7.033829909860775387e-03 2.252491933609756636e+00
