0.000000000000000000e+00 -4.626042820782230613e+00 -2.316912644562183488e+00 -3.689617071484951882e+00 -1.702085120227442294e+00 9.128829233274661448e+00 -5.783103268855499302e+00 -3.997410817717615306e+00 2.107695079007860350e+00 -9.660743371717250838e+00 9.694414526344909078e+00
1.000000000000000000e+00 -3.732837110574100059e+00 -1.031727102123447715e+01 7.750606797956312910e+00 -3.830453346836981687e+00 5.805587922312106741e+00 -5.188166548696510283e+00 5.887312341309934638e+00 -2.136857302935291081e-01 9.364525919080078253e+00 -4.963722916222117476e+00
0.000000000000000000e+00 -5.150615883253280458e+00 -2.254622613952738330e+00 -3.747537167362920307e+00 3.041784579449813286e-01 9.108035051626712786e+00 -6.149141041517062867e+00 -5.153407603141067383e+00 1.885319243839320924e+00 -8.796250243554702308e+00 9.528226579087382575e+00
0.000000000000000000e+00 -5.212228506003920181e+00 -1.489555329440242382e+00 -3.189812673260679077e+00 -3.335289578043187930e-03 9.367808380759441889e+00 -5.972627257320822558e+00 -4.612979537066629554e+00 2.680249354706320197e+00 -7.693966608992452549e+00 9.122514476675993578e+00
1.000000000000000000e+00 -4.482570923089227222e+00 -1.009265436601976340e+01 6.577728249534091631e+00 -1.394122610299116216e+00 6.347421189172507638e+00 -6.979110360340230024e+00 3.839476200137819095e+00 -3.047793304936231573e-01 9.092750843914473080e+00 -6.280110310745214974e+00
0.000000000000000000e+00 -4.193508388558885969e+00 -1.926489508349543689e+00 -2.064268046474006191e+00 -9.751781720633795336e-01 1.041558078694898271e+01 -3.739123240428924966e+00 -4.919225128971065786e+00 7.135876823970745964e-01 -9.135052525082580033e+00 8.152022312142618077e+00
1.000000000000000000e+00 -3.770099438764602517e+00 -8.976671382448518699e+00 7.818356693636311583e+00 -1.517878300961858384e+00 6.969241854385287205e+00 -6.959651557866660454e+00 3.245803350594148817e+00 -1.254658595477972316e+00 9.351170597710188659e+00 -7.005479199912839405e+00
0.000000000000000000e+00 -3.600219340045404337e+00 -2.536332098525603040e+00 -4.763385478099659842e+00 1.272969482191635970e+00 9.026827570759405006e+00 -5.942335692305927175e+00 -3.579291660177907897e+00 1.627482738232497006e+00 -7.731388494353517160e+00 7.555238492697513131e+00
1.000000000000000000e+00 -3.860493879607609813e+00 -1.013221380230947410e+01 7.421680767122945888e+00 -1.128944165173438208e+00 6.703198318600778194e+00 -7.339436974797909130e+00 4.609023661338926381e+00 -7.075273160310433518e-01 9.916499156372251989e+00 -7.877327553681956473e+00
1.000000000000000000e+00 -3.335826499060078554e+00 -8.748672377541552692e+00 8.764937866483633044e+00 -3.390976096287464436e+00 6.135910199222579742e+00 -6.608148179208990669e+00 4.792145444970169699e+00 -5.901292998788012500e-01 1.020366744594864450e+01 -7.528095247245471633e+00
1.000000000000000000e+00 -4.255895943032168560e+00 -9.126374023051578632e+00 8.953584340626244753e+00 -2.405120832902496897e+00 5.458772153575664809e+00 -6.694382618766012705e+00 5.586135660821272886e+00 -1.437105257463899832e+00 1.047003817364863743e+01 -7.608530911499695293e+00
0.000000000000000000e+00 -3.470239463841945593e+00 -2.716597882928890151e+00 -3.314432561228625396e+00 -1.076852096515636070e+00 1.055450431909564557e+01 -3.601520966866529783e+00 -2.894252938602597247e+00 3.127796052576802044e+00 -8.156912989438540151e+00 9.566403618135673526e+00
0.000000000000000000e+00 -7.692027171788915041e+00 -2.185935804824373552e+00 -3.914106612602451296e+00 -9.684045353143656554e-01 8.721665638933222553e+00 -5.853557643141741984e+00 -4.559075446120176345e+00 2.161232258215810109e+00 -8.818322735094589859e+00 8.605317926891029146e+00
0.000000000000000000e+00 -4.407561954225078793e+00 -2.918722222984049708e+00 -3.427775995617009297e+00 -3.501220822217351869e-01 8.490144506341767539e+00 -6.664282727043621790e+00 -5.022564360988882370e+00 2.225664361624474896e+00 -8.454728649126092677e+00 9.219894082881475939e+00
1.000000000000000000e+00 -4.244909415879864589e+00 -9.300765138011753308e+00 9.343509438201509809e+00 -2.075022649618438297e+00 5.191709724974044704e+00 -6.625955753828011829e+00 4.152798854259697414e+00 -1.843201945026829769e+00 7.193918790361234272e+00 -6.562707644515134220e+00
1.000000000000000000e+00 -3.218940698450726501e+00 -9.914924641092504487e+00 8.607425036995941525e+00 -2.170581761356218831e+00 6.626387550426300344e+00 -5.145226973475345744e+00 4.026422196529964914e+00 -1.563493537253279664e+00 8.962988373337349657e+00 -7.632790483341864274e+00
0.000000000000000000e+00 -4.509403208830425669e+00 -2.205950917017760915e+00 -3.442045742855439627e+00 6.212889943853798780e-01 1.015638550332270640e+01 -4.801669409028697544e+00 -4.914165100504207295e+00 2.260496638966273064e+00 -9.777072009897549876e+00 8.689225313577303211e+00
0.000000000000000000e+00 -4.703781138291305730e+00 -2.717242687176849802e+00 -3.441469655840404318e+00 -7.076108735958723805e-01 8.066140068486408410e+00 -6.635518665167432495e+00 -5.461123441071503493e+00 1.768057273276817387e+00 -1.031507174798357873e+01 9.985511740318383289e+00
0.000000000000000000e+00 -5.380991206798428017e+00 -2.237515798644961862e+00 -4.268176591035059531e+00 -1.014377718839604370e+00 8.649623479521959979e+00 -5.448320613760246012e+00 -3.561960766662110700e+00 1.514760255379598686e+00 -7.542246598340510921e+00 1.004675823061333162e+01
1.000000000000000000e+00 -4.348627532462015388e+00 -1.043046265726188970e+01 6.982738095953360258e+00 -2.001060362742019372e+00 8.330751071557063625e+00 -5.882512592004887075e+00 4.608696746926103316e+00 -7.886134336272430101e-01 9.232289662701887778e+00 -7.856990735692251704e+00
0.000000000000000000e+00 -3.700591768235594436e+00 -3.121382821848373901e+00 -3.601993673905342419e+00 -8.673196426987168639e-01 9.244177011841721026e+00 -6.749106245635125845e+00 -4.654131414502026054e+00 4.419010769490018475e+00 -7.834278696433159439e+00 9.149888758670449818e+00
1.000000000000000000e+00 -4.795565064944198319e+00 -8.833093400907603865e+00 6.240795834357276917e+00 1.223114945055316927e+00 6.541834181194704279e+00 -6.176125029164080793e+00 3.424431087397415752e+00 -2.135804487849948252e+00 9.633592428662375085e+00 -7.315682999125934671e+00
0.000000000000000000e+00 -5.733781297605560212e+00 -1.897275858422062145e+00 -3.675992545685454971e+00 -1.365473858849300060e+00 7.857473446483072443e+00 -5.924220557797418962e+00 -3.328715397929228104e+00 3.006538033503328045e+00 -9.230060939550373433e+00 7.982246397872144072e+00
1.000000000000000000e+00 -5.286519611021941678e+00 -9.087780535971056395e+00 7.698791345070373104e+00 -1.347589009973015672e+00 6.866573686447014602e+00 -5.795721766804585506e+00 4.024854597280635105e+00 -2.147771523096742019e-01 9.691072091173197123e+00 -6.929914440571397272e+00
1.000000000000000000e+00 -4.641922721143365571e+00 -9.115375128335113430e+00 8.644067909529681515e+00 -3.728247294756282137e+00 7.313324502947924799e+00 -6.925982019241430088e+00 7.228008477073292859e+00 -2.654520854729405244e-01 8.273087351495510333e+00 -8.296546668569865446e+00
1.000000000000000000e+00 -4.611914075675477065e+00 -9.640162828974851550e+00 7.254206999405329981e+00 -1.906557065359063330e+00 7.294173431559479504e+00 -7.057614300890781678e+00 4.764949201311655003e+00 1.307377445790498083e+00 8.649763563617726803e+00 -6.840079086816117204e+00
1.000000000000000000e+00 -5.943110893179671450e+00 -9.804480874616018582e+00 7.350197042998798835e+00 -1.096611170907548782e+00 6.064654562750744660e+00 -6.918678427955256005e+00 3.714186600325176890e+00 3.523755427736432466e-01 8.466551809433802589e+00 -6.633561030226146293e+00
0.000000000000000000e+00 -5.378441484794859839e+00 -3.661295595663853319e+00 -4.230929722155759798e+00 -2.464850981492566206e-01 7.231935843501235084e+00 -4.447493560690333858e+00 -3.893932288241064743e+00 6.533212203641638460e-01 -7.730094340059306290e+00 9.643873297342619111e+00
0.000000000000000000e+00 -4.057454407454663681e+00 -3.465763059681605807e+00 -2.128505702445245173e+00 -1.100955810297366444e+00 9.771763111441542193e+00 -6.298864596565002749e+00 -4.219214921317064437e+00 1.115106363131257883e+00 -9.102568310429955289e+00 7.772516837722752037e+00
1.000000000000000000e+00 -5.483440921308682547e+00 -9.629822599139696848e+00 7.687139851446959327e+00 -2.981863374834224256e+00 6.372653096254189187e+00 -5.708338128188389149e+00 5.190510634973081849e+00 9.138233417546037796e-01 9.705495924831181398e+00 -7.030610361238146311e+00
1.000000000000000000e+00 -6.051472409156193777e+00 -1.016425435794373477e+01 7.249924684151240584e+00 -3.251165782777698965e+00 7.490738970156483489e+00 -4.767775584592003568e+00 3.209455785558632535e+00 -1.008213313896865637e+00 8.768274901749586903e+00 -7.553071428644660301e+00
0.000000000000000000e+00 -4.651249283657064915e+00 -9.014996134504169589e-01 -3.219585375271789562e+00 -1.890507161556605475e-01 9.139151346388784347e+00 -5.808287708168992758e+00 -3.479496818550976478e+00 3.267868308635669905e+00 -6.913758749115489266e+00 9.661806464626147672e+00
0.000000000000000000e+00 -4.723059822766020766e+00 -1.633677630096187716e+00 -3.067188388311756775e+00 -6.483116573170067953e-01 8.542101857194674963e+00 -7.070477131922271674e+00 -3.942670422912075701e+00 3.065005935560114025e+00 -7.182863824293981736e+00 8.305729677972292890e+00
0.000000000000000000e+00 -4.274325291350647760e+00 -2.281825040847905495e+00 -3.133589190450511985e+00 5.206964693727611504e-03 8.275139610591816464e+00 -4.742503290790832438e+00 -3.168790376581275048e+00 3.233246970253572883e+00 -7.987776753763427884e+00 8.830907531513206621e+00
0.000000000000000000e+00 -5.925413681022804191e+00 -3.413211097076339851e+00 -4.028753382086873280e+00 1.328044570946166791e+00 9.057887503950700747e+00 -5.278353031611261237e+00 -4.618480315407789583e+00 2.405699810259522842e+00 -8.956954108700962536e+00 7.682217334925159236e+00
0.000000000000000000e+00 -5.148210221718568569e+00 -1.762856954875090532e+00 -3.692681624555876230e+00 -4.023906573792322972e-01 1.001322898410747619e+01 -6.059030688044736657e+00 -3.594416247063563219e+00 3.212487357073502192e+00 -7.492140563680460552e+00 9.891630480809958215e+00
0.000000000000000000e+00 -4.197222582458934426e+00 -2.516200901662965617e+00 -3.827213025798490875e+00 6.464534061117370722e-01 8.538130228748206818e+00 -5.305099093283295097e+00 -4.085259205532983273e+00 1.189045258051206533e+00 -7.790864150450445891e+00 9.032414057696087184e+00
0.000000000000000000e+00 -4.761734859529460628e+00 -2.213277227890430687e+00 -3.927433917784072914e+00 -1.159009372328585696e+00 9.016273751684931170e+00 -6.141556321836647570e+00 -4.872038529477445756e+00 2.085431524727365371e+00 -8.362859819451436749e+00 9.648839966188388573e+00
0.000000000000000000e+00 -3.895940599615356881e+00 -2.056380163910337622e+00 -3.660785428282074427e+00 -6.719492073841115687e-01 8.183767328069942337e+00 -6.332380533403886069e+00 -5.177932697386604666e+00 1.100800563055650549e+00 -8.113500646850093645e+00 9.491288471041595898e+00
1.000000000000000000e+00 -2.762076027588511451e+00 -1.047064139773802260e+01 7.742697071987655555e+00 -1.392383667310360451e+00 7.931598111668126450e+00 -6.188639249586369573e+00 4.328329440095313174e+00 -1.433254411954191010e+00 5.568759882056010468e+00 -7.118511230997401462e+00
0.000000000000000000e+00 -4.878808665756341867e+00 -1.967337864711929285e+00 -2.435028702555250835e+00 -6.626483138661424244e-01 8.852358880870859537e+00 -5.364648193343819038e+00 -5.357541432878176302e+00 2.355628917557992974e+00 -8.620505493482385262e+00 9.225668788383201147e+00
0.000000000000000000e+00 -6.488849695834000286e+00 -2.417052960854823240e+00 -3.590823016370680243e+00 -8.304608854294692755e-01 9.480525215500788860e+00 -5.305042360785408917e+00 -5.102801592592883573e+00 1.569495476708598680e+00 -6.681679298798458788e+00 1.050459944063570639e+01
0.000000000000000000e+00 -6.400765501230731402e+00 -2.663208722481460011e+00 -3.679336135137962316e+00 3.827407977662788952e-03 9.120579277160761222e+00 -5.062829508343088314e+00 -4.999811577222542880e+00 1.834553387241343536e+00 -8.580227736625356982e+00 9.350962117295132714e+00
0.000000000000000000e+00 -4.532374654462946850e+00 -1.028036256077968114e+00 -2.540792304557958570e+00 -5.457722221087685233e-01 8.500839571517841975e+00 -6.648992591663279939e+00 -5.658017404456373356e+00 1.267333864364465601e+00 -8.333050366802732256e+00 8.559400082652475206e+00
0.000000000000000000e+00 -3.751326612982206044e+00 -1.636428708661631815e+00 -3.352663655392585706e+00 -3.999656016856040219e-01 1.034275381330396115e+01 -4.960724740246839737e+00 -4.535522622583832764e+00 5.704463402098221003e-01 -7.556708690648290982e+00 9.484843365907684287e+00
1.000000000000000000e+00 -4.654739944823835351e+00 -9.658345555938453231e+00 6.428404333889270461e+00 -2.611638418211434054e+00 6.038317428709178536e+00 -6.816447704798313190e+00 4.218831274492695016e+00 -2.239315224149067696e+00 6.562173282005446140e+00 -7.399342196510382053e+00
0.000000000000000000e+00 -5.202810618440054213e+00 -3.162445325302525312e+00 -2.248378136943041117e+00 -1.836273738589633553e-01 9.784539634628151461e+00 -5.186835093584441836e+00 -3.295396948287798722e+00 6.381802639605971272e-01 -8.399683826999130076e+00 8.458880046044098933e+00
1.000000000000000000e+00 -4.123494640112635778e+00 -9.568266615723851842e+00 7.083542666315193692e+00 -4.725575420841021668e+00 7.811583072955935236e+00 -6.886500806131699015e+00 5.222372575838056363e+00 -5.444658161515534278e-01 7.770443243049667714e+00 -7.541422660182343307e+00
1.000000000000000000e+00 -4.181447008568037305e+00 -1.049476182775310917e+01 7.053365930817635743e+00 -1.845341890263946460e+00 7.893810742387643131e+00 -5.997632605541419970e+00 3.742925991326560009e+00 -1.472820301621284855e-01 9.230285367020902854e+00 -7.449291929640057042e+00
0.000000000000000000e+00 -5.670177346265687035e+00 -3.084979792312843028e+00 -3.323250842794337689e+00 6.454119512175262585e-01 9.688430725995152315e+00 -5.444438620821757446e+00 -3.164285780197529263e+00 1.038615680279517228e+00 -7.125637359158386808e+00 8.390405885169784028e+00
0.000000000000000000e+00 -7.158061530862520172e+00 -1.470574481867900074e+00 -2.684435257970849253e+00 -4.359735478314439860e-01 9.571221015219569139e+00 -4.200468998302515189e+00 -4.992870584735927153e+00 2.766567137918811703e+00 -7.859779603395609548e+00 9.779933696388612319e+00
0.000000000000000000e+00 -3.621074988410418971e+00 -2.318043108713318201e+00 -2.527270814585589775e+00 1.767578031758421098e-02 8.686404956563325896e+00 -5.873721781642256445e+00 -5.018708864779527268e+00 2.441577365361815133e+00 -9.247391085700000346e+00 9.495653447230862909e+00
0.000000000000000000e+00 -4.873552541864454746e+00 -3.765329087560030707e+00 -4.011480863853850387e+00 -1.903437060978873108e-01 7.975098674731329496e+00 -6.467700450935708112e+00 -5.313520975478993158e+00 3.571068314982225989e+00 -7.827533299515894605e+00 1.000915611668824923e+01
0.000000000000000000e+00 -5.301301771406847330e+00 -2.457293465032174051e+00 -1.798619618835894496e+00 -7.254299628017772950e-01 9.985741381931520166e+00 -6.196848721939810289e+00 -3.394718622555973564e+00 2.233247069344455937e+00 -8.594683360030353825e+00 9.608082149458409660e+00
1.000000000000000000e+00 -3.653890144805525431e+00 -9.196184977300095653e+00 6.675420399893611467e+00 -3.478850135567883584e-01 7.817683841832928415e+00 -5.342778329455601494e+00 4.661468289537823217e+00 -1.081216439778292404e+00 8.818640351841690261e+00 -7.652380622872446914e+00
1.000000000000000000e+00 -4.583228503849464452e+00 -9.983307151936028134e+00 7.301634582045502420e+00 -2.367233183400689001e+00 7.123061417416019836e+00 -6.972016160606501423e+00 4.641864552969980906e+00 -4.256460912917952588e-01 9.068659642665764409e+00 -7.083094368835261889e+00
1.000000000000000000e+00 -5.226806506064001212e+00 -1.066030843392606542e+01 6.980566264247225483e+00 -4.632980984994626183e+00 5.502193202567684516e+00 -6.787166892379751459e+00 5.581817256242265657e+00 -2.083667265669804092e+00 8.009430509686968236e+00 -8.446552410173975289e+00
1.000000000000000000e+00 -6.071976860641091100e+00 -1.030957600547094088e+01 7.798704193223716885e+00 -2.636003517814513586e+00 8.025880516986768853e+00 -6.104799452471290522e+00 5.938194826089747025e+00 -9.141058005709749024e-01 7.902713227878029656e+00 -6.840436620668157275e+00
1.000000000000000000e+00 -6.234126323104943523e+00 -1.125736377896357787e+01 6.442842663955745230e+00 -3.371698550372336900e+00 7.337395388843726884e+00 -5.821747951505407137e+00 3.884455593752834002e+00 -2.488669020375256835e+00 9.456026106713252943e+00 -7.147912837942715925e+00
1.000000000000000000e+00 -5.301722172859027360e+00 -1.003507252592763166e+01 7.410522629623113922e+00 -2.288499937599349998e+00 6.813849062385834543e+00 -6.343545153953523474e+00 4.221717941923617268e+00 -2.075597069060894917e-01 9.524595551217842626e+00 -1.000737061480452539e+01
1.000000000000000000e+00 -4.398841877692074576e+00 -1.088314522155262054e+01 8.533148361565977780e+00 -1.965852106605346039e+00 7.335950754591467060e+00 -6.810267775908888765e+00 4.531405476235664587e+00 -1.018252076203996381e+00 9.031326170419632149e+00 -8.201097484265517323e+00
0.000000000000000000e+00 -4.211806455672474137e+00 -2.881260636839182876e+00 -2.194669405829595910e+00 -1.067100540582102131e-01 9.425368012978943000e+00 -5.183856524903712071e+00 -4.778204824814516805e+00 1.909004143680563370e+00 -8.247787323358107159e+00 9.488721540815099331e+00
0.000000000000000000e+00 -6.164256199202511333e+00 -2.723831216108820730e+00 -3.676848300901547795e+00 -8.880470528724722090e-01 8.932348151539821757e+00 -7.181207885392436374e+00 -4.431105222482424111e+00 2.311498706226265298e+00 -7.190007371922157553e+00 8.601413703465535576e+00
0.000000000000000000e+00 -4.507177415485152494e+00 -4.410484143544419311e+00 -1.644518831583991370e+00 -1.322094117902797572e-01 9.626081643930602283e+00 -6.755570802332295344e+00 -4.491663230409713492e+00 1.579251815403831305e+00 -7.855668542451008207e+00 8.494755408007787167e+00
1.000000000000000000e+00 -3.515186124580052862e+00 -1.012641463765253746e+01 6.498531103300269507e+00 -3.722468273267242278e+00 7.412912560812151774e+00 -7.719889917862031936e+00 4.511214122549534800e+00 -3.518885610018708254e-01 8.588190802069876284e+00 -6.261003619114814178e+00
0.000000000000000000e+00 -6.829665874848403817e+00 -2.023596376607058378e+00 -2.398044165900323765e+00 -1.258418204295862264e+00 8.843101435823367495e+00 -5.804629164763641214e+00 -4.227961461470113314e+00 2.885723570214813183e+00 -8.314301028291787077e+00 9.644495666726989214e+00
1.000000000000000000e+00 -3.590862561951946308e+00 -9.820579953266081574e+00 6.759459269011250271e+00 -3.588510263071375661e+00 6.867643663271297605e+00 -6.767868866866828093e+00 4.117805909714336465e+00 3.626463114519520303e-01 1.027932216823059974e+01 -7.147710925186541608e+00
0.000000000000000000e+00 -5.611875659614081968e+00 -3.189646407996073574e+00 -1.865989922950593183e+00 6.307299952082101591e-02 9.033088903483227128e+00 -3.997882079895418883e+00 -4.772775517399479916e+00 3.071563823147099193e+00 -7.767858370530841938e+00 1.072523601071776334e+01
1.000000000000000000e+00 -4.275677558655648802e+00 -8.909578669641479820e+00 6.682600570501448622e+00 -2.301338051352239233e+00 6.318150551871132947e+00 -6.012651629047876867e+00 3.972126810600730806e+00 -1.937149285874252502e+00 9.295756213506786381e+00 -6.434507753395142693e+00
1.000000000000000000e+00 -3.901184466567909404e+00 -9.950552844448543155e+00 7.433907351660942631e+00 -2.684241540519782365e+00 6.428682510616060775e+00 -7.366449633321979995e+00 3.676155650249202100e+00 -6.533635764993044326e-01 8.491720579967015681e+00 -6.197386163515171020e+00
0.000000000000000000e+00 -4.452590541124942014e+00 -3.064855842603917857e+00 -3.172390996642160843e+00 -3.261394049928164618e-01 7.647646944890509779e+00 -5.945703537764882363e+00 -5.272000982138574265e+00 9.894657936621771288e-01 -9.024961699376387259e+00 8.935370574122757148e+00
0.000000000000000000e+00 -4.729024123343203989e+00 -2.992086751524432042e+00 -3.128832425024950403e+00 4.928784165403847783e-01 8.776755961340734657e+00 -5.117418526530930656e+00 -3.422802033955236300e+00 1.907941724823688068e+00 -7.843392438737511796e+00 9.215230821586658294e+00
0.000000000000000000e+00 -5.312440243314375365e+00 -3.660388116275544057e+00 -3.499775052481637339e+00 -2.132810285699295427e+00 8.222484873175611497e+00 -4.901885619610792055e+00 -4.681446466126422123e+00 3.385095491363073084e+00 -9.185707801746509915e+00 9.445982827923099734e+00
1.000000000000000000e+00 -4.650029798189051711e+00 -1.001258820283401185e+01 8.045712469069748352e+00 -1.070082824973626279e+00 6.530725979073667808e+00 -7.208948823769972591e+00 3.264689831038096735e+00 4.900166183677685527e-01 8.565941655693844581e+00 -6.241664802043573879e+00
1.000000000000000000e+00 -6.313375988164575681e+00 -9.424433119207249021e+00 6.558998176812862013e+00 -2.817064707068343221e+00 7.902834925680318534e+00 -6.153847566106479761e+00 4.493023177737746288e+00 -3.730528573621254562e-01 7.296302588972126912e+00 -6.600477421521888211e+00
1.000000000000000000e+00 -3.045817772501146159e+00 -1.132290648134229194e+01 7.160567948151473239e+00 -1.406417483891027720e+00 5.023197002035154846e+00 -5.683268480415362589e+00 4.346915823115447886e+00 1.516226696236295801e-01 9.306299804819872179e+00 -6.186236584330516486e+00
0.000000000000000000e+00 -5.265591211676865058e+00 -2.217808488570756076e+00 -4.931287944380779109e+00 -5.713365773901427636e-01 9.292146338497623503e+00 -6.924886599753428129e+00 -5.440111802176691214e+00 3.067602819762341504e+00 -8.937315506512462093e+00 8.946716328707353227e+00
1.000000000000000000e+00 -5.253166998918800346e+00 -9.921573053514938678e+00 5.928049341186635957e+00 -4.494509514516266790e+00 7.301838055229218583e+00 -6.963704973184785985e+00 3.323606863872294426e+00 -1.181326760721972846e+00 8.709326875255857914e+00 -8.370326852606098100e+00
0.000000000000000000e+00 -5.817732142847664711e+00 -2.389875811608985767e+00 -2.941322235730885915e+00 -1.987028674405178386e+00 8.441412010944192801e+00 -4.651043591435589875e+00 -4.863736385296894227e+00 5.247328178812114885e+00 -8.065113475417835076e+00 9.670510731919383929e+00
1.000000000000000000e+00 -6.025586277783673950e+00 -1.030580744116234015e+01 7.243717649009862924e+00 -2.950161350951652661e+00 6.457820792141054866e+00 -4.883696834746464432e+00 5.537953391394346170e+00 -1.271210865680926450e+00 1.006234071941165276e+01 -7.002234655410678243e+00
1.000000000000000000e+00 -4.145500335660985414e+00 -1.016378338715497343e+01 7.838797038652911553e+00 -2.209478293216609934e+00 6.877672796825482493e+00 -6.162682081038001414e+00 4.773381511455790260e+00 -1.129335631190325318e+00 1.015825348501066649e+01 -7.771858034558152717e+00
0.000000000000000000e+00 -3.994856826310702935e+00 -2.331933947914957006e+00 -3.167344063149752476e+00 -1.669999181511459818e-01 9.961413008005342462e+00 -5.621626329015548151e+00 -3.421440862736439215e+00 3.680470144725034309e+00 -8.829795087365912565e+00 8.199472846895274003e+00
1.000000000000000000e+00 -4.355029597918711026e+00 -1.033189076502011083e+01 8.358515800438384602e+00 -2.700819139747245412e+00 5.937708711647899484e+00 -5.338508341789016676e+00 2.341134921124081281e+00 -1.715923584877768526e+00 8.595636398190114491e+00 -7.851215727071543249e+00
1.000000000000000000e+00 -3.762402688287029395e+00 -9.819432154235880006e+00 7.691330322735846714e+00 -2.804637811725684937e+00 7.893220083507570095e+00 -6.474124090313333468e+00 4.849453211793788299e+00 -1.262022300280229103e+00 1.051915697039304831e+01 -8.362458153693115293e+00
1.000000000000000000e+00 -4.284119115668147515e+00 -9.380811387350542319e+00 7.321771609350756549e+00 -2.460393547717673268e+00 7.412061850684651176e+00 -6.630320849133189753e+00 3.886702284148799258e+00 -6.462551190722582994e-01 1.017939364686063186e+01 -8.258157339656371221e+00
0.000000000000000000e+00 -5.305380331666348148e+00 -1.655122851620196123e+00 -4.041355944093891317e+00 1.184788365039744829e+00 1.011989304649211441e+01 -4.640366370891920944e+00 -4.090763695163532887e+00 2.479235926597378015e+00 -8.426717217861851239e+00 9.968637740261549141e+00
0.000000000000000000e+00 -5.633802358140622246e+00 -1.986466424889864468e+00 -3.095099525293286025e+00 7.198672424552576832e-02 8.578221274902787741e+00 -5.556537415128484980e+00 -4.017368043628279928e+00 4.844701805131934602e-01 -7.526638278599696363e+00 8.457362350495859715e+00
1.000000000000000000e+00 -4.276892911628300098e+00 -9.829248035797085947e+00 6.921904507852008948e+00 -4.194934221434417410e+00 8.263206423607117657e+00 -7.101874578441830010e+00 4.238034496873980927e+00 1.570998175794361629e+00 1.019519181650274575e+01 -8.150551064977163307e+00
0.000000000000000000e+00 -4.371158998962344278e+00 -3.595454818601666602e-01 -2.097754189897731436e+00 -1.196538533386374503e+00 8.571413659213312997e+00 -6.401329684132790021e+00 -4.440932367518121815e+00 2.208791706105783348e+00 -8.198610814277591530e+00 9.500957502258721377e+00
1.000000000000000000e+00 -3.928568355240282362e+00 -8.920827826559522222e+00 7.548894457902298072e+00 -3.274453768077069782e+00 7.293834275125193223e+00 -6.680198716846656559e+00 4.093246610292568199e+00 -8.166431727478352665e-01 9.958009196102555194e+00 -6.737587278306383709e+00
1.000000000000000000e+00 -4.027311322201750698e+00 -9.385078263793728226e+00 7.468859437583976302e+00 -2.355392872051712772e+00 7.000694467784055242e+00 -6.924723164181788349e+00 5.191571237087655888e+00 -7.145527254720444033e-01 9.032271301355368820e+00 -7.194888227766528921e+00
1.000000000000000000e+00 -4.026584641270225973e+00 -9.844387163276447694e+00 6.996816019001784070e+00 -2.873783509520956958e+00 6.255881159365419109e+00 -5.954281522261452686e+00 5.380595897826417229e+00 -1.492732816692345255e+00 9.581128229497819504e+00 -7.777558178023212143e+00
1.000000000000000000e+00 -4.941623023203675302e+00 -9.612106775687696114e+00 7.965535097788222885e+00 -2.791584518752212141e+00 6.243682800735487426e+00 -5.939456803879667568e+00 4.867343326213116939e+00 -1.326492300544485525e+00 8.846913772579256374e+00 -7.639284264948318359e+00
1.000000000000000000e+00 -3.781471354714291078e+00 -9.174225015676377382e+00 7.789230450452806487e+00 -2.089042061273074236e+00 5.719410744646325817e+00 -6.087541999135133608e+00 4.140212121063233219e+00 -6.931480574473979361e-01 1.012310839450012168e+01 -5.742859013654443068e+00
1.000000000000000000e+00 -4.999071026160799569e+00 -1.052396339806061398e+01 7.947070676294969438e+00 -1.624333532792690882e+00 6.714695648585174759e+00 -7.267692398989181513e+00 7.427265518714360581e+00 -2.036752631825107684e+00 7.567926841181664699e+00 -7.718482204881217612e+00
1.000000000000000000e+00 -4.598791705369599470e+00 -9.878447734613100550e+00 7.117618428104070638e+00 -1.111628955081515935e+00 6.301248170131168003e+00 -7.270706782192806195e+00 5.080366329591113228e+00 9.932724067417444402e-01 1.015307752228152438e+01 -5.458368913000197331e+00
1.000000000000000000e+00 -3.022362942370988570e+00 -9.403858209604786467e+00 7.836880543491109741e+00 -2.648320154762417999e+00 6.088642227605183699e+00 -6.874690242304433596e+00 5.286584003852551561e+00 -1.972136043981045361e+00 1.069982975852751750e+01 -6.292604121386155214e+00
0.000000000000000000e+00 -6.327483467054179300e+00 -2.238407817034497871e+00 -4.017204532497324898e+00 1.294989962854063981e-01 8.129364107323304722e+00 -5.987333997517946038e+00 -5.739038175777730899e+00 2.899844851211323515e+00 -7.416990533423582832e+00 9.445099288929279524e+00
0.000000000000000000e+00 -4.719174030991151625e+00 -1.766654145387214436e+00 -3.606817348171517335e+00 -1.418810125132151434e+00 7.643722635630306961e+00 -4.659449845324965089e+00 -4.822238968402530190e+00 1.001259623818464783e+00 -8.494751141152521612e+00 9.474222012478561439e+00
1.000000000000000000e+00 -4.105228822296902891e+00 -1.033792359995170429e+01 7.452166045925226356e+00 -4.181979276772497478e+00 6.431562564561090767e+00 -7.640970672686393073e+00 3.680335972355134544e+00 -6.990544625437291604e-01 9.730413665587962058e+00 -7.795421881419716925e+00
