0.000000000000000000e+00 7.312877840948286412e-01 1.652426450867626517e+00 1.237194479544259096e+00 6.966596586560894089e+00 8.036954611673214899e+00 5.608114565829479758e+00 -1.523829802870920958e+00 -3.451448649194450269e+00 3.257745056215467283e+00 -1.055204619974899849e+01
0.000000000000000000e+00 -6.954062993259542413e-02 1.442987162492622266e+00 1.229307008232873644e+00 7.269867829217629307e+00 8.688979170356722292e+00 6.003975019679049119e+00 -1.889345315119084212e+00 -2.327654199107579203e+00 3.425967521613124678e+00 -1.097373147642028179e+01
1.000000000000000000e+00 4.325742364568646359e+00 1.018865184826705850e+00 5.065966743357115831e+00 -9.931923761136461692e+00 4.515473420286811645e+00 7.732025527455433256e+00 9.303586231489047620e+00 4.238389679160167844e+00 7.832320225319651108e+00 2.271075863344624857e-01
0.000000000000000000e+00 -1.599400784713275181e+00 7.710206284471309290e-01 -3.416393350379849370e-01 8.628851809800973882e+00 5.556786163631055153e+00 6.702633813383630290e+00 -1.613375610379780056e+00 -2.324189006722628736e+00 2.538948390257598220e+00 -1.119059964496353032e+01
0.000000000000000000e+00 -1.816043344466136966e-01 3.523505520375717071e-01 2.197009331189999415e+00 7.206794670404692127e+00 7.647772743081276303e+00 8.393742109949284824e+00 -6.731620972751151122e-02 -3.234890964241222910e+00 2.299778491185581419e+00 -1.119963125235902623e+01
1.000000000000000000e+00 2.918394851379810362e+00 1.481312350968255753e+00 6.650282894855607196e+00 -8.409855488993235539e+00 5.545847152833620619e+00 7.047728706335487203e+00 8.018896013233201003e+00 2.335478356204635730e+00 6.378696214023533706e+00 1.811936378374005230e+00
0.000000000000000000e+00 -3.314502307734898956e-01 -2.861451764216313975e-01 7.949949190501193197e-01 8.457131929335210074e+00 7.544845161549647017e+00 6.673582614099482058e+00 -2.046181560404600308e+00 -2.159875456482799549e+00 3.435632213890987163e+00 -9.003660267618732505e+00
1.000000000000000000e+00 2.931687125995273924e+00 1.160839534745395918e+00 3.930350002015901012e+00 -1.020752890407926117e+01 5.498402905195130863e+00 7.087040057592245645e+00 9.942733932506044425e+00 3.216587067343890993e+00 8.559741958426057451e+00 1.915328301013802470e+00
0.000000000000000000e+00 -8.282817171046756854e-01 1.269024639746048511e+00 2.773568827932721526e+00 6.471829464601835724e+00 7.443957319719276100e+00 5.445471202775030051e+00 -9.227683639144326211e-01 -2.530037667660874234e+00 3.472278278887086067e+00 -9.248211938522581832e+00
0.000000000000000000e+00 1.293507955335255977e+00 2.746401280845396364e-01 5.024411991673380928e-01 8.186663030033546562e+00 7.383462404497568521e+00 8.489230173316235195e+00 -1.426252803584363793e+00 -2.584768745432606263e+00 2.382343771339264560e+00 -1.219427062344806778e+01
1.000000000000000000e+00 3.404537661404595461e+00 7.129383053720750318e-01 5.080608716559682492e+00 -9.890193653803619256e+00 5.159681542746980654e+00 9.055378828858231088e+00 7.329887689587068600e+00 3.956845247924674069e+00 9.424869377121869007e+00 2.000796395484985890e+00
0.000000000000000000e+00 3.867677324103195868e-01 -8.188590054536271090e-02 2.144705307808850492e+00 5.558783889495496844e+00 7.832649814655008313e+00 6.662689629033300420e+00 -1.146608451899572056e+00 -2.843488090002971092e+00 3.249463488421779456e+00 -1.073376447899816810e+01
0.000000000000000000e+00 -2.625636775437258374e-01 2.665890918080752181e-01 1.798787834198131375e+00 8.270956146235199924e+00 6.253214613053033055e+00 7.035635833211699719e+00 -1.592229641866443668e+00 -3.061961494722533317e+00 3.049289921618824284e+00 -7.368934402247465876e+00
0.000000000000000000e+00 8.845286921798281021e-01 2.546213490661124901e+00 -6.150640010580852302e-01 9.449992581180257645e+00 8.409962803813659349e+00 6.278792730416400403e+00 -3.106472876086898705e-01 -3.048680633425825182e+00 4.333618042492209277e+00 -9.640774566297579895e+00
1.000000000000000000e+00 4.681842570385221336e+00 -4.696978281697794522e-01 3.879931741168155312e+00 -9.795906442509320300e+00 6.485094701907301307e+00 8.808084021863979984e+00 8.848345233297921553e+00 3.642987030934365933e+00 7.851595422313958572e+00 1.994708885969870282e+00
0.000000000000000000e+00 -8.010658934013714649e-01 -7.771626503008888243e-03 2.300699912708638051e-01 7.690822577707613128e+00 8.048728155937704187e+00 7.335412149549392247e+00 -1.950572244373554476e+00 -2.299867936143265457e+00 4.703979167989595922e-01 -8.292744118144081966e+00
0.000000000000000000e+00 -1.141014422152454744e+00 -1.853982462578938062e-01 1.707255438593159091e+00 8.107461430518002388e+00 7.298129452166477904e+00 6.051246317880021763e+00 -1.536593199658972564e+00 -3.245717287445352817e+00 4.564568013013181158e+00 -9.184891608727090428e+00
0.000000000000000000e+00 1.180608798960195438e+00 2.094034947326980145e+00 -8.699429645672627220e-01 6.558366254712775678e+00 7.565658567656494249e+00 6.523654723750121676e+00 -2.731404912909948246e-01 -1.316818146564260772e+00 1.681074287494283226e+00 -1.170357183156517245e+01
1.000000000000000000e+00 5.308957784028555338e+00 4.522861616307962684e-01 3.853510196439962066e+00 -8.519177623080722128e+00 6.110257026896732668e+00 7.936038471767028923e+00 9.291681421857095557e+00 1.256659585975357984e+00 7.597660918947783060e+00 8.935948063506015115e-01
1.000000000000000000e+00 5.362444808989437206e+00 1.692153768322118834e+00 3.849155973787424134e+00 -9.168943599348311935e+00 3.859103659774153705e+00 6.625504463272884337e+00 8.860345592971345496e+00 2.175524368005539610e+00 8.748792122391019888e+00 1.571947744607818054e+00
0.000000000000000000e+00 -5.758099805303449337e-01 2.143780525116711466e+00 6.742149383393449824e-01 7.181679813023484904e+00 6.624747201273601505e+00 6.354637904857304065e+00 -1.170024929671339864e+00 -3.452562089480311958e+00 3.601408954079270419e+00 -9.724074305076545244e+00
1.000000000000000000e+00 3.823572079634468324e+00 8.555738221418673906e-02 3.999853765246123238e+00 -9.206190022769295211e+00 2.953569938315847132e+00 6.397949377936174464e+00 7.945879282102922936e+00 4.630058121494661449e+00 8.653812664764199525e+00 1.728633152762315994e+00
1.000000000000000000e+00 4.759275860744404341e+00 7.450515955898090459e-01 3.760348975546610184e+00 -1.159766740135365382e+01 7.153139117718215090e+00 8.003471066280324564e+00 8.432885448144615381e+00 3.164689063410663028e+00 7.686799937022423812e+00 2.877667657730265116e-01
1.000000000000000000e+00 2.835660860267638306e+00 4.379111389912652696e-01 4.951949628265190917e+00 -9.323552739763815822e+00 5.990280137001412264e+00 7.520635734163409580e+00 9.335336653765393677e+00 4.467539502744153346e+00 7.562359301913335052e+00 2.594046646388604493e+00
1.000000000000000000e+00 4.951346263718246377e+00 1.631171240949838008e+00 3.194309494408352101e+00 -9.226535688651672729e+00 5.514258229453195881e+00 7.916693788608033522e+00 7.256576698180677631e+00 2.714545549805016389e+00 6.982053519094988836e+00 2.174888716056120774e+00
1.000000000000000000e+00 5.158989669348327922e+00 1.316668748376702780e+00 5.218359389090766243e+00 -8.847366585572968845e+00 3.239361050641424100e+00 6.562209583259957846e+00 8.231700727039465093e+00 1.703408053481298534e+00 8.173747531359522256e+00 1.586638568094585811e+00
0.000000000000000000e+00 -8.741748961301363252e-01 4.459457632958544471e-01 1.488460605588351582e+00 6.935439896797204185e+00 8.078749750905808824e+00 6.376506741973944514e+00 -3.019039903085312559e+00 -2.937989522436773804e+00 3.655927360243723001e+00 -8.903816974217750868e+00
0.000000000000000000e+00 -6.428551674506943758e-01 1.655744514125964351e+00 1.002045190756706727e+00 6.683506159316297435e+00 6.407590972137654717e+00 7.608619413354809957e+00 -1.130534410199832251e+00 -1.840597375196271868e+00 1.651451844330871888e+00 -1.155055076394023139e+01
0.000000000000000000e+00 2.518748431475682503e-01 9.180736567099561096e-01 1.018712648068229143e+00 7.094725486843822537e+00 8.300799866406212146e+00 7.320898204797930298e+00 -1.247898536209002707e+00 -1.469030316041804785e+00 3.929036479569827378e+00 -8.773147405951387867e+00
0.000000000000000000e+00 -4.595363547193663523e-02 -4.254835744031149058e-01 1.904244099463233031e+00 7.775933969520197664e+00 6.824981001027063954e+00 6.540698408691725696e+00 3.205882004753866088e-01 -1.300209392628453475e+00 1.038060332246572015e+00 -1.009475343886307463e+01
1.000000000000000000e+00 4.883164007643878257e+00 -1.064870817434674377e-01 4.494370808041644239e+00 -8.469227131970564315e+00 3.770032561560071382e+00 9.562500874930959682e+00 9.417807249969010641e+00 3.458132144798495844e+00 8.041337905904354599e+00 1.906247987453987491e+00
1.000000000000000000e+00 4.421400417619353540e+00 -2.053437874462010759e-01 5.403820224150960527e+00 -1.076692052584427906e+01 3.880272352883825437e+00 7.191985735168469951e+00 7.705918431275794234e+00 3.370589632164062710e+00 7.786721916805604771e+00 9.981983432995240602e-01
1.000000000000000000e+00 4.038906322296441864e+00 -3.585346122251233947e-01 4.988145564932024101e+00 -9.584762922925458284e+00 7.767324494415396074e+00 7.666090841154409752e+00 7.970771592686770823e+00 1.959776732239819852e+00 8.219369098420203912e+00 2.584690239583814497e-01
0.000000000000000000e+00 2.755506727469334005e-01 5.973116559671218795e-01 1.713680552816855940e+00 7.571745160674844932e+00 7.203506092939662153e+00 7.481015568462857424e+00 -3.053299729239393745e-01 -1.621968081027256980e+00 2.823977903337348661e+00 -8.388230275682289516e+00
1.000000000000000000e+00 3.623429132572119737e+00 -7.015248595520857666e-01 3.820870634103561425e+00 -8.598156600860711762e+00 5.151511077658550875e+00 7.883298861264485424e+00 8.971695767950308209e+00 3.739379525728501186e+00 8.703610250038744667e+00 6.220903556680146274e-02
1.000000000000000000e+00 4.026851618062626592e+00 9.550564724459212895e-01 4.849991522430322277e+00 -9.541057708039033969e+00 4.462147275671611624e+00 9.051379747231349526e+00 7.519796950448016659e+00 4.471988558767881372e+00 6.846226505579705801e+00 1.090675853753581004e+00
1.000000000000000000e+00 4.036116132855390504e+00 2.937786394724810068e-01 4.357576077333208175e+00 -9.619840268986429521e+00 6.247553749960871095e+00 8.687954168119134124e+00 8.338019197571838959e+00 3.832673777351175648e+00 7.977907195263116868e+00 -8.179247630452124440e-02
0.000000000000000000e+00 -6.218718254538410095e-01 6.830522788035439108e-01 1.078430376691914994e+00 7.475462916162148197e+00 8.371171287029984143e+00 7.199104111602730782e+00 -1.033495728623139875e+00 -8.945814691239259986e-01 1.068460195622793707e+00 -9.875523960822732761e+00
1.000000000000000000e+00 4.021575381302930019e+00 6.196270120296878403e-01 5.111400898583477570e+00 -8.532646196433402608e+00 5.745814253201647404e+00 7.910786978319849894e+00 8.589734841638279050e+00 3.231028939828922475e+00 6.076314075413737470e+00 2.241827029853023845e+00
1.000000000000000000e+00 2.744077529636894219e+00 -6.137637155271360445e-01 4.478283040176785690e+00 -8.659158309851916258e+00 3.801373553949931150e+00 7.610103585995353193e+00 7.426683505095018845e+00 2.198272581321058183e+00 8.633070185586726453e+00 3.892568737994672734e-01
0.000000000000000000e+00 2.514909693469827290e-01 2.166150512836181319e-01 -4.532165476776617297e-02 7.393914106765238081e+00 7.119710872604724017e+00 7.087538753995897167e+00 -1.296688583620950519e+00 -1.717504334751368988e+00 3.610405402023281418e+00 -1.041994962951732262e+01
1.000000000000000000e+00 3.691942006761158801e+00 1.182482888129253729e-01 5.727832787422459049e+00 -9.435329144943493063e+00 6.947542511824499556e+00 7.399117861934261242e+00 9.008827008491980592e+00 3.399552635312624194e+00 8.502805850324186565e+00 1.434444711455574728e-01
0.000000000000000000e+00 5.380675390247982026e-01 2.098551208383803157e+00 -2.530754791412659355e-01 5.764787038776196582e+00 7.445507863122700520e+00 7.201690954372794273e+00 -1.027237922243764423e-01 -1.061545587496766085e+00 4.221356044094696891e+00 -8.372434729290358035e+00
0.000000000000000000e+00 -2.110165157486806886e-02 5.186354667946708741e-01 3.347085136822652851e-01 8.170746964950447833e+00 8.544702805986563732e+00 6.305441462587960899e+00 -8.333036242277080952e-01 -2.297918394647322504e+00 2.108246211645066648e+00 -1.023986530831884245e+01
1.000000000000000000e+00 4.278567100145394875e+00 -1.664329714990210984e+00 4.268089780718582915e+00 -9.916179073708178748e+00 3.863311489657569542e+00 7.740430610725749005e+00 8.619727848191528707e+00 3.680625479374485476e+00 7.462534034137955352e+00 -9.549114825068230061e-01
0.000000000000000000e+00 -8.003688700507828324e-01 1.767064687754390295e+00 3.334392434699642305e-01 7.658462022160238192e+00 8.031585827510285824e+00 6.428534371804685676e+00 -3.156088046268686664e+00 -2.659181743482677884e+00 2.709822742151162700e+00 -9.937264835926438167e+00
1.000000000000000000e+00 3.951984683874998794e+00 1.594296412259327056e+00 5.516344061214708105e+00 -9.473237734263399545e+00 4.132272060745844300e+00 7.017703441685847032e+00 1.055097409223980520e+01 3.303026387435285649e+00 8.742678480066423674e+00 6.467305484243888181e-01
1.000000000000000000e+00 4.180095229744231311e+00 1.546771058091495510e+00 5.975807937099721023e+00 -9.954157498392673276e+00 4.172959610680182507e+00 7.556006627292654265e+00 8.321936228611242825e+00 2.535240921886293464e+00 7.163323280385255565e+00 2.752041491959087871e+00
0.000000000000000000e+00 -1.090412883719126480e+00 3.580198790949561394e-01 9.497889845830370659e-01 7.798640820722729572e+00 7.306647135086687506e+00 8.237373942238701119e+00 -1.473847423249549982e+00 -2.957468139942916352e+00 1.862741761013399833e+00 -9.478211862304682711e+00
1.000000000000000000e+00 4.465830277027825090e+00 1.048855558830140922e+00 4.019131953297100601e+00 -7.995962791252962276e+00 4.601995682852327185e+00 9.322936752520257997e+00 7.914811425577614301e+00 2.811390728744409095e+00 6.992007851378128080e+00 3.751238214644855296e-01
0.000000000000000000e+00 1.126778205214599149e+00 7.095322538647510502e-01 1.028087484439037524e+00 7.325494053810285067e+00 6.463181245629905369e+00 5.885422023453219964e+00 -1.302759986487677324e+00 -2.083057377664360832e+00 3.595952841903983455e+00 -1.172790519606368065e+01
1.000000000000000000e+00 5.251205092787910367e+00 9.833800111925531384e-01 5.330719448371003644e+00 -1.021832628920678410e+01 5.485897176822223997e+00 8.068361639396069762e+00 7.452002195911147098e+00 2.804009142586536107e+00 8.876110411530806488e+00 1.176890228490849566e+00
0.000000000000000000e+00 -3.877318507055457775e-01 3.405501264001280504e-01 1.766960381559125270e+00 6.959694165552276601e+00 7.645354430369626364e+00 5.945662053125926327e+00 -7.321393452018987169e-02 -1.946298930740194111e+00 2.195985380448870927e+00 -8.957553449256419498e+00
0.000000000000000000e+00 -1.060668080257179291e+00 1.233153637949219172e-01 1.609854595111475550e+00 6.569394862065490059e+00 7.359663732799505809e+00 7.165000575940752903e+00 -1.320516727655695277e+00 -9.665006184462483496e-01 8.892796053578835291e-01 -8.261005881858078936e+00
1.000000000000000000e+00 5.618655979935157418e+00 -9.403361334609916522e-02 3.358369707932287618e+00 -9.226568361876450908e+00 5.089245575253721121e+00 8.070064428326544359e+00 7.491902725372845850e+00 4.635091166208457736e+00 9.228756179709066032e+00 5.059590885508550295e-01
0.000000000000000000e+00 -2.585247609925424572e-01 2.752042514946009710e+00 5.460395368558846885e-01 9.475718340327548006e+00 7.201490516357613281e+00 5.747872633616355031e+00 -1.555020650134865789e+00 -2.678104956370837453e+00 1.837114098373533899e+00 -1.027412502346011713e+01
0.000000000000000000e+00 6.726291792455763030e-02 1.355549361588265445e+00 1.408723097489456233e+00 6.869382319787372460e+00 7.056586004139266066e+00 5.253508252562330227e+00 -1.855827354524710149e+00 -2.496755151201406786e+00 3.321536198095292214e+00 -9.332291968543804828e+00
0.000000000000000000e+00 1.189294746446238893e+00 8.012553696695049466e-01 1.140514362120210956e+00 7.236957692669783171e+00 7.940490260877053785e+00 7.147958199761768050e+00 -9.467214873886207194e-01 -1.482892232450084169e+00 1.496062670509136883e+00 -1.074888732059125473e+01
0.000000000000000000e+00 -9.140067989775721990e-01 2.333132948687405284e-01 1.799766442004600009e+00 8.106919238713722109e+00 5.286346089733214626e+00 6.175466853477434626e+00 -1.399069376508346618e+00 -1.822572628338222644e+00 1.693153429013204869e+00 -1.006254876765469319e+01
1.000000000000000000e+00 3.775621618706216598e+00 -2.476425209023339624e-01 5.344629035430082276e+00 -1.025937172732613512e+01 4.653830989488050740e+00 8.579403676873814888e+00 8.074077921898345167e+00 1.987791183054726130e+00 7.185557860384025552e+00 -1.352810386743041882e-02
1.000000000000000000e+00 4.228044068743540329e+00 2.464511222419213166e+00 6.691309383608123440e+00 -9.623488696365754436e+00 7.359768029751704077e+00 7.368808506759087606e+00 9.248016338924122337e+00 5.496512134403170435e+00 7.208448233260568827e+00 8.326303282379874382e-01
1.000000000000000000e+00 3.463985192423550075e+00 2.015116104597980407e-01 5.976227835480394823e+00 -9.758572450756744843e+00 4.617269993486541324e+00 6.557971030116699573e+00 7.941544184052219180e+00 2.021248101596679891e+00 7.636874244171742099e+00 7.916696454113947290e-01
0.000000000000000000e+00 -3.994509139615604054e-01 1.627237434727230037e+00 1.035071943697770225e+00 6.244037250564229424e+00 8.214705334256198199e+00 7.084676868881945921e+00 -1.474406738374014925e+00 -1.603341876171347380e+00 3.871237772689279488e+00 -1.088676270169428939e+01
1.000000000000000000e+00 3.544717695968761628e+00 4.980757274119902434e-01 3.094845738874953511e+00 -9.870407534127238591e+00 5.520926027624716959e+00 8.641745198095842184e+00 1.001657195727887562e+01 4.931010431870003430e+00 7.365720124152161041e+00 1.091630575374810785e+00
0.000000000000000000e+00 -9.522823546329714506e-02 1.478750897138987330e+00 2.491821655956372616e+00 8.474121753019666414e+00 7.032054486752496558e+00 7.099903157662521558e+00 -1.979165252147436327e+00 -2.780073686670634814e+00 1.810184369674286531e+00 -9.615795102457797228e+00
0.000000000000000000e+00 1.041184983046437695e+00 1.655796796457947417e+00 -1.119508335900591955e+00 7.497189395055181116e+00 7.581405481682547354e+00 8.081179668374108616e+00 -1.497520060057721203e+00 -1.993662873519661316e+00 3.800830141375962867e+00 -8.554169498863817722e+00
0.000000000000000000e+00 -9.745882203604655514e-02 6.270998631880803087e-01 1.608663855791629960e+00 8.433218680646122678e+00 6.086579899174552999e+00 7.112237762011512032e+00 -1.038468679464721323e+00 -2.785497196469961967e+00 2.319653857532276042e+00 -8.048028252081742551e+00
1.000000000000000000e+00 4.693480874651937640e+00 7.174941891832467000e-01 6.527568197861487675e+00 -7.793680683223975336e+00 5.399042210983666656e+00 8.317670104314034418e+00 8.705379833046462679e+00 3.428913357088348768e+00 6.772638371444636540e+00 1.018632197085300950e+00
0.000000000000000000e+00 -6.660710412186137130e-01 2.011476979119018793e+00 1.576475057537068958e+00 7.541589592766198891e+00 8.397396868794340108e+00 5.404207352646050566e+00 -5.104374000366962427e-01 -1.595416503806972530e+00 3.717864885509273520e+00 -1.097670444430031900e+01
0.000000000000000000e+00 2.266984411278650247e-01 9.699586497198174895e-01 5.060534118890706035e-01 7.537537876204924103e+00 7.523580521165020407e+00 6.365051707787213964e+00 -5.169292690230692378e-01 -3.345091308052904111e+00 2.723581213770128073e+00 -1.126172272198617463e+01
0.000000000000000000e+00 1.021341706091333235e+00 6.155778723971188082e-01 1.892867163405730135e+00 8.237711234474677013e+00 7.336494932006096370e+00 6.353128398445255343e+00 -1.256088910125154667e+00 -2.898406149598510506e+00 2.663204613437322177e+00 -9.323161050935290461e+00
1.000000000000000000e+00 3.490953598428046867e+00 8.644218800301833872e-01 4.060214149397451067e+00 -1.165367218778662917e+01 4.787591163790133386e+00 6.784066942270809975e+00 9.981796301507172231e+00 4.077163862230819724e+00 7.584757430742774531e+00 1.433021057612325677e+00
1.000000000000000000e+00 6.293178336864867717e+00 2.929931204072795392e-01 5.237376807031254522e+00 -8.671781072913102406e+00 6.006962436966217567e+00 6.913118273334182717e+00 7.897645009329611554e+00 2.122087222182495569e+00 7.617782942020714820e+00 2.203599129824411307e+00
1.000000000000000000e+00 6.475081229699323870e+00 1.281955104168175374e+00 2.865732501969703083e+00 -9.252307529141152287e+00 4.836949310544411240e+00 8.204940238418501508e+00 1.043933608374609001e+01 3.444815388409535828e+00 6.911880587765001138e+00 1.767636943143848338e+00
1.000000000000000000e+00 4.978147433974738689e+00 6.184741045417863070e-01 5.595668649345621581e+00 -9.039660433946092866e+00 5.841092774094740925e+00 8.802076405984415430e+00 7.848769014792290832e+00 3.044664378050945253e+00 7.801050998266529923e+00 1.938813197098715690e+00
1.000000000000000000e+00 5.257908621991736808e+00 6.907950506745850205e-01 4.953289274964475908e+00 -9.021241953946319114e+00 4.683991544347129832e+00 7.353970673014601722e+00 8.523756464560916513e+00 2.334940785244997041e+00 7.430265360533961250e+00 7.634044418233062457e-01
1.000000000000000000e+00 5.085059659920623254e+00 2.514089384217322198e+00 4.713664511143256242e+00 -9.589517497230984233e+00 4.315599816738522776e+00 7.826149155880045782e+00 7.481175851951994638e+00 3.288490853380149570e+00 6.837834968465941188e+00 1.450444968201169749e+00
1.000000000000000000e+00 3.589038985457242426e+00 1.193978241581563182e+00 4.396493788607488185e+00 -8.011116042116967151e+00 8.252526835986031983e+00 6.480997512635020108e+00 9.198348882295011464e+00 3.715379431009272260e+00 7.572547790644724941e+00 -3.135800092617284651e-01
1.000000000000000000e+00 3.221721348983461741e+00 1.472739829665143496e+00 5.822705517184328272e+00 -7.727949558342282366e+00 5.858300514124033853e+00 8.640307060532416372e+00 9.712415594585621648e+00 2.305190153521462726e+00 8.174229068853836822e+00 1.160223296519636849e-01
1.000000000000000000e+00 2.647207745630898668e+00 1.018728060852972517e+00 4.887870537053542463e+00 -8.863375245590230378e+00 4.956022673379190557e+00 7.330168720722255671e+00 9.000202192645593513e+00 3.627510718873622420e+00 7.468640774520635794e+00 7.356101990169090499e-01
0.000000000000000000e+00 -9.074971557709710090e-01 1.427789392398256529e+00 7.651252400631378681e-01 6.927085347113590252e+00 7.204651924101264981e+00 7.575564700952146069e+00 -2.350478198911648775e+00 -1.640332413798189393e+00 3.707602927624683353e+00 -1.025476234565722855e+01
1.000000000000000000e+00 2.757205955084327975e+00 5.800629598769363460e-01 4.651735494109642488e+00 -7.526037259933749723e+00 6.352335188774321573e+00 7.416309563355058643e+00 8.609043332611193478e+00 2.298978043039876518e+00 7.412577364701471438e+00 1.732372678899972707e-01
0.000000000000000000e+00 5.587051325065064411e-01 1.481166486254131609e+00 1.351253187779413611e+00 8.073357583993757913e+00 7.017736461425483796e+00 7.205748822740636328e+00 -2.268041405354044304e+00 -3.452376929017173524e+00 1.416015760788768896e+00 -1.062152136884418141e+01
1.000000000000000000e+00 5.390592545130565405e+00 1.244658632165533074e+00 4.630109906977661005e+00 -8.607916814294595653e+00 4.035216476807981678e+00 7.746454666008949275e+00 7.655168215501472417e+00 4.489361999574525086e+00 6.688862447732704553e+00 7.994802627168217102e-01
1.000000000000000000e+00 4.639231497357958034e+00 1.336555803103248286e+00 5.012202856301922083e+00 -9.025964869985463324e+00 4.302539661805814042e+00 7.465616026153346851e+00 9.383619496070974009e+00 3.085771351098506532e+00 7.814938681829445066e+00 1.978209603528283456e+00
0.000000000000000000e+00 6.824574399921546908e-01 2.506632342382038026e+00 1.186376843857992469e+00 6.778676087118236104e+00 6.204379713366305005e+00 6.567553012160345816e+00 -2.044913455118509971e-01 -1.802088293029474153e+00 3.921431742720071334e+00 -1.054559577857014929e+01
0.000000000000000000e+00 4.042799793078936665e-01 1.096197828808803232e+00 5.082348790976555231e-01 7.843253013040460964e+00 7.735515040104297135e+00 7.673597826169424430e+00 -1.776336420775956881e+00 -3.266199944753321205e+00 2.784359071633414118e+00 -8.214666244198307155e+00
1.000000000000000000e+00 4.281013843591836121e+00 4.858202114948372285e-01 4.669261718882671275e+00 -9.286911207541090008e+00 7.112954252191579840e+00 6.661562776626541726e+00 9.257353512352386460e+00 4.258580051907749464e+00 7.893544239860490919e+00 7.252325846231872930e-01
1.000000000000000000e+00 4.613439417812678300e+00 1.551654794002618853e+00 5.295569143054576600e+00 -9.951895630728365916e+00 4.935247969108008448e+00 7.736973918922544158e+00 9.281137269817341107e+00 5.006213452483883941e+00 8.302089523499610380e+00 5.201275655270395371e-01
0.000000000000000000e+00 4.767132461340400917e-01 1.391911140187357399e+00 1.073020940471640428e+00 7.511204465257317331e+00 7.800182425086257254e+00 8.494302835780084493e+00 -1.606800869991652281e+00 -1.290064128669194510e+00 3.798534852701598741e+00 -9.861370785746624179e+00
0.000000000000000000e+00 1.231155535485084496e-01 1.800546376311433772e+00 9.600486814498828680e-01 7.166434558296082002e+00 7.533898043344809281e+00 6.258468292949985745e+00 -1.323144280870220069e+00 -2.515374081752606905e+00 1.809220034888477047e+00 -7.813086984166600857e+00
0.000000000000000000e+00 2.583767985644600085e+00 7.316059271362749250e-01 2.377179279252269239e+00 7.335109024277218559e+00 7.200211724359525611e+00 8.525295421080542724e+00 -5.352913317080243427e-01 -1.445586903960153879e+00 2.075022544854558948e+00 -1.155008469298690699e+01
0.000000000000000000e+00 7.746265882008412929e-03 9.094044433692407559e-01 1.158443911229197099e+00 6.769852120064771661e+00 7.317954255219511595e+00 5.859328154780732767e+00 -1.341460774853802107e+00 -2.972577185584206028e+00 3.704819334909444706e+00 -8.395836392968302420e+00
0.000000000000000000e+00 -7.612050366256072342e-01 -5.052034217758460954e-02 1.187758437091721575e+00 8.028483013528369128e+00 6.867931318240123595e+00 7.997250253355679739e+00 -1.006498897795595315e+00 -1.811308126349236547e+00 2.472561595051615324e+00 -9.877903020923060495e+00
0.000000000000000000e+00 1.236019585087334116e+00 -1.937799570296805385e-01 7.166543643650415962e-01 8.765998373508844921e+00 8.043609034931455071e+00 6.079959584505025383e+00 -1.740427939288254677e+00 -2.428547621750374752e+00 2.956784124424904903e+00 -9.513939249599074444e+00
0.000000000000000000e+00 -1.292993960941205833e-01 7.065748283105921512e-01 1.079683602752898874e+00 7.839469133049250971e+00 6.059272166666258563e+00 6.255874362263735833e+00 -2.292025789119553458e+00 -1.324986796239898457e+00 4.074074593107581244e+00 -8.813864330734519470e+00
1.000000000000000000e+00 4.266771281869668364e+00 1.293040759311833376e+00 5.828532270962174522e+00 -9.898899966145560114e+00 3.399062634848280862e+00 7.977324767161708685e+00 7.198271720477366742e+00 3.132351546964581068e+00 8.348850973753910054e+00 1.529013773566328727e+00
1.000000000000000000e+00 4.428203065032779939e+00 -4.327244407805110882e-01 5.683645495617165366e+00 -8.592042935215163268e+00 5.254704176804351867e+00 7.731563927199704978e+00 6.913040318700344855e+00 3.732824613706843486e+00 8.519310864044925324e+00 1.152726227468016562e+00
1.000000000000000000e+00 2.925967262940041280e+00 1.576549311977434975e+00 4.886999470254605349e+00 -8.731796640794684095e+00 7.115723922393364376e+00 7.005377603096641259e+00 8.738637365290443881e+00 4.066079830272109064e+00 8.603717898348152815e+00 6.630639714177759547e-01
1.000000000000000000e+00 4.045371945275037184e+00 1.927251519026156545e+00 5.660131646115508453e+00 -1.007722313078868481e+01 7.335953490879156824e+00 6.971271453106598237e+00 7.541307827817878895e+00 4.743822540173324498e+00 6.749430741518717802e+00 4.980276955719893373e-01
