1.000000000000000000e+00 2.078083166740340992e+00 2.660210122964465018e+00 1.828967439574487708e+00 -5.313094902024505517e-01 -5.827087753998777542e-01 -2.159827599297189149e+00 -1.809945650116631555e+00 1.595239612207094870e+00 3.908772587209735416e+00 -9.229362531235779654e-01
0.000000000000000000e+00 2.374846022322917971e+00 -1.961836708921605332e+00 3.540008681365189869e+00 5.516718569489412971e+00 3.221859615734718574e+00 -1.853716183489874547e+00 -3.146139832427024441e+00 -5.542460683603467331e-01 4.848660884424094153e-01 3.739055748646312072e+00
1.000000000000000000e+00 3.079226276843951560e+00 2.192859193319669053e+00 1.665455266465718953e+00 -1.874075394106014425e+00 -2.848506606455404544e+00 -5.141901522795404578e-01 -2.416437059973771895e+00 8.529216367460884518e-01 4.523998777849809194e+00 -4.268278805346611415e-01
0.000000000000000000e+00 4.628870045568454827e+00 -7.840361444455188344e-01 3.977553465512815301e+00 2.798868001993683130e+00 1.316306701513897170e+00 -1.855243863845755570e+00 -3.045525030559870228e+00 -1.141994207839875930e-01 -1.499291015499697233e+00 2.218184507452837462e+00
0.000000000000000000e+00 4.024266404481608106e+00 2.296765553888810985e-01 4.649947754824899526e+00 3.972485536173208764e+00 1.751078129531478345e+00 -2.500715999521164079e+00 -3.057337217550770259e+00 -3.551615646213284183e-01 -1.479267231135628080e+00 3.094013045581746724e+00
1.000000000000000000e+00 3.254372642649557612e+00 1.357008920379883632e+00 7.267088156088313822e-01 2.409464296304971720e-01 -1.132858480601371731e+00 -2.499073705573152004e+00 -2.389495344312873470e+00 9.834241331024876631e-01 3.830640705646084498e+00 2.530985297553109414e-02
0.000000000000000000e+00 2.456671116159760082e+00 -2.355429327473273382e+00 4.413122588444863936e+00 4.092391517874629514e+00 4.381974902320162180e+00 -3.860554044908196314e+00 -3.200969329204605973e+00 -3.181855297704432317e+00 -1.151530326493448886e+00 2.857819777618105572e+00
0.000000000000000000e+00 3.224835186944119858e+00 1.624821423911432250e-02 3.517909655601301644e+00 3.944732011853773646e+00 2.592256062508639047e+00 3.761405139273632514e-01 -2.995961915063379610e+00 -1.818671276874262999e+00 1.341026464187293321e+00 2.042999877630805816e+00
0.000000000000000000e+00 4.285961785431560145e+00 7.862418545028442285e-01 4.025257196807385363e+00 4.002890253560851264e+00 2.337283524978693627e+00 -1.147245509577589306e+00 -4.938606447612501782e+00 -9.293833352566197581e-01 -2.989165200649094301e-01 2.646126253406666518e+00
1.000000000000000000e+00 2.699811141410909610e+00 2.990165234640046243e+00 9.376049265678786382e-01 1.264902365762915482e-01 -1.039005110037487523e+00 -8.182824314245786823e-01 -4.085142776331929682e+00 1.321745080518456517e+00 3.674290568359693143e+00 -8.371721978510494599e-01
0.000000000000000000e+00 3.081049024477989118e+00 -2.120405650978299139e+00 6.993808199714579565e+00 4.417704802725955560e+00 3.168599402050777947e+00 -1.375948696495492563e+00 -3.945433561196945327e+00 -4.907821911203893439e-01 -1.444942699830708221e+00 2.867750077132614095e+00
1.000000000000000000e+00 2.483943832109056338e+00 2.668625146928452985e+00 1.167661563790889589e+00 4.839737131696000283e-01 -1.411236882601565545e+00 -2.707777308166768648e+00 -2.763080017587057124e+00 2.401423796112156062e+00 4.778902856516148212e+00 9.017056865151493739e-01
0.000000000000000000e+00 2.982647961943533321e+00 -6.231465949776413549e-01 6.142564013279994128e+00 6.369095769070112212e+00 4.407258129805514457e+00 -1.166096839841086696e+00 -3.273673203684544397e+00 -1.715664309457344272e+00 5.126946771412399517e-02 2.067188168936099579e+00
0.000000000000000000e+00 3.334974162385153651e+00 -1.250063066909739895e+00 3.652314193955200849e+00 2.156352908011916814e+00 2.892089361036847883e+00 -2.070631167172888532e+00 -1.046541961313151248e+00 -4.077464288891741173e-01 -1.351351256147011792e+00 1.497785261969273751e+00
1.000000000000000000e+00 2.899403609363211842e+00 1.015754933023975681e+00 7.774429141868310911e-01 -1.871836288527601644e+00 -4.152722406249952369e-01 -1.492494416923229483e+00 -2.791425393019349332e+00 1.074780798994911191e+00 3.747907648288611338e+00 1.118970359287966065e+00
1.000000000000000000e+00 2.105535290729999787e+00 1.778197858474190429e+00 -1.356674450323200887e-01 -1.048504533759573309e+00 -1.190636977267046870e+00 -1.093796753027846957e+00 -5.777451194698936199e+00 6.728011457751279512e-01 5.621471183440265307e+00 -1.600613288454666661e+00
0.000000000000000000e+00 1.722780923448867574e+00 -1.227564732533530822e+00 4.371897680377153428e+00 5.637360981018085582e+00 1.812354692505692144e+00 -2.171799588457875796e+00 -2.989868424261384661e+00 -2.597803079840018903e+00 -6.904534533122552720e-01 1.534856934255331318e+00
1.000000000000000000e+00 2.762816848599423114e+00 1.800919967752520723e+00 2.450292988149028517e+00 -1.686037788258366588e-01 6.606168317964313808e-01 -1.682898239309470023e+00 -3.309019040799747735e+00 9.991966957608893196e-01 3.564101932184946087e+00 -8.707761116223339259e-01
0.000000000000000000e+00 1.920190000212681047e+00 -5.496922269810227135e-01 4.618490760896556857e+00 6.859970473944143166e+00 4.235167064077291599e+00 -2.553360355043134078e+00 -1.803796250578120208e+00 -1.503054066541751999e+00 1.040326763283289990e+00 1.952974675456104592e+00
1.000000000000000000e+00 3.284543141341605299e+00 2.536629690020785421e+00 1.187146507478108903e+00 7.253542409870730179e-01 -5.864225291276822238e-01 -3.186377958360321117e+00 -2.606624531997613126e+00 2.206300110552516625e+00 4.704440369126830390e+00 -1.258371325047911382e+00
1.000000000000000000e+00 1.762454630154414836e+00 3.119525492346244988e+00 1.558704504642477673e+00 3.465364376471760099e-01 -3.699212304032843401e-01 -3.220198370462723947e+00 -4.150311909790395326e+00 3.772253137875380968e-01 5.127194274259339934e+00 -9.350105730804333937e-02
1.000000000000000000e+00 1.417644935989173849e+00 3.322893336839661593e+00 2.417118224509831048e-01 3.453384580184009067e-01 2.768615064781985158e-01 -3.213060582146284982e+00 -2.139131849525131912e+00 2.138689205286072870e+00 4.997099018983306884e+00 3.792759514872917626e-01
0.000000000000000000e+00 2.086628681721009126e+00 5.851001361444629900e-02 5.222516076904416771e+00 4.029235137717621207e+00 3.117070880483072237e+00 -2.388681604494413246e+00 -3.266040552014203957e+00 -1.625609635346253468e+00 -6.153080664623302720e-01 2.373297200326101475e+00
0.000000000000000000e+00 2.643927803504213525e+00 -1.271405702007652572e+00 3.101386032910667723e+00 3.772219344532832253e+00 4.812257678042117348e+00 -2.767591037945036359e+00 -3.762370130338283047e+00 -9.999441868725251759e-01 -7.022651843875166167e-01 2.425434988888138577e+00
1.000000000000000000e+00 2.066059528268723078e+00 3.093602173645337405e+00 7.967796604359685952e-01 -1.164285800900140000e+00 -1.350237799089112789e+00 -2.450365884804138528e+00 -1.853371100311945519e+00 6.758512481105019010e-01 5.142284541244544371e+00 -4.791482544436140301e-01
0.000000000000000000e+00 6.349191080218428596e+00 -2.522334287022798271e-02 4.569316741389003234e+00 5.077865098532317489e+00 2.657631771249280295e+00 -2.442881648060321265e+00 -3.520758323411062651e+00 -1.497516947639878193e+00 5.855572919866558479e-02 2.011201557960591746e+00
1.000000000000000000e+00 3.330765342166102094e+00 4.194218165615522409e+00 1.172787145246544593e+00 1.813998629092765213e+00 6.545095499559150376e-02 -2.051171182840910046e+00 -6.316863113509207928e-01 1.656944163073467813e+00 4.099648375022386659e+00 -4.487045955346274928e-01
0.000000000000000000e+00 2.957469972706554984e+00 2.533372081222955430e-01 5.344386515686512240e+00 4.701341195428107689e+00 3.426433130008131656e+00 -4.010515986076121919e+00 -3.598946553042025265e+00 -1.319548349012733102e+00 -1.302008148442535873e+00 1.540243963965098217e+00
0.000000000000000000e+00 3.004723740857707437e+00 1.026185072948212706e+00 3.380608252040643080e+00 5.880604859897394121e+00 4.033928059009425304e+00 -2.666190309997666041e+00 -2.269828957907703337e+00 -3.113127118039531460e+00 -9.057659034251830388e-02 1.112579589675521952e-01
1.000000000000000000e+00 3.323747862875784165e+00 3.392180001238103149e+00 2.147225499064697285e+00 -1.428806593943480419e+00 1.207824082178864389e-01 -2.867237179724817064e+00 -4.541697847137148081e+00 6.134061176002392202e-02 3.337547762526519524e+00 1.144082940409256732e+00
0.000000000000000000e+00 2.853228927562839079e+00 -3.260115375178633368e+00 4.045617391520460515e+00 4.522644552563990672e+00 1.348519790358191806e+00 -3.062423873847840206e+00 -5.220574037302720072e+00 -1.161025015179125486e+00 9.361212509769125667e-01 2.639134024858147853e+00
1.000000000000000000e+00 2.848023890230501287e+00 2.717779367505067434e+00 1.000361242775076542e+00 4.810913437785153679e-01 -4.055772878262026149e-01 -1.405748183456608791e+00 -2.690132544615709165e+00 1.467750589883554335e+00 3.466050476009620240e+00 -6.039232046826905620e-01
0.000000000000000000e+00 2.503972486489807636e+00 1.834656740146356491e-01 4.040343102358056271e+00 5.131265041730423526e+00 3.795235132531473266e+00 -2.651913486568633793e+00 -3.979642733172958025e+00 -1.498141313027619104e+00 7.277405126501250709e-01 3.012619856447540378e+00
0.000000000000000000e+00 2.798189977217514279e+00 2.921812913962500424e-01 3.683882019182037393e+00 6.407914021700738871e+00 4.916952287403255184e+00 -1.604400524659389315e+00 -2.777504901049091757e+00 -2.075458089824745667e+00 4.635862712196128221e-01 3.619823563284080059e+00
1.000000000000000000e+00 1.929695791763496260e+00 1.845745726761359951e+00 1.201133052832832782e+00 -7.709137926434611598e-01 -1.420368753810981932e+00 -1.301767785251873200e+00 -3.579445478813517489e+00 3.435264995205857819e+00 5.485708427921186292e+00 1.705322715056827865e-01
0.000000000000000000e+00 3.233520292661177464e+00 8.490195581343140674e-01 3.888390633639812854e+00 5.677330841752826984e+00 2.821863787484534036e+00 -1.826800817812878730e+00 -2.357431532899282978e+00 -8.323848606071161393e-01 -2.596969282442955773e+00 1.866691132120400942e+00
1.000000000000000000e+00 2.418175652098063289e+00 3.470366358931880502e+00 1.617798202130340535e+00 6.673499876967987632e-01 -6.573401888662666614e-01 -2.715369745112752309e+00 -2.015095608859151177e+00 2.110762406866022900e+00 5.231168979612650816e+00 1.199537273463984755e-01
1.000000000000000000e+00 2.965933282035293495e+00 1.898421443231760986e+00 1.746377031703853833e+00 -7.189389986334263627e-01 1.137863485207217362e+00 -2.404114929251377042e+00 -1.283001227804897004e+00 1.620766424819147566e+00 5.320098332207567893e+00 7.839624287755408982e-01
1.000000000000000000e+00 2.617723869522442737e+00 2.937675603579017913e+00 2.061859401922084611e+00 9.310054023530267564e-02 -1.211998296798617814e+00 -2.808757198616118167e+00 -2.652745274906665340e+00 8.116626952019105889e-01 5.755705691338947716e+00 -7.961268509850589759e-01
0.000000000000000000e+00 2.921562454724115465e+00 -8.522073803413341420e-01 3.785921002636686072e+00 5.571771305269621166e+00 2.960265095757599330e+00 -8.424741370520529848e-01 -2.991787312720609826e+00 -1.177529953717637135e+00 -1.076867417168429153e+00 2.857861989530377400e+00
1.000000000000000000e+00 8.532051657318584503e-01 4.912232675547968164e+00 1.052843685479760927e+00 5.718579706693325271e-01 -1.073628091451247935e+00 -1.590728198382285630e+00 -2.988777680208788201e+00 1.405135693271416519e+00 4.850714722228976150e+00 -1.507146104008382670e+00
0.000000000000000000e+00 2.149618537482304248e+00 -2.473384922056459878e+00 3.807218101071757399e+00 5.316512993952828836e+00 3.577743201057020705e+00 -1.512317786009868881e+00 -3.040035187656266125e+00 -2.879694762217287263e+00 -1.048245050045329085e+00 1.815034046952600288e+00
0.000000000000000000e+00 2.615860730207604679e+00 -1.826544302041162249e+00 6.608357310395485129e+00 3.631154329157005201e+00 5.216070985683892047e+00 -3.520811738184993267e+00 -2.178358662339908491e+00 -2.262124211343181202e+00 1.155452963238474462e+00 1.375061962240653246e+00
0.000000000000000000e+00 4.387193947196212918e+00 -1.116813970554019653e+00 5.370663635648841527e+00 4.217172458098048970e+00 1.923866721573578520e+00 -2.348709245500400389e+00 -2.190713837649900242e+00 -2.246092985281245902e+00 4.803192557909516935e-01 1.835495848195623836e+00
0.000000000000000000e+00 3.378575607851079798e+00 -5.034502893844762239e-01 3.474700602781301662e+00 3.864134967394024400e+00 3.351552921665896800e+00 -1.904870427479863348e+00 -2.541868957224223458e+00 -1.496377977968203599e+00 -1.236481947432494621e+00 6.499681491355426388e+00
0.000000000000000000e+00 2.572460447577363141e+00 1.411136987797025899e-01 5.788496824686310660e+00 3.293581830828384405e+00 5.194960330911881030e+00 -3.158506646423969055e+00 -3.739167690964956492e+00 -9.439221021854492522e-01 2.282148527927390091e-01 3.355967570550392853e+00
0.000000000000000000e+00 4.017584672819202396e+00 -7.681988188695222375e-01 6.230622956579095373e+00 4.682576542509873541e+00 3.509145466327603380e+00 -1.988649665884047124e+00 -4.250148348475722315e+00 -2.035660408188318726e+00 -1.125338409929875771e+00 2.467886834850283151e+00
1.000000000000000000e+00 2.439173821776281503e+00 2.524881726413667593e+00 2.140016075078275293e+00 -1.011142871884585848e+00 -1.384815506440018495e+00 -2.231128406001781528e+00 -2.395271029647999761e+00 1.403233998447740216e+00 3.581740228472821919e+00 2.554638292630579399e-01
0.000000000000000000e+00 3.071020567097178855e+00 -6.782456331057198362e-01 3.050791197426757861e+00 4.454092730286397739e+00 1.544556582915918019e+00 -2.423405746074219103e+00 -4.422010686272027868e+00 -1.088138020479508583e+00 -1.002596658510690686e+00 2.622591419126804713e+00
0.000000000000000000e+00 3.842976787061085808e+00 8.882945332557485862e-01 5.881081038071319433e+00 4.201130520484328557e+00 3.156658056775554666e+00 -2.453726100038803093e+00 -1.400703461749825074e+00 -9.055355437074907865e-01 -2.509559776676014708e-01 3.187728293103643473e+00
1.000000000000000000e+00 2.754054177585385510e+00 1.937855581739544419e+00 2.373585463189545219e+00 -2.644581486704683737e+00 -4.815465789902846350e-01 -2.186537980331093145e+00 -3.744967940310039545e+00 8.283918439575105319e-01 4.718705544400123131e+00 -1.706203721843594368e-01
1.000000000000000000e+00 1.159773211257673076e+00 1.244356739219922181e+00 2.030500146833131403e+00 5.492576811037175322e-02 -1.124120604435561166e+00 -1.249334885628713199e+00 -2.255549461931209088e+00 4.991188824064471952e-01 4.766020744018071298e+00 9.623375202882484825e-01
0.000000000000000000e+00 2.869168690564077195e+00 -1.503602738226766933e-01 4.385008006646095247e+00 6.065813539920712039e+00 1.863839216417965794e+00 -4.326553572150031002e+00 -3.566804340384468031e+00 -3.527930304760539038e+00 -7.971326061293981802e-01 1.416085132308432692e+00
1.000000000000000000e+00 1.136584563202898579e+00 1.212016772488189620e+00 7.294552600974326673e-01 -9.607409580340239286e-01 -7.080828160150202111e-01 -3.142301795847170176e+00 -2.540957650353698138e+00 1.056659148132208514e+00 3.889116680510585677e+00 -7.334712239226688357e-01
1.000000000000000000e+00 2.606390798936703668e+00 2.037015321650851529e+00 1.181783326134693057e+00 -1.760796103501848897e+00 -7.910676467319397442e-01 -1.780643667219713677e+00 -3.951642086986689506e+00 1.528610436082184831e+00 4.741721070337995947e+00 1.907181696063396270e+00
1.000000000000000000e+00 2.830090113674933683e+00 4.017198594000394252e+00 2.025700222328255862e+00 -1.517282695318725727e+00 -1.831787609797218774e+00 -8.664952932015651532e-01 -5.269572706789308114e+00 5.705799455175224466e-01 3.497540212276311955e+00 -1.169003511305938048e+00
1.000000000000000000e+00 2.221048505176277832e+00 1.814831218323565309e+00 6.753444164997259858e-01 -1.008571818246324359e+00 -4.261614475993806828e-01 -1.324707921460769100e+00 -2.526913966195851735e+00 1.634959843302423277e+00 4.846801828031574999e+00 9.174982411808592087e-01
0.000000000000000000e+00 2.748433190170710638e+00 5.469888079211761012e-01 6.322660630479999710e+00 5.355920489426930331e+00 4.220361741718281046e+00 -2.471472532007299439e+00 -2.587501571599580608e+00 -1.413151037562087708e+00 -1.516895051404755890e+00 4.169231455994269808e+00
1.000000000000000000e+00 6.308380893440654891e-01 3.116121910415496021e+00 4.282234872438565043e-01 -6.139465669171221274e-01 -1.734742270029118183e+00 -1.242686884692119520e+00 -6.402607443477994487e-01 1.023339545175507848e+00 7.246733160134432694e+00 5.267390704295927817e-01
0.000000000000000000e+00 3.331970765036308180e+00 -1.154908957235989186e+00 4.282926036621058863e+00 6.058393475170991138e+00 3.597574757326100769e+00 -2.023175319158146301e+00 -4.563393554359258530e+00 -1.151666501882858240e+00 -1.220960734650259782e+00 2.083034587069042765e+00
0.000000000000000000e+00 2.617876128724140106e+00 -1.514489568190354074e+00 5.078181734864947394e+00 4.618402278537653949e+00 5.249952996220556223e+00 -1.555206684014486029e+00 -3.153761395325510808e+00 -2.994223227085140770e+00 -1.499219712682605454e+00 3.316188417460854243e+00
1.000000000000000000e+00 2.016877120612019070e+00 5.318998185793605060e+00 1.650870421056855886e+00 5.817177908793147445e-01 -2.523635804284024564e-01 -1.494330880999833244e+00 -4.312850216289866090e+00 9.625480678361713061e-01 3.976878817496018570e+00 -6.678455135399281595e-01
0.000000000000000000e+00 4.345588848737382826e+00 -2.518120298501071108e+00 5.212758134285164324e+00 6.212627991270551320e+00 2.709186913589427981e+00 -1.192328640840250475e+00 -2.628348658662791770e+00 -2.498417361873797926e+00 -4.161174075972881581e-01 3.248441628174844720e+00
0.000000000000000000e+00 1.541856281193491496e+00 -6.601038275367716590e-01 3.369048951984320084e+00 6.234447436933648667e+00 4.089320607693159637e+00 -1.784583424631181137e+00 -2.895122338379581883e+00 -1.730923863576157684e+00 -1.014663933375430815e+00 2.479307422061759247e+00
1.000000000000000000e+00 2.404334329159663497e+00 1.901360955225448457e+00 6.263276423062474896e-01 -7.002539377182109837e-01 -7.330980057287539431e-01 -2.742721331689940811e+00 -3.968091686402561713e+00 2.606004254752932958e+00 3.965037863658923190e+00 1.588681858067835018e+00
0.000000000000000000e+00 4.221901658133186963e-01 6.104012405929348795e-02 6.205572749004250710e+00 4.116311869232753828e+00 3.611508811933137331e+00 -2.182242431435453156e+00 -4.493445251735474599e+00 -1.552502904597500288e+00 -2.625091210673788034e+00 2.829450541595706969e+00
1.000000000000000000e+00 2.594732149918307584e+00 1.650818178606272557e+00 9.485063639951535341e-01 5.329438258972254427e-01 -1.948641554497660300e+00 -1.453557943218932280e+00 -4.288540281653162367e+00 7.710346598842452437e-01 4.599945035578792307e+00 -1.603465834016195135e+00
0.000000000000000000e+00 3.001275963276332615e+00 -6.451135163069712242e-01 4.558741707391151365e+00 3.762133508249455360e+00 4.951443864959315100e+00 -3.703284767337256866e+00 -3.721428695885178772e+00 -2.088033486451866594e+00 8.220131702684252417e-02 3.151692525650042320e+00
0.000000000000000000e+00 3.094992580465783405e+00 -4.335676824751119596e-01 4.876066999100169497e+00 5.946524085398342763e+00 3.688323461940692383e+00 -3.883629764219674652e+00 -2.660859147417419468e+00 -1.920422034705622005e+00 -2.083202139176659751e-01 2.084520839599280251e+00
0.000000000000000000e+00 1.122689571067785330e-01 -9.856302261386385988e-01 3.700640373046320875e+00 6.248504099894387487e+00 2.919540512070278204e+00 -1.786913354659917852e+00 -3.348775781988775790e+00 -1.493723984203646937e+00 -1.772224097434383916e-01 2.494847863427902546e+00
1.000000000000000000e+00 2.948804444771170985e+00 2.591926961390976114e+00 1.033182787119218293e+00 -1.084122159677515240e+00 -1.173163118569102936e+00 -1.418111976524859097e+00 -4.032105277935905008e+00 1.157566030068993834e+00 4.584293678179819587e+00 3.686275071679318005e-03
1.000000000000000000e+00 3.002256678488006703e+00 3.474555069325554246e+00 1.033658813153472522e+00 4.739770947282242464e-01 -1.122283478897688314e+00 -1.341343859682476714e+00 -3.691144767487633427e+00 1.895399398587312989e+00 3.887685419164056189e+00 -8.849507213065543887e-03
0.000000000000000000e+00 3.361570996563062685e+00 -6.705792679185518246e-01 4.195665411278979740e+00 5.953293779184434698e+00 2.847427342969600428e+00 -2.714858888338425924e+00 -3.458174036683417718e+00 -2.817680957776522721e+00 -2.123386281160710709e-01 1.558013271380335629e+00
1.000000000000000000e+00 2.904835460581201012e+00 2.453956951662648045e+00 7.818385843522820400e-01 -1.853637159201990237e+00 -6.001033658733281317e-01 -2.731730283522834313e+00 -4.765248355628063592e+00 1.197042612414213725e+00 3.999792011016563009e+00 1.261309782562294313e+00
1.000000000000000000e+00 2.788550622593490402e+00 3.775369266016704195e+00 2.556461826839286466e+00 -1.618185120283014200e+00 -1.456498939371146939e+00 -8.191581517342076957e-01 -2.535718569961856073e+00 1.029584349812315835e+00 3.516596919864529713e+00 6.158364765876132019e-01
1.000000000000000000e+00 3.021953067768574197e+00 2.993644503531301737e+00 1.513054215213367470e-01 -2.064843757548890046e+00 -3.245128861414811050e-01 -1.433034813494838522e+00 -2.630964608858804343e+00 2.278546301458017176e+00 4.401334245310863480e+00 -4.281472731600341475e-01
0.000000000000000000e+00 3.136316689713220196e+00 -1.366109011266004813e+00 4.602553986185409229e+00 4.161577830517115828e+00 4.260636528067271556e+00 -2.252079972123392615e+00 -2.396369232756848877e+00 -1.218204544952203650e+00 -7.932428366881711934e-01 3.444680695144552551e+00
1.000000000000000000e+00 1.247214741220226353e+00 1.710983592737007841e+00 2.015591808928138828e+00 1.124912636633890184e-01 -1.643025027800670834e+00 -4.046764480797497843e-01 -3.972966027040428560e+00 2.826345837913569081e+00 4.653987291052848363e+00 -1.737027530729288172e+00
1.000000000000000000e+00 4.465423287049464562e+00 6.594595181328699596e-01 -9.331504083874526678e-01 1.261560575649359750e-01 -2.342949280536902101e+00 -2.807535198220513895e+00 -2.524501252544302243e+00 4.669809120721031270e-01 3.878570383326911397e+00 -1.306646568784448847e+00
0.000000000000000000e+00 4.279813236981174107e+00 3.009230056642618889e-01 5.245220099326723506e+00 5.049222826103101802e+00 5.052004374863764191e+00 -1.292255546539893274e+00 -2.528084934366453762e+00 -1.264307417764290120e+00 -1.547005690487742724e+00 1.562011764526883617e+00
1.000000000000000000e+00 3.610615686117014889e+00 3.174271327459726955e+00 7.763175063871441406e-01 -1.204816851297592972e+00 -1.090180276809010973e+00 -2.701501566643758068e+00 -1.512160302684600444e+00 1.935177248905296299e+00 3.673207280008772280e+00 1.973826982704281807e+00
0.000000000000000000e+00 2.752823898106869560e+00 -1.506247505254346919e+00 6.183604188881124841e+00 4.305870099712065802e+00 2.320626343039540185e+00 -1.982532318999908671e+00 -1.498326885969004874e+00 -1.963956553122385484e+00 2.002941642591016258e-01 4.703639804842048022e-01
0.000000000000000000e+00 2.983785401300788287e+00 5.853596227536184138e-01 4.716880249285937410e+00 4.336051935237347443e+00 3.435988611676832338e+00 -2.922950073992786280e+00 -2.113543128831143925e+00 -1.462642476207163478e+00 -8.016619129697947210e-01 2.821788952303929676e+00
1.000000000000000000e+00 1.531774880525419658e+00 3.226878926656044477e+00 6.660804368468320469e-02 -1.550648974026090698e+00 -1.127324587053492255e+00 -5.464668720035670280e-01 -2.407239328763755015e+00 4.457172069565773498e-01 3.712426370003482745e+00 -1.618498947646730857e+00
1.000000000000000000e+00 4.498985169310042664e+00 4.581875661183096859e+00 1.692453066888548685e+00 -1.310227497490006776e+00 -1.178887886810681573e+00 -2.336866671435781306e+00 -6.895474489538133689e-01 2.046261486706833388e+00 3.886205548128142340e+00 3.932660051047141003e-01
1.000000000000000000e+00 2.341755614666631846e+00 2.091727866177383710e+00 1.222630090643513912e+00 -1.873632925436094387e+00 -1.756790027759374873e+00 -1.143259907557384603e+00 -3.695731959169979319e+00 1.315042710704981577e+00 4.615196902761844910e+00 2.305946499260478344e-01
1.000000000000000000e+00 1.345242852450634574e+00 2.973115634138660202e+00 7.750473218710146606e-01 1.414671117940529133e+00 -1.686145067197118985e-01 -2.955594435526434083e+00 -2.898876877534932284e+00 2.840123874905417622e+00 4.327017611449491596e+00 4.550723102956786281e-01
1.000000000000000000e+00 2.440726175246763052e+00 3.182787668773876977e+00 1.484841819189414824e+00 4.490309425861029879e-01 -1.805090580179995463e+00 -1.372157432875680483e+00 -3.521606118030423449e+00 2.961948496040549550e+00 5.995155173083136724e+00 9.918027131588029732e-01
1.000000000000000000e+00 1.245461087170650627e+00 2.889967963138024398e+00 -2.539025980984932485e-01 -1.873643116715186130e+00 -6.332677843770093684e-01 7.713420214638215811e-01 -2.478130218319251732e+00 3.625658890543146384e+00 4.917488008197184790e+00 6.588515696107379860e-01
1.000000000000000000e+00 2.332256171736345696e+00 3.257038719697818774e+00 9.779868942489391426e-01 -1.128615518175155152e+00 8.136596786831407080e-01 5.278207896088629170e-01 -1.480171903620424390e+00 3.054767671956507336e+00 3.597331800735979357e+00 5.411074968306239796e-02
1.000000000000000000e+00 1.781312672820742460e+00 2.714897201983946129e+00 2.121694157073718667e+00 6.485177986809218531e-01 -8.260778653114679848e-01 -1.539760477920533610e+00 -3.651068571752724701e+00 3.638931794074202752e-01 5.891866271150107970e+00 1.414734495457624863e+00
1.000000000000000000e+00 2.685673552053600144e+00 2.752858467890600291e+00 1.055994159030014368e+00 -6.445467036377151571e-01 -6.271296296165873585e-01 -3.053981219836520822e+00 -3.269286430319444214e+00 2.093654170352599930e+00 4.194757153579624642e+00 1.612865172445431039e+00
0.000000000000000000e+00 3.101750945895912270e+00 -5.209874878437289469e-01 5.533735492500936992e+00 4.911544250710187853e+00 3.618618870940034871e+00 -3.399341090587987502e+00 -2.936157349458666133e+00 -6.275111294540622886e-01 4.921338981571099502e-01 1.549678461909777205e+00
1.000000000000000000e+00 2.100533382919876235e+00 1.002698883086396986e+00 1.802788940814082030e+00 -2.640649654789400724e+00 -6.824014131296156638e-01 -3.619749332073011416e+00 -2.379850657018721449e+00 2.246643764268278165e+00 2.574670075671837921e+00 6.967181802665185497e-01
0.000000000000000000e+00 2.529972030062733079e+00 -5.759281385630461436e-01 3.337475506348764220e+00 4.483078147364758514e+00 3.862237302378790815e+00 -1.425416008627448994e+00 -4.003070299422427425e+00 -1.255395611630292452e+00 -2.038715295413602746e+00 1.117713397157479083e+00
0.000000000000000000e+00 3.267102654559941310e+00 -5.574700175532267821e-01 5.301665659115895934e+00 5.652361747333461750e+00 2.504830628586442565e+00 -2.108455379173673538e+00 -4.329573551286483024e+00 -1.560596096428461532e+00 -1.329795532172028505e+00 7.561319013905969388e-01
0.000000000000000000e+00 1.511734164829596772e-01 -4.062192862424183759e-01 3.947187178413269937e+00 6.693263081036000095e+00 2.963857873526984044e+00 -2.585830644854607119e+00 -3.051321794581535407e+00 -2.505117678575344620e+00 -2.362563573948989415e+00 1.643237817306425708e+00
1.000000000000000000e+00 2.098023619276052631e+00 3.239693084086229469e+00 9.752952447833025396e-01 -9.687656145736975866e-01 -1.037617469455221819e+00 -2.676933320214752499e+00 -3.074074499342324795e+00 1.145680877526473740e+00 3.292521847833328241e+00 -9.715216502682658684e-01
0.000000000000000000e+00 3.785643384981143278e+00 9.849682016128766815e-01 4.636388808135165185e+00 5.577920464570786940e+00 1.492728221596701932e+00 -2.612736688424942777e+00 -3.192275433394117012e+00 -1.301562778517407981e+00 -1.971443375653539887e-01 2.358825026700779315e+00
0.000000000000000000e+00 2.770809360884158856e+00 6.790500267063510620e-01 4.728058357836939507e+00 5.844739648878070071e+00 2.708237528421503448e+00 -2.576872829048943103e+00 -1.550365094337309735e+00 -2.027354317568350606e+00 -1.599229950889280882e+00 1.047661945371471948e+00
