1.000000000000000000e+00 3.486778731847086643e+00 5.404261834224299843e-02 6.966790334336285806e-01 4.990211760489434489e+00 2.465176084999654016e-01 2.631050938242221804e+00 -2.832599547091432690e+00 3.872510833461981772e-01 -1.680963787223764161e+00 -6.401445294412737574e-01
1.000000000000000000e+00 1.906419445944748770e+00 8.672932528305410393e-01 1.077956458482144164e+00 4.516296277201042209e+00 1.228816068150057061e-02 3.306676897441923835e+00 -2.938174482928896936e+00 9.059244047491858964e-01 4.912926403857342805e-02 -1.422097479158065170e+00
0.000000000000000000e+00 2.102399296018533370e-01 -3.457023076296369957e-01 -5.460614990571028393e+00 5.601283915278294501e+00 2.513296602975940708e+00 -2.159538736475560494e+00 3.245137065016143740e+00 4.969074367807050585e+00 1.904138162092103848e-01 -3.321669858732363423e+00
1.000000000000000000e+00 4.030993226704551624e+00 9.220577102998265273e-01 2.555319410692593607e+00 4.593873843659308065e+00 -9.226030409234486918e-01 3.148818839747585585e+00 -2.551060822370156522e+00 -1.365310696192783002e+00 -2.184873263308474201e+00 -6.191367587950346030e-01
1.000000000000000000e+00 4.111339416446718076e+00 7.171633407089190726e-01 1.087085168801296797e+00 2.001892632310380282e+00 -1.271078683521447150e-01 2.049748434359528471e+00 -2.815900157562934769e+00 -4.774362785154916966e-01 -1.527428135212462124e+00 -1.089246667207354857e+00
1.000000000000000000e+00 2.653911794983372818e+00 9.029331564198466165e-01 2.551507797167392955e+00 2.811737705647208596e+00 -1.406920156052965831e+00 4.978365507078705843e-01 -2.411195166833040471e+00 -1.678191284179341158e+00 -2.599641598924006480e+00 1.482451855358318804e-01
0.000000000000000000e+00 -1.377703209116397653e-01 -1.174412786953631160e+00 -4.177371865676991369e+00 4.253539863822830114e+00 3.256409557299083879e+00 -1.226678254820262826e+00 4.295504328641593261e+00 5.492173654393681659e+00 -1.519664157119349213e-03 -1.442919245389708838e+00
1.000000000000000000e+00 2.037946206206105337e+00 6.317114360018805108e-01 6.138120690292530046e-01 2.997452550759295065e+00 3.711055220903796137e-01 2.354380633945442280e+00 -3.599315560081096876e+00 -1.859174629734346995e-01 -4.549171182401998692e-01 -6.314554697527022809e-01
0.000000000000000000e+00 -1.053911637542961799e+00 3.238172076787542153e-01 -3.909036001252024217e+00 1.322659572366849279e+00 9.344139139516589587e-01 -5.915728481335615907e-01 3.628952330969990925e+00 5.954634170825833905e+00 1.497824257631119593e+00 -2.850792015685314151e+00
0.000000000000000000e+00 -9.130077714448843196e-01 -8.363944295067280432e-01 -4.492171159176986173e+00 4.642263942234944984e+00 1.648297789520033696e+00 -9.521926977613982546e-01 3.689024814673591557e+00 4.924583061445351184e+00 5.208890895571128832e-01 -2.480226335871543952e+00
1.000000000000000000e+00 3.708972194699843072e+00 7.241511345783357978e-01 1.106377259768258625e+00 1.555372601429392043e+00 -8.815411302117177605e-01 2.407603530604951025e+00 -1.955014604371848597e+00 -2.609884237118279326e+00 -3.809669925728534245e+00 1.578848018079421767e-01
0.000000000000000000e+00 -3.620189572700100999e-01 -7.559077213923008909e-01 -4.105723945160506538e+00 3.974007102863570839e+00 7.676239487697095187e-01 -7.918759690062615597e-01 2.193822894103973020e+00 3.787175127642646189e+00 -7.112314922584070942e-01 -1.383129527758431232e+00
0.000000000000000000e+00 -1.257565061300849329e+00 -1.087127552293871480e+00 -4.522644785268721712e+00 4.017969775940659183e+00 2.319005406683509296e+00 -1.884007216005333607e+00 4.012695131576191621e+00 3.777008569144024275e+00 1.061571332602461393e+00 -1.893447667109488641e+00
0.000000000000000000e+00 -3.473115881480628886e+00 -1.186718285238532067e+00 -2.209683660834442787e+00 3.864753802199669686e+00 1.689508734906495890e+00 -1.074894037669263946e+00 2.851720713514617866e+00 4.590896822616001849e+00 7.884135589020706547e-01 -2.099123175013624110e+00
1.000000000000000000e+00 3.467363044336045697e+00 8.091992412400144108e-01 1.626802433778729018e-01 2.763491889121121758e+00 7.975670432901711404e-01 2.260667854782349995e+00 -2.800430052005402182e+00 -1.032248000542351329e+00 -2.686111108816491289e+00 1.184881029076106929e-01
0.000000000000000000e+00 -2.263776374594767660e+00 -1.357246521517749827e+00 -4.898182149595289303e+00 6.508956155484417749e+00 7.532243926413524360e-01 -6.383890347916894026e-01 4.160663481606514225e+00 4.649837708359640942e+00 3.106355650323123552e+00 -2.315199511023518841e+00
1.000000000000000000e+00 3.400733751030871499e+00 1.689014883685150625e+00 5.191548589190441154e-01 2.774824440256998148e+00 -1.350930305981499657e+00 2.727541234650223245e+00 -2.693723000308499316e+00 -1.283953770335670985e-01 -1.344056074217470975e+00 4.141769838790443359e-01
1.000000000000000000e+00 2.630687563944934304e+00 3.926769098036008709e-01 9.529386101661789787e-01 2.378300434421030118e+00 -8.795306540874612278e-01 4.352999582326929406e+00 -2.513591152550803898e+00 -6.935778565832833031e-01 -3.569885360781418271e+00 -1.509395000586899460e+00
0.000000000000000000e+00 -1.200098393152053022e+00 -6.525094182109678620e-01 -5.609525272889684722e+00 3.500943429375644733e+00 4.684591405070538173e+00 -1.071837521526693981e+00 2.212557451727172442e+00 4.613996646946600499e+00 1.889352599107577690e-01 -3.054238456331811236e+00
1.000000000000000000e+00 2.290304808963356642e+00 1.093638783455598507e+00 3.217633432409573668e+00 3.865804054024073455e+00 -4.644575734131261013e-01 -2.232577069512098333e-02 -3.472530483736371743e+00 -1.562171791959310996e+00 -4.380424515869981050e+00 -2.499149115218745609e-01
1.000000000000000000e+00 2.811465497090743337e+00 2.209628846033709237e+00 8.788315558423094309e-01 3.078847238746538650e+00 1.073086748113615818e-01 6.326648763734483705e-01 -3.148429641535279710e+00 -1.603440476839645135e-01 -2.125461091400003166e+00 -1.451139323578997553e+00
0.000000000000000000e+00 -2.246508167451061411e+00 -2.523093577521453579e-01 -5.937213735174296403e+00 3.645706230593746433e+00 2.060529849654597179e+00 -3.883191902032810949e-01 2.641888670864086741e+00 4.874299267160207449e+00 5.871097794838828765e-01 -3.769315867033073975e+00
0.000000000000000000e+00 -7.605545916989000510e-01 -1.417005560616727333e+00 -4.927070285044859332e+00 3.774579782627974112e+00 1.565753074236704512e+00 -2.494547958322843595e+00 3.057302457096270576e+00 4.995697274267896226e+00 -2.620445579356123211e-01 -2.251706473466457137e+00
0.000000000000000000e+00 -1.900682412338421390e+00 -1.097516591408257192e+00 -3.976153957830300900e+00 2.076004570073731514e+00 2.154837000066352370e+00 -3.487897073563536177e-01 4.398371854635301226e+00 4.903182645513576077e+00 1.242415766068761362e+00 -3.823470089652596826e+00
1.000000000000000000e+00 2.956844067142553545e+00 9.680752668635786984e-01 2.830487272890368722e+00 2.099107898744327461e+00 1.738461203268907074e+00 1.965200441472284121e+00 -3.220041783323069229e+00 1.570623025240249326e+00 -2.951861042064241492e+00 7.287298094751570865e-01
1.000000000000000000e+00 3.669253351431930987e+00 1.211841675322056222e+00 2.223037255893728581e+00 4.101844166439835071e+00 -1.124407750804790940e+00 2.635219256693905443e+00 -3.294921124683846347e+00 -1.219525987071806705e-01 -2.214543347792409911e+00 -7.515736001300922231e-01
0.000000000000000000e+00 8.288719091308451858e-01 -5.986326873046141639e-01 -3.965151572186995654e+00 4.204512080021782339e+00 2.627992180277718859e+00 -1.212889499726968578e+00 3.966998038449608188e+00 4.682196428912090092e+00 7.648472860025901099e-03 -1.797717939660804731e+00
1.000000000000000000e+00 3.060215192754312863e+00 6.556664737067130488e-01 -4.234022982646432620e-01 4.022134350914411627e+00 -9.228015245697575031e-01 2.117579197172929639e+00 -1.428592046826235862e+00 -3.412794106109682257e-01 -2.069144595063215242e+00 -1.019925896377739338e+00
0.000000000000000000e+00 9.705713277332073119e-01 -1.256949335182572902e+00 -5.935295904570324410e+00 4.280546470708844531e+00 1.402183841837143508e+00 -2.036855645877018617e+00 3.713194977869591185e+00 6.335208989707984628e+00 2.989633635195769745e+00 -3.536164354391042597e+00
1.000000000000000000e+00 3.173719763101326308e+00 -9.529223083621889412e-01 2.650415770608442578e+00 2.381107140925316834e+00 -2.376685069993146104e+00 1.516610635110805738e+00 -3.923282416142286344e+00 2.131273430690716064e-01 -1.362560586360777481e+00 -4.704281604581027065e-01
1.000000000000000000e+00 2.370835747067668642e+00 1.284333554678046996e+00 9.235548137639205679e-01 2.012103761097695731e+00 -1.002749125084525961e+00 3.055130577472090714e+00 -2.615619252518369464e+00 -1.070548652152102237e-01 -2.676713987658727589e+00 2.102606751873660196e-01
0.000000000000000000e+00 -1.394090971557820913e+00 -6.603458972359622647e-01 -4.039830743158476345e+00 4.875533475009579121e+00 1.008218173948426832e+00 4.530698045127230511e-01 1.251205290661876912e+00 3.703975101550033955e+00 1.141593186083145417e+00 -2.731247482099795842e+00
1.000000000000000000e+00 4.227303282779129034e+00 -8.878517284730658155e-02 1.599184438650019802e+00 3.585721173231165348e+00 7.761551453765724862e-03 1.859854001883279206e+00 -2.127646175740310674e+00 6.379133432689569894e-01 -1.482641249276861695e+00 5.986457256866166698e-01
0.000000000000000000e+00 -4.554195449009899033e-01 2.117432775212206852e-01 -3.809007356302531733e+00 3.359489402080009235e+00 2.726134456314859289e-01 -4.221443419833729171e-01 4.888534368750176107e+00 5.603837910061015393e+00 5.096852776468072665e-01 -3.882662676403543678e+00
0.000000000000000000e+00 7.445098268610639280e-02 -1.145413313034052138e-01 -5.197669182151274825e+00 3.870930614678010695e+00 2.008264544228299364e+00 2.754262100928872581e-01 3.249993741097214173e+00 2.736861887995137188e+00 2.246860421333273461e+00 -2.004518803188719112e+00
1.000000000000000000e+00 3.006982107097671442e+00 1.037514292146974659e+00 -8.725572511641872531e-01 1.924587240622500861e+00 4.228723675457422004e-01 4.748977960959622990e+00 -3.018506003724412690e+00 -2.212240087902948016e+00 -1.598630479506352398e+00 -7.918610652465748467e-01
1.000000000000000000e+00 1.885175520811325667e+00 -1.808485128189338820e-01 2.075537203851709922e+00 3.696876859864171472e+00 3.130415989274687449e-01 2.552362079617254587e+00 -6.119233160664407922e-01 -6.613552694662836462e-01 -2.027744600610105863e+00 -4.522775472350926695e-01
1.000000000000000000e+00 2.563447761812366554e+00 1.284351571987413232e+00 1.711227563981885247e-01 2.112583470926116647e+00 -4.524217886194553673e-02 4.177292298763746636e+00 -1.613034191687724217e+00 -1.279951791399769556e+00 -3.346152025844562949e+00 2.046290960191596842e-01
0.000000000000000000e+00 -3.159536540791845205e-01 3.095076622714162395e-01 -5.106137939016787364e+00 2.418951745080780036e+00 3.421275572697532130e+00 -1.984471568332611291e+00 5.165871147039160505e+00 5.432736071183969173e+00 2.614905501475858207e-01 -3.175565967620146424e+00
1.000000000000000000e+00 1.741539480361472991e+00 -1.353454964172201569e-01 6.912901327354623593e-01 3.595123442071170849e+00 -6.711349701984297145e-01 7.263198974250641982e-01 -8.597684177823117224e-02 -2.903554712473487287e-01 -4.928115433978081938e+00 -1.279795598811961366e+00
1.000000000000000000e+00 3.016671698438190496e+00 -4.029523301144157799e-01 1.423668268549475036e+00 2.437601653421790360e+00 -1.111723898132753963e+00 2.754774018299897431e+00 -1.171062186835193142e+00 -4.772381063137141610e-01 -2.451716746193552510e+00 -2.112885921511766796e+00
1.000000000000000000e+00 4.932451129169207249e+00 1.880145340964369138e+00 1.057031250513729814e+00 3.257931823244779590e+00 -7.306790084495135007e-01 2.838268079505656960e+00 -1.839675838779712969e+00 6.739211014748168749e-01 -2.410800483379904158e+00 -1.487426774654563300e-01
1.000000000000000000e+00 3.537168361224260149e+00 1.086674479619024858e+00 8.787515220300514684e-01 3.462869875812556675e+00 1.299850957030848964e+00 2.168963925839335616e+00 -2.502409484202320122e+00 -2.042991607092552453e-01 -2.007032817847608896e+00 -7.963052988350591832e-01
1.000000000000000000e+00 4.503839265285817461e+00 -1.502034947421137190e+00 1.419664543396297329e+00 4.689657940799132341e+00 -8.408994645515605049e-02 2.722345599424595086e+00 -1.252880491305051747e+00 4.484406389795556613e-01 -1.061875438443113939e+00 -9.182930734705434528e-01
1.000000000000000000e+00 4.004180277750794659e+00 3.476529264731453850e-02 -1.182537101951108838e-02 3.054208789230728360e+00 -4.720096793364645382e-01 3.178463773162082173e+00 -1.198347801679737090e+00 -8.476316050891101739e-01 -2.261010471427630897e+00 5.931757592513735577e-01
0.000000000000000000e+00 -1.159989062553978156e+00 4.861274688906447317e-02 -3.826749876403593653e+00 4.632142669302812266e+00 1.035439886517262487e+00 -1.462631546811270944e+00 4.315654708386934324e+00 5.619824391892892734e+00 7.992337755959550982e-01 -3.207397924187168403e+00
1.000000000000000000e+00 4.003786935482546383e+00 8.310287424765385733e-01 -7.744606720777409414e-01 3.525263215845627407e+00 -1.701234978457197178e+00 1.049789543282529269e+00 -1.649173424963635171e+00 3.648471084792181407e-01 -1.524649635456777341e+00 3.532978995081932361e-01
1.000000000000000000e+00 2.447944411444467061e+00 -1.150857475747614656e+00 2.862343111206782975e+00 3.670616978411687992e+00 -4.178020326348780289e-01 3.473769931159655933e+00 -1.500572761236306452e+00 1.166700212121872138e+00 -3.041238123281030159e+00 -2.380565154497257474e+00
0.000000000000000000e+00 2.464934619369800739e-01 -6.106581657513610040e-01 -5.218273827641739082e+00 3.724994456963002687e+00 1.567070442114727902e+00 -1.302635288180258755e+00 2.861922369824576595e+00 4.423026822800730784e+00 6.080325305506479872e-01 -1.823527166438075664e+00
0.000000000000000000e+00 -1.079675789021242283e+00 6.762982618647592759e-01 -4.543535653344036085e+00 3.753658768540605539e+00 2.282329819280913163e+00 -2.046279146810224603e+00 3.022837723869509663e+00 4.306239765753034909e+00 2.927554283707105576e-01 -2.208078686491404596e+00
0.000000000000000000e+00 -1.567571389562240292e+00 -1.177060241779855021e+00 -4.344849892453833462e+00 5.772666035772433091e+00 2.827710013269905787e+00 -3.610972244583658952e-01 3.790315635463442856e+00 3.579985349830716146e+00 1.030919286815835445e+00 -2.480448580908044320e+00
1.000000000000000000e+00 2.137295802050733329e+00 5.914542595721401508e-01 1.180718293889080339e-01 3.364379087548176273e+00 -1.385158470997473135e+00 1.317112618257059609e+00 -3.339370031986637066e+00 -7.604278835366536926e-01 -1.304312365690497355e+00 -4.017219875673455620e-01
0.000000000000000000e+00 -1.505858360319182854e+00 -1.942938094524175430e+00 -5.561097572471143557e+00 4.779810634121091084e+00 1.210991545831183513e+00 -2.601592864477924927e+00 6.072065910932177957e+00 5.390382641348208104e+00 6.354717278889895349e-01 -2.585930620069107455e+00
0.000000000000000000e+00 -1.370002707652060003e+00 -6.558770272116299926e-01 -5.453286591591954391e+00 2.359246795704664557e+00 1.566335552695745204e+00 -3.731399827475556652e-01 4.594528961651866084e+00 5.915953492374022460e+00 3.555217742772383005e-01 -2.272790505203051481e+00
1.000000000000000000e+00 2.097775255976995545e+00 1.081419758012076571e+00 1.780401631793062212e+00 2.749555429687957187e+00 -8.009098073461462519e-02 1.440036342732209818e+00 -2.425388668979084894e+00 1.848306001275716204e+00 -2.167094383870461272e+00 9.843661114822448432e-01
0.000000000000000000e+00 -1.987466070694715370e+00 -1.568147871959726380e+00 -4.118900441806892410e+00 5.401433607613141064e+00 -4.585013953335455028e-01 -1.335086349508395331e-01 3.666106730243404943e+00 5.855542691590629012e+00 7.104410718199050123e-01 -3.242778108754916566e+00
0.000000000000000000e+00 -2.550636520769274940e-01 -8.747467020475228061e-01 -2.537610280959619047e+00 3.257112220961020821e+00 7.487995266573734821e-01 -2.344634709569310971e+00 2.994011154341345016e+00 5.757004187157278352e+00 1.742515083788310548e+00 -3.383912324580522490e+00
1.000000000000000000e+00 3.017316353756124503e+00 1.614381321133258718e+00 2.199678124266493118e+00 3.284885846411147003e+00 -1.908612703105901032e+00 1.941586951746954615e+00 -4.973235469913144247e-01 1.026470543623508869e+00 -2.209104498392847837e+00 -5.594946328032192051e-01
1.000000000000000000e+00 2.731668453924163131e+00 1.748940990309879817e+00 1.349610256116853257e-01 4.180939141065275422e+00 1.236415277711472305e+00 2.900256278523267728e+00 -3.344495988742691051e+00 -6.503097321166323441e-01 -1.537961502159518989e+00 -1.988758964729485657e-01
0.000000000000000000e+00 -1.158489610119608493e+00 -5.091175485085023267e-01 -3.520773523204749011e+00 3.489891864782128650e+00 2.566767906111341979e+00 -1.313783514156136478e+00 2.034399938597302171e+00 2.940431508199770505e+00 -3.491430816540446180e-01 -2.619408059730302440e+00
0.000000000000000000e+00 -3.527469546464083727e+00 -5.382284082759251076e-01 -5.443958490071146628e+00 5.180568116822854563e+00 2.410005552018119168e+00 -1.359883176925089421e+00 2.371692722850534452e+00 5.348086742383222791e+00 -1.395477662874625713e-01 -1.754191439550648823e+00
0.000000000000000000e+00 -2.442253094587454321e+00 1.167120809790897384e+00 -4.064463169663830477e+00 3.040648061452859707e+00 9.062014815692860381e-01 -2.846779173064130086e-01 3.750976972121769393e+00 3.403917423490646854e+00 -2.610658745895249044e-01 -4.208790828493665259e+00
1.000000000000000000e+00 2.806029300457836051e+00 4.628746299849035850e-01 7.875986535568779701e-01 1.968469115558238114e+00 -1.281241835790295269e+00 1.157909001453349296e+00 -2.511052662362964760e+00 -8.464104186561076659e-01 -1.034834574910248328e+00 1.189343085187499760e-01
1.000000000000000000e+00 6.694715001345512562e-01 -2.167673603445530173e-02 2.868843831785671927e+00 3.625389242314827509e+00 -4.520862352694972053e-01 1.097097761574963304e+00 -5.691651809907560811e-01 6.404677756995519333e-01 -2.534167956292950663e+00 -1.483555847780666515e+00
0.000000000000000000e+00 -1.692969831625561694e+00 -1.585050419659118193e+00 -5.050443500858870394e+00 3.838292130003738922e+00 2.776635598291767870e+00 -1.775299658502594635e+00 3.770073770396542567e+00 2.552712940340146730e+00 5.826970374333899638e-01 -2.865936364287038352e+00
1.000000000000000000e+00 2.541491095903912978e+00 1.423081705324522606e+00 1.416651089644303418e+00 2.893581164460312216e+00 -4.268816784957496502e-04 1.163847293567954466e+00 -6.635945393975830608e-01 -9.798519614808978151e-01 -3.623828099035002026e+00 -1.623389504469700206e+00
0.000000000000000000e+00 -2.405952427035642494e+00 -2.303657432898577717e+00 -4.478431941808362460e+00 4.646358569125658811e+00 2.772325961843607800e+00 -2.090915531436917441e+00 4.400741278520693633e+00 3.733393721744660887e+00 1.750774697588487916e+00 -2.610481300546827477e+00
1.000000000000000000e+00 3.271664730877650307e+00 6.090584970094097272e-01 2.802095409598108766e+00 3.440840477500028527e+00 2.451434952759480979e+00 2.047263285887965356e+00 -3.746662864480395427e+00 -3.001948430599833406e-01 -2.155044522715066968e+00 1.086363481094035022e+00
1.000000000000000000e+00 3.509982573227520497e+00 1.014992009081102098e-01 1.215675965036224992e+00 3.096346563700819399e+00 2.553086186841847516e-01 2.239570317459349535e+00 -2.303725109480867506e+00 -1.112467101940315617e+00 -2.056104441652525594e+00 1.048283045241826805e-01
0.000000000000000000e+00 -1.702927417571912239e-01 5.145771651179378292e-01 -3.906646287460211919e+00 4.039128568833726618e+00 1.636750659415410203e+00 -8.414609247369473355e-01 2.776213956575391162e+00 5.806763944244930364e+00 -5.429690368951141100e-01 -3.526685303990287235e+00
0.000000000000000000e+00 -1.057314776768341069e+00 -5.666073075463680109e-01 -4.167885433122801686e+00 4.852459795388057273e+00 1.834026470707348588e+00 -1.581143994842543199e+00 2.580242725189988651e+00 4.264144307901319486e+00 1.728065236994209553e-01 -3.674890564242434543e+00
0.000000000000000000e+00 -1.194053472815593597e+00 5.522505747121686515e-01 -4.585687152578991288e+00 3.955858722384413717e+00 1.991602365866975033e+00 -7.615051684443479019e-01 4.593344581886607436e+00 6.043168649215026278e+00 3.345366273438422411e+00 -3.171330733677891089e+00
0.000000000000000000e+00 -2.388294410922187971e+00 -1.989828217882827488e+00 -4.975833835724183807e+00 2.194109940021275129e+00 1.454849888194151841e+00 -3.069742191699822431e-01 3.557013261558773287e+00 6.789891253257554382e+00 1.008974110066827912e+00 -3.837001037222754984e+00
1.000000000000000000e+00 5.216406161352892923e+00 2.207280159739734238e+00 -1.175100322768447558e-01 3.902213237561040771e+00 -1.613998974221245941e+00 1.659496524070340540e+00 -1.181051789540372043e+00 -2.322910544719612780e+00 -2.183066575157987632e+00 9.748474991475080120e-01
1.000000000000000000e+00 3.694005871800633667e+00 1.180665253750428079e-01 1.197169166617591651e+00 2.233988114980470563e+00 -1.423796665273848516e+00 1.579835900519997338e+00 -3.398079141629411382e+00 9.096381685542644924e-01 -1.486231742920100629e+00 -2.584509660442912971e-02
0.000000000000000000e+00 -1.523259965732017829e-01 4.229351849444579203e-01 -5.507359024044428786e+00 4.451234937556178828e+00 2.368933870340519388e+00 -1.469976806556645421e+00 2.731626328036134144e+00 6.681371087431359435e+00 1.168980234487987380e+00 -3.720236761821129168e+00
1.000000000000000000e+00 3.967879002487451512e+00 -3.511531460900577661e-01 1.609598520917803199e+00 3.368844456748148808e+00 1.003412827529469808e+00 2.506727884349141178e+00 -2.161113567006686331e+00 -4.813501206920094422e-01 -2.138762550209323710e+00 -2.906831310026166459e+00
0.000000000000000000e+00 2.017219547702505000e+00 -3.251342632667117982e-01 -3.659972566858758825e+00 5.484920466404862083e+00 2.648738636092381249e+00 -8.362882236742849029e-01 2.280718888139999123e+00 5.294259097729888452e+00 -2.966249429502179069e-01 -3.187920047561414449e+00
0.000000000000000000e+00 1.341856726789640852e-01 -9.229377830273435279e-01 -4.296535783398990560e+00 4.247654143042484343e+00 2.171916773490747410e+00 -1.624881468998642386e+00 4.176783865689606579e+00 5.610990065908359803e+00 1.407844636791446113e+00 -4.239906271040006835e+00
0.000000000000000000e+00 -5.886811399344302753e-01 3.881267733990466651e-01 -3.585374901650099311e+00 2.953475993200575189e+00 1.365557098417355286e+00 -1.198730348278740809e+00 4.571081326045512760e+00 3.996051367201451932e+00 1.402605718024802828e+00 -3.600351173998226351e+00
1.000000000000000000e+00 2.988203652488039541e+00 -3.963760773329475517e-01 1.669260307906660579e+00 2.303268530666853664e+00 -1.266965996224903801e+00 1.631504859954176379e+00 -1.649992115106166946e+00 -1.046156172764836523e+00 -4.529258353609781018e+00 -1.239323798805318511e+00
0.000000000000000000e+00 -7.024275626026000863e-01 3.760593257033443271e-01 -4.158389368134138842e+00 5.961449325563289214e+00 -7.252716122959412814e-02 -3.402096681169448189e+00 2.705128239500094178e+00 2.842860623004304088e+00 -1.205986002721337158e+00 -4.142872092469635170e+00
0.000000000000000000e+00 -5.601128195790838760e-01 1.039569115746757477e+00 -4.300572687610602074e+00 3.665001920507594768e+00 -6.979061467198217628e-01 4.245484894382800523e-01 4.861489869945804898e+00 5.560746907031984598e+00 1.016549054037305444e+00 -1.836480113467983566e+00
0.000000000000000000e+00 -1.429003985323264114e+00 -7.210417004677431851e-01 -5.533514396228750520e+00 4.592832901201424178e+00 2.039470108999594800e+00 -1.622588919547459430e+00 2.938589025630938600e+00 6.691067904906757846e+00 1.197476172330472988e+00 -2.897243009286164295e+00
1.000000000000000000e+00 3.975620720966167809e+00 2.385348795386456722e+00 9.986606706988432336e-02 3.910986380868553880e+00 -7.150021018437211495e-01 1.199565535999017385e+00 -2.423804222913025441e+00 4.707898042197167232e-01 -1.072886270209311821e+00 -7.008304783130152593e-01
1.000000000000000000e+00 3.173017181315915813e+00 -8.119427428522785206e-03 1.384370765496920397e+00 9.591387495107421834e-01 1.916903955091106226e+00 1.931261650764741322e+00 -3.176084355144251248e+00 -7.306201570147455859e-01 -1.832777666195444910e+00 3.185213270029070287e-01
0.000000000000000000e+00 -2.210976392104528898e+00 2.824974495323476775e-01 -2.943930361740310531e+00 4.590520329508990471e+00 2.941213241705225023e+00 -2.033322574528726445e+00 3.234713958856880289e+00 5.718055522662908174e+00 8.092745814310249308e-01 -3.653189382736446777e+00
0.000000000000000000e+00 5.028764133831202798e-01 -1.484771190848357847e+00 -4.906130657516459159e+00 3.807341144251176424e+00 1.076914162891021487e+00 3.474160315274716915e-01 2.264055892190893982e+00 5.081727558438651648e+00 -1.403111335905027346e-02 -2.533127052885647768e+00
1.000000000000000000e+00 2.800427166953987079e+00 1.735480147583972954e+00 -1.220324546360513018e+00 4.493517838433663592e+00 -9.726829992762087151e-01 4.367685592010511542e+00 -2.767531433597986368e+00 -9.885478637399534030e-01 -1.142965421024099815e+00 -1.462752430587040964e-01
1.000000000000000000e+00 3.192827498116760587e+00 5.325070351631245869e-01 1.589949925092569938e+00 4.117546019917695865e+00 -1.738123054112923782e+00 1.698581364953037465e+00 -2.733432581052257060e+00 -9.007529460144173550e-01 -3.004161922420112152e-01 -1.483752349884714050e+00
1.000000000000000000e+00 2.307642076423470634e+00 7.566479122484059960e-01 1.437133488076713483e+00 3.115707689497877020e+00 1.593364143963809321e+00 2.117253330741762252e+00 -1.568881588403264526e+00 -1.005699205326628487e+00 -2.793853512201398104e+00 -3.867268557339879065e-01
1.000000000000000000e+00 4.145274304700729218e+00 -6.449760514108620058e-01 6.288064438425067237e-02 3.399155100471682900e+00 -1.756077861536383955e-01 1.571447273592856408e+00 -2.811426641866535903e+00 -5.653920593142127693e-01 -3.342978085063912808e+00 -1.080516289891404913e+00
0.000000000000000000e+00 -1.594594165398789398e+00 -3.762169150222661740e-01 -2.705195174612340381e+00 2.519863158322712238e+00 2.033088984051436121e+00 -1.156422504041637600e-01 2.729904088423655395e+00 6.693848922185278383e+00 1.475090537818017911e-01 -2.518935558198689861e+00
1.000000000000000000e+00 4.194582963360550920e+00 -3.139019608046994536e-01 7.663535754736192640e-01 3.016152390525626892e+00 8.518351241507687854e-02 5.753542928962951386e-01 -3.125477692740612046e+00 -1.594121142477065156e+00 -9.566709043896641784e-01 1.635536401877563106e-01
1.000000000000000000e+00 4.272586734063743563e+00 1.891170619486066462e+00 8.844955674673388168e-01 2.981538549785923031e+00 1.338233911087657546e+00 1.890887806830861884e+00 -2.513063126038939110e+00 -5.543530506979921224e-02 -1.641252049685624881e+00 -8.009122473227603400e-02
0.000000000000000000e+00 -1.073410449007200285e+00 -1.079781040711228712e+00 -4.699694103743992102e+00 2.696493793859473520e+00 2.016146374328160906e+00 -1.897092099803095344e+00 2.855632482038090725e+00 6.030969737183879964e+00 1.239461384641135311e+00 -4.247224368481273160e+00
0.000000000000000000e+00 9.669329583844787912e-01 -6.932725931616545711e-01 -5.302768146329460031e+00 3.271620702510330769e+00 1.468416598847871679e+00 -2.897406448962246639e+00 4.572965641110555701e+00 3.950563499424684100e+00 1.201001585807316197e+00 -2.827075948863697619e+00
0.000000000000000000e+00 -5.421690654372750551e-01 -2.082319025516801148e+00 -4.216618545943076946e+00 3.310923976782004452e+00 1.643557182919585857e+00 -6.686365342318940641e-01 4.532148700988737566e+00 2.862297275338296032e+00 1.115762789719689563e+00 -3.013426717236440400e+00
0.000000000000000000e+00 -1.269128266164087915e+00 -6.126715167022580566e-01 -4.385782273483209259e+00 3.932466862644950378e+00 2.285273358015592393e+00 -6.843953069586583560e-01 5.607581211209657468e+00 6.171704638703245926e+00 2.334141910066488412e-01 -3.633226697555345552e+00
0.000000000000000000e+00 -1.596098080897543348e+00 -1.122317607909288473e+00 -4.110841043371762815e+00 4.394556856093752906e+00 9.830464114619378302e-01 -2.359943748805231056e-01 4.140390514113925668e+00 3.797635025178510482e+00 5.978816197231526797e-01 -2.129017167097411178e+00
