0.000000000000000000e+00 1.683539093315731705e+00 -3.679418933309796191e+00 2.451179869839296366e+00 4.038195311184155756e+00 -3.293767208497247800e+00 -4.459715429242237406e+00 2.730108285872846485e-01 1.161261915417335810e+00 -3.608435262464353421e+00 -4.489508417299152399e+00
0.000000000000000000e+00 2.199031559731410568e-01 -3.823372128370893908e+00 1.136140014508083107e+00 1.072092917331438855e+00 -3.090408548593047477e+00 -4.911802460683811766e+00 8.748947445297995396e-01 -7.833790513263821920e-01 -3.397175743200834486e+00 -5.211562955188472124e+00
1.000000000000000000e+00 -1.768392419762093937e+00 2.890368563813651814e+00 2.673255329558799520e+00 -1.507709143099907223e+00 -1.366162800637475527e+00 -8.459186754781433670e-02 -2.451072385123542752e+00 4.111889030102201303e+00 1.898208294673634944e+00 7.746885125616576051e-01
1.000000000000000000e+00 -1.087002603654253496e+00 4.575061040047907035e+00 3.190528159034434541e+00 -5.184610642357607713e-01 -2.995585798880797235e+00 -5.558619016514889655e-01 -3.940112332378553184e+00 6.040853757784197420e+00 1.766547754382667090e+00 -2.941988579663272318e+00
0.000000000000000000e+00 2.340565693975656392e-01 -4.865812125130923871e-01 2.184201401045726243e+00 1.684242464403645112e+00 -4.139451350326950774e+00 -5.689784003059360273e+00 -9.312099681472829626e-01 5.504767529180923935e-01 -3.573348053721061568e+00 -4.626580584133450635e+00
1.000000000000000000e+00 -4.748961582365883172e-01 4.172618211407722377e+00 4.107355590167351522e+00 -1.789910943373492103e+00 -8.310573792733715326e-01 -1.929874415622804484e+00 -2.423799355604934203e+00 6.027771755372389961e+00 2.644282752844808737e+00 -1.611404255900946714e-01
0.000000000000000000e+00 1.780441737667468327e-01 -9.897641612471683725e-01 1.466914018481663806e+00 2.540064334445568672e+00 -3.862663306185046164e+00 -5.338228283029412324e+00 2.638363263443425755e+00 -1.531495040069303704e+00 -1.748111384727657924e+00 -3.928165909500969999e+00
1.000000000000000000e+00 -1.902476120163981488e+00 3.192157191060773780e+00 3.225442697264007563e+00 -9.237220778397032817e-01 -3.780819178931609237e+00 -1.159139615542817747e+00 -1.592039484094029289e+00 5.843338014511139100e+00 2.157971787980546008e+00 -7.045687516692170638e-01
0.000000000000000000e+00 -1.567979058710067819e-01 -7.877791357870077560e-01 8.730699354417980063e-01 2.925227919197209481e+00 -2.993206468895387218e+00 -2.408714951151892603e+00 3.756699449499354415e-01 -9.316484656005592502e-01 -4.904357659879582165e+00 -3.266140317566136098e+00
0.000000000000000000e+00 -1.020975457263740838e-01 -1.451578864078646891e+00 1.516950988822190372e+00 3.217358844755453529e+00 -4.784695984098716437e+00 -2.514048859748893694e+00 4.314006482492587224e-01 -2.922418193020883126e-01 -2.668888700280687587e+00 -6.385343702453266879e+00
1.000000000000000000e+00 -1.150167488730233112e+00 4.429759647259952970e+00 4.942875724659703707e+00 -1.312296542095507945e+00 -1.315253589154049996e+00 -2.615244357756823401e+00 -3.422581557501360727e+00 3.972504983996932193e+00 2.888541232055166219e+00 -1.045422626340803074e+00
0.000000000000000000e+00 -1.825947715930834603e-01 -1.812919518043335954e+00 7.747626951033727005e-01 1.491945679781476075e+00 -3.522289826559584114e+00 -2.871922239204794280e+00 2.629197263046496591e-01 -2.141164289175322422e-01 -2.761361343769242360e+00 -4.202823708591971297e+00
1.000000000000000000e+00 3.273794911247152051e-02 3.864622242192811807e+00 4.241404694037331780e+00 -9.408999920884594248e-01 -1.857790336565003919e+00 -2.629726291865019050e+00 -2.292538528644217699e+00 4.682157283652327529e+00 1.676051181988489347e-01 -1.229349458056388400e+00
1.000000000000000000e+00 -1.244924184077349061e+00 3.772978850890891245e+00 4.394800837096453527e+00 -2.217268293404409896e+00 -3.608320771275752570e+00 -2.732178357320466766e+00 -3.089858876536778265e+00 5.048448834930627349e+00 3.327342436134954617e+00 -5.070857794334173718e-01
0.000000000000000000e+00 -4.168431008543315164e-01 -1.517777333218734315e+00 1.673134095166549429e+00 2.544586346949881506e+00 -2.097068877970571066e+00 -4.857026640937543327e+00 1.202769662882652746e+00 2.996142825845433122e-01 -2.639796677058781960e+00 -5.403906107153382266e+00
0.000000000000000000e+00 -7.289052564637423792e-01 -2.346036840879624386e+00 4.203357334859739725e-01 3.215037523849946677e+00 -2.469463362934454231e+00 -2.509179311162301307e+00 2.764947080600193452e+00 -7.525121102149535668e-01 -5.053080511410401598e+00 -3.294618780991084073e+00
0.000000000000000000e+00 9.290510137453326100e-01 -1.973907487530802696e+00 1.621168890686717656e+00 3.081319657557045844e+00 -5.746152456164737465e+00 -4.507272068978792845e+00 8.700799250501870530e-01 -2.891036874711433446e-01 -4.053758706300482295e+00 -3.666532947614225435e+00
0.000000000000000000e+00 3.432076450446610028e-01 -6.031187209215773670e-01 1.407107515693410971e+00 1.742198615607934986e+00 -1.570958281918864330e+00 -6.075507675684963971e+00 -6.566908614554467505e-02 4.349006765887056813e-01 -3.848138912390042687e+00 -5.656532176919336408e+00
1.000000000000000000e+00 6.500305296010111533e-01 4.060935179060611411e+00 2.962218097281459794e+00 -2.389930945267985773e+00 -3.242641275377351917e+00 -1.036955833742961408e+00 -2.627820179156835856e+00 6.172706793883417475e+00 2.374382188170376828e+00 -5.202940013798207364e-01
1.000000000000000000e+00 -8.203565369453373890e-01 4.756906692896263777e+00 2.898730163117889891e+00 7.413549193442570129e-01 -1.302860751936499639e+00 -1.312992474222974604e+00 -1.809238428898935380e+00 4.275436952744408714e+00 2.861612301166592154e+00 -1.019912220292651384e-02
0.000000000000000000e+00 -4.751568728090290739e-01 -1.292615828797712307e+00 1.680987431415395861e+00 2.025502288042754007e+00 -3.385241024915976560e+00 -5.896098490941842130e+00 1.849674227114310288e+00 -6.953071339233467540e-01 -2.046632257149830991e+00 -4.981420411261903602e+00
1.000000000000000000e+00 -2.800452953278398938e-01 7.225531505498920204e+00 2.084399406521120657e+00 -8.996358643388726595e-01 -1.353411175436576963e+00 -2.124346085842555354e+00 -3.445783384077546252e+00 3.589109873401031159e+00 2.942967672148081970e+00 1.447477438090488899e+00
1.000000000000000000e+00 4.906056586620204385e-01 3.638097056491135017e+00 3.771026496582030152e+00 -2.001371266860371811e+00 -2.841788785901130598e+00 -1.827379032468703368e+00 -3.175594672373638350e+00 4.514799367110141404e+00 2.188128987947156823e+00 2.274478074237540337e-01
0.000000000000000000e+00 1.925658308637216987e+00 -2.842849758832683982e+00 4.368371354508290283e-01 1.704767844629992535e+00 -4.328371069950120997e+00 -4.000307775108412400e+00 7.500870838054668477e-01 -1.027461391850891914e+00 -1.669999031954695790e+00 -4.791554255609041135e+00
1.000000000000000000e+00 4.471354655859625105e-01 5.233258194330702828e+00 3.007060200094065827e+00 -3.672910881632313052e-01 -2.592285201839326536e+00 -1.058986710820788435e+00 -2.488450826908298108e+00 4.909080772995427111e+00 1.651127028983447431e+00 6.786837730780979072e-01
0.000000000000000000e+00 -2.775378579872642693e-01 -3.303778247534411960e+00 1.178216332850321901e+00 2.910135263762323454e+00 -2.807943980586887989e+00 -2.452417675759673177e+00 -1.310064323144344289e-01 -6.408410344649875245e-01 -2.381435339837623122e+00 -3.767900354884424097e+00
0.000000000000000000e+00 -1.828179262284864937e+00 -1.340053826348901023e+00 1.387030894148486793e+00 4.527251454329913827e+00 -4.573848297739691482e+00 -5.253618817877726777e+00 -6.692770042475948422e-02 -9.041242270529492586e-01 -2.519444945602002495e+00 -4.594259035958385695e+00
0.000000000000000000e+00 1.993759228496712055e-01 -2.416914263118002282e+00 1.859574644751173622e+00 2.863654744270244468e+00 -2.822907149544944705e+00 -5.543461773926937397e+00 5.219318537622856802e-01 -5.314541209306988812e-02 -2.269258214226900883e+00 -4.545947121229898968e+00
0.000000000000000000e+00 1.699430827352651052e+00 -3.747285712938555058e-01 1.338043320432422023e+00 2.550388305264721822e+00 -1.604979744292496013e+00 -4.289657277292381998e+00 9.619224607262660820e-01 5.218330700316941018e-01 -4.648701881699562222e+00 -4.431915078730586544e+00
0.000000000000000000e+00 1.054621467126108492e+00 -9.076566240935300955e-01 3.805760506461451920e-01 1.488337799272456241e+00 -5.605399063397172199e+00 -4.324644619851523153e+00 -2.885843478081397961e-01 -2.893452110749309414e-01 -3.465903185397784192e+00 -4.312039661841361671e+00
0.000000000000000000e+00 -7.326254061880095314e-01 -3.026386920169901629e+00 1.442056039581382176e+00 2.936306336793196081e+00 -4.125363963623261299e+00 -4.634122620805024795e+00 2.160012134238169512e+00 -2.031642009755766587e+00 -2.147517466411175135e+00 -4.155050884512164977e+00
0.000000000000000000e+00 2.195385891567496195e+00 -8.040752588707789084e-01 2.118047853503910893e+00 4.082516635695506935e+00 -3.647605242628576327e+00 -4.386860777852785276e+00 5.509680792535647242e-01 -7.351197239450532050e-01 -3.204193369062108498e+00 -5.181581694679628924e+00
1.000000000000000000e+00 -3.312244838829068172e+00 4.051322546122145596e+00 3.986898394433939341e+00 8.507959886759284274e-01 -2.433601558629091333e+00 -2.190202698527694114e+00 -1.714300242925869577e+00 4.987547812336655007e+00 2.045892986510650324e+00 -4.547376141405146122e-02
0.000000000000000000e+00 -1.048410710594100070e+00 -1.914532737074678526e+00 1.522713243025500596e+00 3.309587699241269831e+00 -4.271609457133904719e+00 -4.890613050571791298e+00 2.202253741740875626e+00 -1.752526569818058100e+00 -3.325372090567245476e+00 -5.406632869373853012e+00
1.000000000000000000e+00 -8.282931875083802131e-01 4.027953395194568742e+00 2.757942477164425643e+00 -7.312208123745844723e-02 -3.416668697518284059e+00 -1.450024703151737482e+00 -2.321897686696139829e+00 4.946154941616568657e+00 1.955980786437807151e+00 -2.042236547759270771e+00
1.000000000000000000e+00 -1.300249394049764362e+00 5.230779183847699798e+00 3.203351883411543977e+00 -1.166859052453477874e+00 -2.136467390018397250e+00 -9.039920563458478941e-01 -3.409362599165448593e+00 4.925723832112359979e+00 2.778230686567721541e+00 -9.330594823660136594e-01
1.000000000000000000e+00 -8.797220084924890493e-01 2.093077760921258967e+00 3.564633020462411039e+00 1.155664523124582121e-01 -2.441867079118036798e+00 -3.090994690019985836e+00 -3.315771385620019274e+00 4.238563356282952554e+00 2.200474735644607271e+00 -2.307072852852605216e+00
0.000000000000000000e+00 2.278506567267839511e-01 -1.856415940688491473e+00 2.412247808764814039e+00 2.681795205012854844e+00 -4.722171435025264152e+00 -4.378998719619364266e+00 5.757140978006874965e-01 -1.091860082419791045e+00 -4.332935368699882162e+00 -4.100331701638127768e+00
1.000000000000000000e+00 -6.838546033417045589e-01 3.831284925331069680e+00 3.531497739908417977e+00 -1.496140317132400588e+00 -3.528940456130221115e+00 -1.898495588765322317e+00 -1.535251453700329449e+00 4.162824895920119062e+00 1.976158452290291967e+00 -1.524229246776743318e+00
0.000000000000000000e+00 2.054072949751295507e-03 -3.098166883189032994e-01 7.458260183507925412e-02 2.369587431238106667e+00 -3.586791087951965107e+00 -3.899128767545136487e+00 1.399457568220263237e+00 4.009037604743512229e-02 -4.697118239318199606e+00 -3.098512547833876862e+00
1.000000000000000000e+00 -1.399924469172555863e+00 4.498861617604690721e+00 3.536329091179030826e+00 -7.219626114952152340e-01 -3.656533799604305024e+00 -9.095593996016794192e-01 -3.096812634271693732e+00 6.113234335206072956e+00 2.714365021424117064e+00 -7.363474043712376904e-01
0.000000000000000000e+00 1.942497958324042484e+00 -2.330177490489138137e-03 1.334757848358381960e+00 3.874288511525645795e+00 -3.785962260181680250e+00 -4.268884308212331113e+00 8.961726374298569775e-01 -2.641721876670486413e-01 -2.403669644504702330e+00 -4.857816517478870999e+00
0.000000000000000000e+00 -6.205319153607909977e-01 -1.970237282173167070e+00 4.075231533900446346e-01 2.952029233305959455e+00 -3.648522683791713295e+00 -3.476022734284131221e+00 -1.810073280306201404e-01 8.652162563133530826e-01 -3.917710430905828378e+00 -5.201555702478296794e+00
1.000000000000000000e+00 -1.389369345749385865e+00 2.935953011513876998e+00 1.840055880154554346e+00 -1.041611572665761543e+00 -4.690110000316527916e+00 -2.241262560078429722e+00 -1.130552006450476821e+00 4.683311653604405045e+00 2.437804359018773237e+00 -5.183185280661755101e-01
0.000000000000000000e+00 -9.551178238874130644e-02 -6.645214143989091049e-01 1.633972980779275996e+00 2.921237840623510440e+00 -4.383602107645311108e+00 -4.649352076907506515e+00 1.081920457934337110e+00 1.003903789855846052e+00 -3.013519162169947307e+00 -3.514251212394012835e+00
0.000000000000000000e+00 -1.002556019773854779e+00 -1.809356885212558996e+00 2.028728295930916747e+00 2.252107301064883771e+00 -3.128955052453072927e+00 -4.260343451859098352e+00 8.756632066583545093e-01 1.462068606156817996e+00 -3.161938635441307266e+00 -5.927640528410213605e+00
0.000000000000000000e+00 -4.523090832029099673e-01 -1.682345840289118044e+00 6.144304590300103674e-01 2.664915896785212901e+00 -3.642709070755977496e+00 -6.010419455158011459e+00 -7.074978472555559783e-02 1.590641279498285487e-01 -2.411963057666211441e+00 -4.150431574452461803e+00
0.000000000000000000e+00 1.721553615092214606e+00 -2.532519990795676801e+00 2.986008203422403806e+00 3.676563361740049718e+00 -4.298463865527659244e+00 -4.555551486657336113e+00 1.958569694087008983e-02 2.486640570275782669e-01 -2.541212952660175883e+00 -2.411001056477222626e+00
1.000000000000000000e+00 -4.480472754462339058e-02 4.135676355227135836e+00 2.662810127489231959e+00 -8.439219109770087490e-01 -4.035354313940042736e+00 -3.060713845546045420e+00 -2.117331220567207239e+00 5.561751570979595272e+00 2.473155542647901051e+00 -1.200368150929562727e-01
1.000000000000000000e+00 -4.583175189503319036e-01 4.345404579039486848e+00 1.869340287541567003e+00 1.748584645493767020e-01 -3.806899469771184652e+00 -2.904537245157439607e+00 -2.356275148573269362e+00 4.963335177401303255e+00 2.903380629021361070e+00 -1.243055446016227528e+00
0.000000000000000000e+00 1.029002329685164696e+00 -1.970376852912605781e+00 1.382287585992613588e+00 3.575145904382543538e+00 -2.692088358278266647e+00 -4.791804548289567478e+00 1.626106854390066303e+00 7.168707512263921000e-01 -1.617799967399114580e+00 -6.308909019636849358e+00
1.000000000000000000e+00 -2.375618029323901759e+00 3.372751859700866994e+00 2.915829925139089340e+00 -1.949235041658238909e+00 -1.435217985307550626e+00 -1.740235128912517304e+00 -8.392627972574235873e-01 2.735908600968186999e+00 2.207032574035066919e+00 4.979786493121625135e-01
1.000000000000000000e+00 -9.144288901323552876e-01 5.481635832765041627e+00 3.264990183149375724e+00 -2.419150769251662947e+00 -9.684098801754874586e-01 -1.423993421046276797e+00 -3.522432087665122058e+00 4.717262982840587426e+00 2.911730380476294844e+00 2.677138292783699525e-01
1.000000000000000000e+00 -5.108994420295988048e-01 4.585155283057175346e+00 3.212989805182557834e+00 -1.373638487766938754e+00 -2.313463684419757804e+00 -1.405160874633586854e+00 -3.853649608314561714e+00 6.582367378849223627e+00 8.135466478032267190e-01 -8.622952599411651819e-01
1.000000000000000000e+00 -6.949502711896461404e-01 4.278309674183289779e+00 1.733762244902873562e+00 -1.487720189172486496e+00 -3.164821973027251989e+00 -1.465305041033291733e+00 -2.774579937772133853e+00 4.145708636900728550e+00 1.040982871335939697e+00 6.570877598918603013e-01
0.000000000000000000e+00 -6.283738851703314365e-01 -1.177137009179204608e+00 -6.236427341420076598e-01 3.161531517599421193e+00 -3.493540879173326896e+00 -4.525506931320813386e+00 1.369315752699193478e+00 -2.742261580714157043e-01 -3.155774383287162088e+00 -6.031830921871603302e+00
1.000000000000000000e+00 -1.508236241803702526e+00 4.385968844691341850e+00 3.629763237765341266e+00 -1.319358290039808868e+00 -2.142252821519011530e+00 -2.180794696669004828e+00 -3.706120401607248649e+00 4.726939929636012394e+00 3.652096622842371687e+00 -3.380988128180814067e-01
0.000000000000000000e+00 -3.709328023908158301e-01 -1.103323234721393264e+00 2.559258920669739812e+00 2.497179071805962991e+00 -5.095627774995575621e+00 -3.169167025518104808e+00 2.439224371258990498e+00 4.117157883898764359e-01 -2.774729018925100377e+00 -5.277390875036060969e+00
1.000000000000000000e+00 -8.314683367018963489e-01 2.942570037729517196e+00 2.555223493793736367e+00 -3.309966219491956574e-01 -1.542097643449431343e+00 6.730961669959758531e-01 -1.153154250145151050e+00 3.027419792021531109e+00 3.903005678614908547e+00 6.398763864532119872e-02
0.000000000000000000e+00 -2.214716562647452980e-01 -3.003792819448282359e+00 1.233819722837229849e+00 3.633335702453336147e+00 -4.000185092388634622e+00 -4.529847773862834437e+00 1.034582214726488036e+00 -2.928438333776725688e+00 -2.443111057962945587e+00 -4.674966429016701674e+00
1.000000000000000000e+00 -6.075964199844541280e-01 4.182259163525283263e+00 2.647273308316266061e+00 1.269660572881641247e-01 -3.221078184659568411e+00 -1.965218775634799186e+00 -8.979563537321133548e-01 5.772443393156306612e+00 2.913313173938101741e+00 -1.787794482973681820e+00
1.000000000000000000e+00 6.057404202978322605e-01 4.418663214232964265e+00 2.513936623003374837e+00 -1.153908498842528108e+00 -3.177673806244984522e+00 -1.352938347328620949e+00 -2.867935378110435529e+00 5.186838018829351249e+00 3.107673642162527727e+00 -1.857649247515607671e+00
0.000000000000000000e+00 1.807134529354367691e+00 -9.450011501133359637e-01 7.593130300566126589e-01 2.600219152431864966e+00 -3.754827213186752388e+00 -4.455554203334132879e+00 1.875547507741951447e-01 -1.707781170067273591e+00 -2.836093787018218570e+00 -4.726350606878005678e+00
1.000000000000000000e+00 -1.776795104990089191e+00 3.916829180016518031e+00 3.756586160250057205e+00 -1.165762447801413915e+00 -2.918117777152799075e+00 -3.159642534700054739e+00 -1.513923175323136361e+00 5.038547797848129228e+00 4.151917428171206126e+00 3.720922327726190471e-01
1.000000000000000000e+00 5.912814688745544611e-01 3.628476843391893247e+00 3.224208658325963039e+00 1.417115674586018059e-01 -4.660957172231078083e+00 -8.662618494242853018e-01 -3.831107764638978175e+00 3.826775070590132444e+00 6.461735807341690840e-01 -2.717608817047569847e+00
1.000000000000000000e+00 -9.922945948353032453e-01 4.961716247284872594e+00 3.840478973414050756e+00 -6.359683703837495372e-01 -1.626762171403153712e+00 -1.313506392688414293e+00 -3.983281990041301235e+00 3.288666391593597638e+00 1.938113310024304869e+00 -1.846593688108829845e+00
0.000000000000000000e+00 8.827991326310189457e-01 -5.449074635076305295e-01 1.746158832033952280e+00 1.091633403680069891e+00 -4.823964327215094272e+00 -3.707559405115723017e+00 -7.470433310809587724e-01 -8.698534052449020948e-02 -3.461363041873194213e+00 -5.931438407379694411e+00
0.000000000000000000e+00 -9.067432882913850634e-02 -1.363412189627185578e+00 8.702384456063954055e-01 3.003980074511447995e+00 -2.666759774741423339e+00 -4.439079290090547580e+00 3.625436322432200598e-01 -6.182679578077905358e-01 -1.863998510678555709e+00 -6.394178008662310120e+00
1.000000000000000000e+00 -1.804108823763279412e+00 4.408815731790292958e+00 3.413823440990927160e+00 -2.725403054118915591e+00 -8.311772288470982151e-01 -2.035023643994590348e+00 -3.300775054412085741e+00 5.155115803704874544e+00 2.107347037899268027e+00 -1.400112970070541696e+00
1.000000000000000000e+00 -1.934524629788626937e+00 3.857431987616325664e+00 3.798760009365493850e+00 -2.588488491752077181e+00 -4.182200600092441434e+00 -1.066290724462744199e+00 -2.278901879344006787e+00 4.722708739911336551e+00 1.949954360838741074e+00 -9.243286470647442687e-01
0.000000000000000000e+00 -6.834820864056828649e-01 -2.336483982790378278e+00 1.582733189608987345e+00 3.088061359432479058e+00 -2.322680953986171026e+00 -4.934373412711002160e+00 1.549314644397603580e-02 3.193964464052168606e-01 -2.472076834012314261e+00 -5.381938837798647235e+00
0.000000000000000000e+00 -5.981479577542747617e-01 -2.030015996499778375e+00 2.040838846770048676e+00 3.062588242659752602e+00 -3.898506882469316981e+00 -3.637756014852131070e+00 2.496557057893083797e+00 -1.031931664818054095e+00 -5.337130177840831990e+00 -5.343515469489585001e+00
1.000000000000000000e+00 -1.339956030517025498e+00 4.276485297732492974e+00 3.963684811979648615e+00 -1.095280395128793494e+00 -2.823238777848851022e+00 -9.382685406523459948e-01 -1.638081833154418909e+00 4.161161989249056781e+00 2.364336544779725990e-01 -2.700841079917950083e+00
1.000000000000000000e+00 -1.246455855393183709e+00 5.040654490691674816e+00 5.287054441584199793e+00 -1.421426303931804025e+00 -2.148153998727248215e+00 -3.205323147498473801e+00 -2.835423796120014384e+00 6.143309360279515019e+00 3.248046463445005472e+00 -8.654380298049071385e-01
0.000000000000000000e+00 2.600866044321455295e+00 -1.219511943212640670e+00 2.326207805492136238e+00 2.238451651241777807e+00 -3.057507342427284502e+00 -5.939939349541997871e+00 6.785496298273754334e-01 8.772835139360901646e-02 -4.217717326946658574e+00 -5.564482359009490509e+00
0.000000000000000000e+00 8.906148240538284133e-01 -1.793293108758511556e+00 2.299218150120794668e+00 3.264579976337461886e+00 -2.437990911866697807e+00 -6.321475959304878600e+00 1.422592425107792824e+00 -1.253252381075999677e+00 -1.698477022437745232e+00 -5.713602794850687339e+00
1.000000000000000000e+00 -7.843267831540413626e-01 5.348889551460232816e+00 1.306600574465663467e+00 -2.551613996485270874e+00 -1.738314677593906232e+00 -1.581049463085745455e+00 -3.461408142622528938e+00 5.348083900095912391e+00 4.716268835682395633e+00 -6.334845784399076862e-01
0.000000000000000000e+00 1.230763103816461923e+00 -4.770567146181239337e-01 1.430978199876692170e+00 5.648282617378495019e-01 -3.152045674037148970e+00 -3.342169200871016432e+00 7.088634488395650912e-01 -8.295734047874460115e-01 -2.144072372384800751e+00 -3.315908243195617722e+00
1.000000000000000000e+00 -5.902677040582662293e-01 3.480311583287027499e+00 2.945590927081281230e+00 -7.517208813034907955e-01 -2.462546220091722304e+00 -1.536895982998847554e+00 -2.104521901107498039e+00 6.444081973574871114e+00 2.508794647930779664e+00 -1.647104937759290788e+00
0.000000000000000000e+00 9.309418952562389382e-01 -1.038331976961747394e+00 2.127125804633134276e-01 3.105324599906803318e+00 -3.896879429621303625e+00 -2.938685254650942991e+00 1.101428764337027078e+00 5.909931124035716632e-02 -3.631914996976791876e+00 -5.638931562105128137e+00
1.000000000000000000e+00 7.249168204908815749e-01 4.302239454619400050e+00 1.471885143009616481e+00 -5.685223992970181994e-01 -3.921137118935327681e+00 6.672432233484015818e-02 -2.763305197423257198e+00 3.770817413808995155e+00 2.674121864602459819e+00 4.901183464760610065e-01
0.000000000000000000e+00 -5.836526889634437998e-01 2.726532836259769610e-01 8.594383988906884042e-04 1.671754902312604152e+00 -2.815606498986066519e+00 -3.914179877479215808e+00 1.648649892321553789e+00 1.068588546442346132e+00 -1.865923490093716941e+00 -5.046090939546899357e+00
0.000000000000000000e+00 6.865568623629311196e-01 -1.806608572887570929e+00 7.106728032497313663e-01 2.117715683941337801e+00 -4.763407889972519627e+00 -4.494347523492803198e+00 1.790641159070582633e+00 -2.365420047060294295e-01 -3.696604968925345958e+00 -3.247228087023448673e+00
1.000000000000000000e+00 3.431323132743007154e-01 3.153597072066860907e+00 1.732052057004400236e+00 -1.724365118404052710e+00 -3.123718159995822585e+00 -2.149758144821522166e+00 -2.154368341410096477e+00 5.909339993712535488e+00 3.982058725871088889e+00 -1.219531674971668256e+00
1.000000000000000000e+00 -4.010404340432949244e-01 2.208294880595486731e+00 2.891507403437413082e+00 -1.802057367636386909e+00 -2.373573435744716242e+00 -1.595224196259342753e+00 -3.643282560743441145e+00 4.805742512778067521e+00 3.019519599189056436e+00 3.691308957371317589e-01
0.000000000000000000e+00 -1.039767917031531930e+00 -2.568193993062903857e+00 9.594826882765974396e-01 4.962399930659918468e+00 -2.619394999169612159e+00 -4.039605958628056825e+00 2.076286562013829329e+00 -1.264809184621879190e+00 -2.814724676788699753e+00 -3.158905508244201243e+00
1.000000000000000000e+00 -1.201262510755688906e+00 3.599507518129478445e+00 4.633242424006130733e+00 8.416627329992094619e-01 -3.208637868901571988e+00 -8.036266733183028421e-02 -4.528478767755480305e+00 4.804766043860077218e+00 1.280869340487608588e+00 -2.249855416537048791e-01
0.000000000000000000e+00 6.851201539371093441e-02 -1.610269532373144630e+00 9.833955953508735082e-01 2.972459930801005346e+00 -4.249888413216645233e+00 -3.047014132126083297e+00 1.830260903763234026e+00 9.231856993951890189e-01 -3.890957996061649826e+00 -5.984464741766985618e+00
1.000000000000000000e+00 -1.821606116441131018e+00 4.215821288183263071e+00 3.108787927749053104e+00 2.146671109225317675e+00 -5.356559486039162543e+00 -2.304686901166709934e+00 -2.635419695475859303e+00 6.319368481511836499e+00 1.640024761769460326e+00 -7.213176805767118616e-01
0.000000000000000000e+00 -1.246511477036738924e+00 -3.741237928844507454e+00 7.477873273165347445e-01 2.373203278822375584e+00 -1.392848962862799134e+00 -3.377500750810548347e+00 2.383160142864162445e+00 -1.847022457662764072e+00 -2.959505211177514195e+00 -5.276428269066482990e+00
0.000000000000000000e+00 -1.491718031284970047e+00 -1.088727893623870235e+00 1.222963273343659507e+00 9.073772439405112245e-01 -4.731468315122975277e+00 -2.936400933009299941e+00 -2.323969107031076398e-02 1.407785562494761056e-01 -2.591920980381137607e+00 -4.217025324348033344e+00
1.000000000000000000e+00 -1.108778933475036643e+00 4.470625575088540415e+00 3.860892609388229424e+00 -5.883968363839122695e-01 -3.245233315679944219e+00 -1.748456875463675120e+00 -3.089661322435239388e+00 4.156679577687517835e+00 3.856844155922936057e+00 -9.543520535588670972e-01
1.000000000000000000e+00 2.536643964454232680e-02 4.548114931549988249e+00 2.888331848032831495e+00 -1.019208985412914936e+00 -6.243954774073754432e-01 -2.126766554265155929e+00 -2.783990609510194947e+00 5.206753239084302542e+00 3.563926622032961511e+00 -1.124245704406523494e+00
1.000000000000000000e+00 -1.140260532738389898e+00 4.578646438990467082e+00 4.540813844993293991e+00 1.838359272415186041e+00 -2.366245595222642439e+00 -3.123627208172346403e+00 -3.899003289398053074e+00 4.674490921454784065e+00 1.964628943697373398e+00 -1.239621327133050288e+00
1.000000000000000000e+00 -1.131995410505832966e+00 3.530357235901983248e+00 2.249751281423725047e+00 -2.136618849876100956e+00 -3.011954453120856190e+00 -2.689267965523425730e+00 -3.034909945837909184e-01 5.016766700991191819e+00 2.730262462328972184e+00 -1.538932129882117916e+00
0.000000000000000000e+00 -1.919958192320576629e-01 -8.834693687273817986e-01 1.592649347327348419e+00 1.326353327667202153e+00 -3.004757255577597430e+00 -3.019379795979364012e+00 -2.595387158300757058e-01 -7.191960854076864251e-01 -1.609043155353457211e+00 -4.185132737361515254e+00
1.000000000000000000e+00 -1.004962063562317098e+00 4.139483040159682936e+00 4.314227437103126839e+00 -1.343686496668561992e+00 -2.938694062952176722e+00 -1.897336609579582056e+00 -3.830494431200754946e+00 4.288375874029685342e+00 3.441826298461934108e+00 -1.699492109153359021e+00
0.000000000000000000e+00 -2.552086947473578560e-01 -2.226650114153562399e+00 -2.101407790182736601e-01 2.668416473764278152e+00 -3.175111193120026876e+00 -4.959672357686601529e+00 1.956832000787107617e-01 -2.281130319987941246e-01 -3.793085594987241294e+00 -4.048390949064654798e+00
1.000000000000000000e+00 -1.654102942978158630e+00 5.142445723348084918e+00 3.389903860755812737e+00 2.274956595222696887e-01 -2.567030188833298698e+00 -6.839473737113530571e-01 -2.826397864108556757e+00 6.053232435471842088e+00 1.897419198199979729e+00 -6.830339240990512817e-01
1.000000000000000000e+00 2.497147146287890251e-01 1.982407029405259369e+00 4.238088492762936532e+00 4.963635939089481308e-01 -3.111821391252768798e+00 -1.284522529743040264e+00 -1.957329681882876038e+00 3.057700131788065434e+00 2.090989883597050625e+00 8.402649099405112842e-02
