1.000000000000000000e+00 -8.316336905430919302e+00 8.454918944888408561e+00 7.999748572360975807e+00 -8.661637258471293066e+00 -4.684083894893139366e+00 -7.223030136928704437e+00 -8.006105008224851716e+00 7.820019851488875240e+00 6.846557536400747601e+00 3.018510091483452396e+00
1.000000000000000000e+00 -6.594066462116115801e+00 7.639191543055010136e+00 7.998489077306261130e+00 -9.153557803710850038e+00 -5.045112561887227898e+00 -8.027409844071732081e+00 -9.312459210417959099e+00 6.074904672675390138e+00 7.356799549562360596e+00 2.438696437176685716e+00
1.000000000000000000e+00 -6.335225264829365877e+00 8.157156839714730268e+00 8.708016951420365359e+00 -8.912192452772973894e+00 -6.220740300681839585e+00 -6.241004632167292954e+00 -9.251444853984683192e+00 6.997164539910063041e+00 7.498698279187477667e+00 5.418506759163154385e+00
1.000000000000000000e+00 -5.287515795681148489e+00 7.476410637438296369e+00 9.564979509770912713e+00 -8.513051148008203839e+00 -5.323155709580649209e+00 -8.861749975521837186e+00 -1.001347568988089876e+01 5.068171755478516616e+00 7.078112373307384964e+00 3.797991568566579268e+00
1.000000000000000000e+00 -6.432778048452871822e+00 7.986176096634282295e+00 8.637483445805965943e+00 -9.653470997796251396e+00 -4.996516155303705631e+00 -7.170628829926513959e+00 -1.150812402432863024e+01 7.525536934026467506e+00 7.054637761262410045e+00 4.372880856150485940e+00
1.000000000000000000e+00 -8.462323140180910030e+00 8.206898415337702701e+00 1.000396189635889854e+01 -9.566299517128570074e+00 -5.801180370029875633e+00 -5.783872781527205298e+00 -1.029438267619118719e+01 6.828252189178779297e+00 8.161914434213871417e+00 4.008817416182476556e+00
1.000000000000000000e+00 -6.200362437394862702e+00 1.050252779735333775e+01 8.215437166336512220e+00 -7.617681882577851837e+00 -4.306419515882618398e+00 -7.502190844802272274e+00 -8.991341769500083458e+00 4.655847954252864795e+00 7.351821200997835426e+00 3.105007632318443900e+00
0.000000000000000000e+00 -3.878633481233288549e+00 6.233258861362568126e+00 -7.685195790737151533e+00 2.321940218656386445e-01 -1.186761092308973309e+00 -6.961452652718678635e+00 1.032372791192787531e+01 -4.733080436625920484e+00 5.763751025342712886e+00 -8.898463279558370687e+00
0.000000000000000000e+00 -3.639263671498881525e+00 6.856201604999935029e+00 -7.359777500940785977e+00 1.444070765720438576e+00 1.794422049517724327e+00 -6.269332876068364868e+00 8.537093259736353801e+00 -4.314425075579362279e+00 4.600729734961725548e+00 -1.058788136940355251e+01
1.000000000000000000e+00 -5.937717402099305986e+00 6.798150740216064136e+00 7.331120804667566659e+00 -9.817626194523578320e+00 -6.574514249829989332e+00 -6.604403720795957611e+00 -9.584598746241926648e+00 6.663285508337988716e+00 7.622243267038102843e+00 3.086099129473925728e+00
0.000000000000000000e+00 -5.425286396736468397e+00 6.153564310035545937e+00 -7.578603812263560613e+00 9.327085215137540519e-01 3.880794183123788543e-01 -5.893092005574704473e+00 8.544129425164875613e+00 -3.814815861668054975e+00 3.319870974701728095e+00 -8.868242803324243084e+00
0.000000000000000000e+00 -4.621438078429773277e+00 6.090663907272482192e+00 -7.635260121148832013e+00 1.205485217890422955e+00 -9.290387347925332939e-01 -6.358832549886636265e+00 9.404014218426334892e+00 -4.869561647162867324e+00 4.833747188507969028e+00 -9.053298800706583549e+00
0.000000000000000000e+00 -4.335572006468486173e+00 7.818138061612487810e+00 -8.411552519368095560e+00 1.702932643875703089e+00 -4.060044388324595133e-01 -4.977571583469373451e+00 8.235673665226693529e+00 -3.832402231035911822e+00 3.092332427586435895e+00 -8.921518720682923842e+00
1.000000000000000000e+00 -4.803529752635068206e+00 7.690275443306514802e+00 9.075485060769040047e+00 -9.404585693825294967e+00 -5.176648432658470966e+00 -8.737408789308860335e+00 -9.816353163397353754e+00 7.097227816288596891e+00 7.620093203809193305e+00 2.675419149791123719e+00
1.000000000000000000e+00 -6.260484993608574023e+00 8.159030840932283368e+00 8.229578562925219387e+00 -9.350606786492082989e+00 -3.364213003011970127e+00 -5.733552419025385483e+00 -1.042943409240703900e+01 7.328052075250212738e+00 6.866574453836939540e+00 2.430405452490803420e+00
0.000000000000000000e+00 -4.269755899994188475e+00 8.272714466840202618e+00 -7.338597052244083763e+00 6.190395003723649925e-01 1.177438436681860878e+00 -7.891780156028650239e+00 1.116252252235293163e+01 -5.237257640851248119e+00 3.565241312035783761e+00 -9.211228620305059067e+00
0.000000000000000000e+00 -6.181019163832575103e+00 6.422366134853866981e+00 -7.903561805625571424e+00 1.938009333360473541e+00 4.344825669522114908e-01 -5.830463996633876711e+00 9.230448563942385221e+00 -3.997415293556500604e+00 3.635429888935072018e+00 -9.369282047722144569e+00
0.000000000000000000e+00 -3.488339323096592892e+00 5.518135746849167411e+00 -5.930016677467342845e+00 1.313762809757054839e+00 1.792007297151492207e+00 -5.373698071466598059e+00 8.856217071426778276e+00 -3.395511022875128404e+00 5.053628362124521267e+00 -9.724586092788774394e+00
1.000000000000000000e+00 -6.285948357694805644e+00 7.299572294566922359e+00 9.619144125113411548e+00 -1.013856471789069680e+01 -3.269056947260280399e+00 -7.974930942963122327e+00 -8.448983990147359791e+00 5.475970685596234233e+00 7.732722253719551020e+00 4.535342919718399202e+00
0.000000000000000000e+00 -4.178102816335295344e+00 7.151494470670895609e+00 -7.846542393525353098e+00 2.038813859200097944e+00 -9.125163203417963054e-01 -8.561533409894842350e+00 1.033196531758759207e+01 -4.817180787493741789e+00 5.043707131321701453e+00 -9.018522537466305167e+00
0.000000000000000000e+00 -4.020020046571624484e+00 4.908676850069533693e+00 -5.815573160515633333e+00 5.886095874175485410e-01 5.538009701755041148e-01 -6.227609225906441281e+00 8.094421221318015114e+00 -3.144507934977578856e+00 4.276963570233323964e+00 -7.566816335845592434e+00
1.000000000000000000e+00 -5.462453237342727697e+00 8.466609587871769094e+00 9.106751817086697898e+00 -8.534465471823523330e+00 -4.213140000190813694e+00 -7.095447989052502180e+00 -7.832542396481789737e+00 7.194407297271095736e+00 8.136289685419354711e+00 3.689851494544225119e+00
1.000000000000000000e+00 -5.277999816301414349e+00 7.340211237601413252e+00 9.005519245850006627e+00 -9.417792188468061099e+00 -6.184459393821482465e+00 -6.406567492058854896e+00 -9.091974527783438731e+00 6.704227178976249313e+00 6.865494292681185939e+00 2.956143168478682082e+00
1.000000000000000000e+00 -5.070587968829665115e+00 9.426254782863244586e+00 9.985026336823215942e+00 -8.782120781582651858e+00 -8.171360510134338284e+00 -5.955190872154058290e+00 -1.120711424357958741e+01 5.936395050332517798e+00 7.408879955095785341e+00 2.267149100467749090e+00
0.000000000000000000e+00 -4.655939009585317478e+00 5.357472819121756658e+00 -7.649675971404411357e+00 1.432477174734441805e+00 1.562140468957674111e+00 -4.571239581194054935e+00 7.338043346991147686e+00 -3.451337884476221696e+00 3.003919583780462865e+00 -9.379898980565721800e+00
0.000000000000000000e+00 -4.554172676587428192e+00 8.779586305986759598e+00 -8.830095880561025012e+00 -7.771165482018695947e-01 1.066118152852272738e+00 -6.796687021092028935e+00 8.945961987791005043e+00 -4.978500745323721333e+00 2.842811145426552777e+00 -1.000709244906666129e+01
0.000000000000000000e+00 -4.733649478580770342e+00 7.611728070855784622e+00 -8.215602552273011838e+00 5.191390074062248727e-01 2.013737010606553746e+00 -5.747622590946367183e+00 8.728200162376204219e+00 -3.484103617014660426e+00 4.447536601807281720e+00 -9.390148389205121404e+00
0.000000000000000000e+00 -4.946862334325751398e+00 6.862806658072863719e+00 -8.103897201483789559e+00 5.585264892354837585e-01 7.185761117412962085e-01 -5.427509301016941734e+00 8.598868666580724351e+00 -3.145081462608029899e+00 2.703526583531798977e+00 -7.683735652279573003e+00
1.000000000000000000e+00 -6.166687104961336097e+00 8.776278572385169952e+00 9.206257362627887630e+00 -9.642062560058667131e+00 -4.323123944643657346e+00 -4.969418657645769066e+00 -9.888372363622870864e+00 5.715413708768558365e+00 7.708756074993505791e+00 3.684955955735025768e+00
1.000000000000000000e+00 -5.946786079540963499e+00 8.437734600863169732e+00 7.976984934096352120e+00 -8.224297569514039452e+00 -5.849344031670793420e+00 -6.720134611445568673e+00 -9.230893737104889141e+00 6.708751112800045213e+00 7.928288196213345351e+00 3.302316459463574549e+00
1.000000000000000000e+00 -4.924369286319717709e+00 7.110228394467152491e+00 8.048885352291108575e+00 -9.905163130261088966e+00 -4.120236033761365491e+00 -6.500094652512185434e+00 -9.531387900829114912e+00 5.751969070679461282e+00 7.238294252425246711e+00 2.505582770114992641e+00
0.000000000000000000e+00 -3.470441316960481082e+00 7.479938837854155587e+00 -7.812765781900804285e+00 1.795073662986306662e+00 -7.711392661819025385e-01 -4.809641697893113133e+00 8.597614265455543858e+00 -3.738110735999521594e+00 3.601787574191035013e+00 -9.249612845192629607e+00
0.000000000000000000e+00 -5.381885756408187227e+00 6.855435482339020226e+00 -9.089035702902537039e+00 2.355467919266339694e-01 -1.321596892447395311e-01 -5.601708231510957425e+00 8.402759752241196978e+00 -3.460782454546360132e+00 3.391431003406595757e+00 -7.331243204351078013e+00
1.000000000000000000e+00 -8.187311299461253356e+00 8.342462975967810834e+00 8.841243274682014430e+00 -8.422448281585305452e+00 -5.927969191100198820e+00 -5.966710474844258982e+00 -9.936949994666896657e+00 6.484108246403079256e+00 9.517533344237097737e+00 1.663315264862184062e+00
0.000000000000000000e+00 -4.749261930889696615e+00 6.114163961976600170e+00 -7.853719138577657688e+00 5.867619429486277127e-01 6.469658194270810903e-04 -5.045975274237512131e+00 7.752725033633951490e+00 -4.092343034222739817e+00 3.553241619258268535e+00 -8.620572155957363591e+00
0.000000000000000000e+00 -3.904266833942508619e+00 7.269660111037714145e+00 -8.170937984585021852e+00 1.065955433784057549e+00 1.223176094781775136e+00 -6.491532931931740080e+00 9.437491216596347599e+00 -3.213308468866131307e+00 3.935743446266805723e+00 -9.432753462681940704e+00
1.000000000000000000e+00 -5.219397345236019170e+00 8.122276457334981714e+00 8.448130292423773113e+00 -9.920314261558539570e+00 -4.609729352556224846e+00 -7.507858236960402110e+00 -1.150829847030468756e+01 7.308764716640806292e+00 6.961620294534753839e+00 2.479411165315910548e+00
1.000000000000000000e+00 -6.692520635346329350e+00 6.480073512360920773e+00 8.676224195726948807e+00 -9.036558751144356805e+00 -5.239989502545055799e+00 -8.270316818782736945e+00 -9.480398855939872860e+00 6.825257865765706811e+00 7.364256960792265438e+00 4.140627442524520418e+00
0.000000000000000000e+00 -5.202132114390472850e+00 6.484660893499524015e+00 -7.314904439274111603e+00 2.118184783576687380e+00 1.874107540563828556e+00 -6.394345865841041032e+00 8.742193566643063463e+00 -4.107325386412836288e+00 3.212465649224747644e+00 -8.971446802890691075e+00
0.000000000000000000e+00 -3.945275521098029703e+00 6.356999958375777915e+00 -8.304304112711321295e+00 8.818959005988429301e-01 3.393024991299241622e-01 -5.492772340600112102e+00 8.173220690978345360e+00 -4.191606290566234350e+00 3.943966771897299939e+00 -9.023462584686209098e+00
0.000000000000000000e+00 -4.139635909583398110e+00 6.543462808001267561e+00 -7.738667085059192985e+00 1.501218170067216917e+00 1.066788086347886910e+00 -5.446818673164220748e+00 8.552474784982070588e+00 -3.084319861091454396e+00 5.610146287814875343e+00 -8.804646313023523518e+00
1.000000000000000000e+00 -6.301780154477166995e+00 8.815268177578422737e+00 8.378745800885919692e+00 -1.125428263357808234e+01 -4.305890619752144488e+00 -7.876589344975799101e+00 -1.034836691083602744e+01 5.700675772979591827e+00 7.358844176406289961e+00 2.249916444995871068e+00
1.000000000000000000e+00 -6.582172663897721598e+00 8.831576136449436731e+00 9.896312327008036647e+00 -9.563785070251736187e+00 -6.186511580412373590e+00 -5.915709690040362290e+00 -1.000464181918181339e+01 6.039297209470698036e+00 8.098752547084067999e+00 2.736583997075895613e+00
0.000000000000000000e+00 -4.504094407559312785e+00 5.201925488321935021e+00 -6.647450566106705594e+00 1.362758585684956447e+00 1.046393766428324601e-01 -3.996274385538656215e+00 9.911704715705601743e+00 -4.226480040568567631e+00 4.591217133202485812e+00 -8.455026535787977693e+00
0.000000000000000000e+00 -4.292516319664343882e+00 6.075601782718300647e+00 -1.113560386504747335e+01 4.473704792383932372e-01 7.208048065342402833e-01 -5.046540786185310878e+00 8.564736314147074481e+00 -3.097629664144674777e+00 3.857698119135490877e+00 -1.021904409578212025e+01
0.000000000000000000e+00 -4.236547564046281522e+00 4.338395125923556250e+00 -7.788905042348824637e+00 1.995588604951819667e+00 2.033399746394535690e+00 -5.709062711105145738e+00 9.653239618764294150e+00 -3.765649189719967094e+00 2.691026407001489318e+00 -9.097493209802982150e+00
0.000000000000000000e+00 -5.034927035266724360e+00 6.483659631442946214e+00 -8.195131504994151328e+00 1.980247494186720303e+00 -6.423659479294887564e-01 -5.556298569563277390e+00 7.179043845287423231e+00 -2.849306783932788356e+00 3.328299564540683875e+00 -9.863230857269824625e+00
0.000000000000000000e+00 -5.848497199739007613e+00 8.762653745556093554e+00 -7.587602611086177617e+00 1.210148254679121571e+00 1.366732231873581505e+00 -6.199994937212419011e+00 8.440426584631742557e+00 -3.504742435893504648e+00 4.441357244757748290e+00 -8.772151277979935102e+00
1.000000000000000000e+00 -4.783997814852210873e+00 1.048721545531539334e+01 9.301457890628531899e+00 -8.479310187895347184e+00 -4.387085852424477572e+00 -6.355566491896360581e+00 -1.115222963794581190e+01 6.493960193660451630e+00 8.372911468439674820e+00 3.295972502138307725e+00
1.000000000000000000e+00 -6.392435937880697416e+00 7.690038351093966718e+00 9.332220863721362392e+00 -1.052528514359784850e+01 -4.921685545414977270e+00 -6.901111736980191758e+00 -9.328733387698953550e+00 6.212581046745023983e+00 8.528515858367674340e+00 2.827618248852255878e+00
0.000000000000000000e+00 -5.780339231741013606e+00 6.113326483216090956e+00 -7.753882229025639283e+00 1.504353826050347065e+00 -5.480016235620586151e-01 -7.072133945226346086e+00 7.919157551320531674e+00 -2.929383659820666619e+00 3.940501265144405352e+00 -9.583345310811429485e+00
1.000000000000000000e+00 -7.510440379639399922e+00 7.540631221651904248e+00 9.706323365648087176e+00 -9.408763342008512609e+00 -4.107012143974228202e+00 -8.033264678339040898e+00 -1.049924005424421303e+01 6.199127640725732746e+00 8.511350959268392913e+00 3.086126848090871011e+00
0.000000000000000000e+00 -4.704125021795070971e+00 7.435985251433470111e+00 -8.647496806999111385e+00 1.913874281630145280e+00 -4.881737912742062369e-01 -5.489563449270375983e+00 9.404999897316031365e+00 -3.193605959347634915e+00 1.889191435983963441e+00 -8.419158118736017826e+00
1.000000000000000000e+00 -6.925542867979352479e+00 8.713820196624693537e+00 9.181246410704698491e+00 -9.309522859751705681e+00 -5.609002915888019913e+00 -7.928021538722846984e+00 -8.358478740518282990e+00 7.824789276448136377e+00 7.219344350478422712e+00 6.645478822805435115e-01
1.000000000000000000e+00 -6.119461338836506670e+00 8.298070919559778602e+00 9.881186367323399722e+00 -8.007444172069126509e+00 -3.251562996962523933e+00 -7.298090594029221556e+00 -9.665139098631895465e+00 6.631274034879252710e+00 8.239926559062352496e+00 4.269304209322588584e+00
0.000000000000000000e+00 -4.707333762590972803e+00 5.419529192269274098e+00 -7.747970856663272343e+00 2.534734562850405881e-01 -5.726379237677972078e-01 -4.847551304120759852e+00 8.369932432813218526e+00 -4.851377162234831175e+00 4.035887071089433675e+00 -7.668509349654884844e+00
1.000000000000000000e+00 -6.919478078288216594e+00 8.273371192824731324e+00 9.719770799232268388e+00 -9.432151769234128125e+00 -5.163945446852421739e+00 -8.280515356386551673e+00 -1.007153703480094187e+01 4.636444552964402277e+00 6.893884584244453606e+00 3.496520294405479845e+00
1.000000000000000000e+00 -5.266424601008846018e+00 8.255406399975401044e+00 7.982865844266341604e+00 -9.170004753350804449e+00 -6.728485551458985192e+00 -6.228018993844685269e+00 -7.416426702359487422e+00 6.945961329737079915e+00 7.322954166029014722e+00 6.233374911072804281e-01
0.000000000000000000e+00 -5.105770387456834314e+00 6.025957306369643440e+00 -9.185794504803359573e+00 -6.667798032217777671e-01 -6.793619512018407303e-01 -3.893755417316751011e+00 9.261533673822601287e+00 -5.190141553961837850e+00 4.435575733195629589e+00 -8.212451849784846658e+00
1.000000000000000000e+00 -5.778594745737594351e+00 8.136440304966960468e+00 7.127107690255465755e+00 -8.700968773628201092e+00 -5.504219339601128524e+00 -6.240225938613846779e+00 -9.438883646311214903e+00 8.165504585484091749e+00 7.078456945978619075e+00 2.707291639331426580e+00
1.000000000000000000e+00 -7.779610967608088679e+00 9.057280532687631336e+00 8.370028170854677541e+00 -1.005560280714984778e+01 -5.174002539246183474e+00 -6.993140634739046568e+00 -9.193793732112322203e+00 5.840871498443899412e+00 7.910763976029797639e+00 2.849667456993766113e+00
0.000000000000000000e+00 -4.465921414818463830e+00 7.126788628327882513e+00 -7.019764537247947800e+00 1.723404579059035768e+00 1.015700334750256895e-01 -7.172857102092945247e+00 9.781215538600626758e+00 -2.737445647948178795e+00 5.262259129384835532e+00 -1.091735380191301097e+01
0.000000000000000000e+00 -5.107940221665588254e+00 6.694614708418699323e+00 -6.834329578423297136e+00 9.474013108653219772e-01 -9.699465393504047572e-01 -4.804935763462558462e+00 8.863443593991803482e+00 -2.912248795526719558e+00 4.730271744296945080e+00 -7.799780377195667747e+00
1.000000000000000000e+00 -6.203604217621501604e+00 9.219520943753945375e+00 9.371126232690327740e+00 -8.133323287788316591e+00 -7.591622088144093894e+00 -6.195440093867309095e+00 -1.028702760630249458e+01 6.127665434505866315e+00 8.346513443285452638e+00 2.138035313970498397e+00
1.000000000000000000e+00 -6.613842266985884955e+00 7.573508517731951883e+00 9.697020486562127672e+00 -8.678967266316869100e+00 -5.813164208302217695e+00 -6.438669768748281008e+00 -7.760200854792875802e+00 6.593204271428071195e+00 7.949828360738742106e+00 3.412768315485089854e+00
1.000000000000000000e+00 -6.223560017117461207e+00 6.777626572533304028e+00 1.050094492764143794e+01 -8.677676717645249838e+00 -3.782772780622251751e+00 -7.029321452597939057e+00 -1.013638245631354806e+01 7.416142228331686681e+00 7.709162096785478369e+00 8.528401096670412684e-01
1.000000000000000000e+00 -6.168233848955856580e+00 7.522793036601581385e+00 8.616588771181508122e+00 -8.826783652083582510e+00 -5.005561316844993058e+00 -6.255410295148784883e+00 -8.457685414959703607e+00 5.221453526693574432e+00 6.310803148356738390e+00 5.625041737715291035e+00
0.000000000000000000e+00 -5.274627007843834647e+00 6.896483675543301217e+00 -8.733684425775198434e+00 1.247118819082663643e+00 -1.420627207756021138e+00 -6.345777765562194972e+00 8.363630866872332703e+00 -2.985687672990036567e+00 2.581997775709018672e+00 -8.163465508269734272e+00
0.000000000000000000e+00 -4.126965700194444864e+00 8.963645222961947212e+00 -7.756903926393611926e+00 3.541283188572864615e-01 -1.397604576723264547e+00 -7.851442436947010606e+00 8.259172721572044296e+00 -4.218062885611032264e+00 4.765778607417841428e+00 -8.382974095808291892e+00
0.000000000000000000e+00 -4.489651635938438190e+00 7.696561109901398190e+00 -8.159484583011641590e+00 1.025416975093145666e+00 4.937940339347831609e-01 -6.205120394638202974e+00 7.517645199489189523e+00 -1.829057148830566026e+00 4.428126254729141564e+00 -7.220209391917825847e+00
1.000000000000000000e+00 -6.175574805159520508e+00 7.716150754221570374e+00 9.341869220972297327e+00 -1.062510252504522335e+01 -3.092270715711073148e+00 -8.876401968267677134e+00 -9.221696334119549476e+00 4.417606071757200326e+00 7.480199736949427525e+00 2.827443418140082265e+00
1.000000000000000000e+00 -6.323795652418662705e+00 8.729914975943401600e+00 9.676161257065006183e+00 -8.753460926415534971e+00 -3.601840963000639828e+00 -6.224386406449407438e+00 -9.434882960963550502e+00 4.761322138495122758e+00 7.276246689397158462e+00 2.741694331579878519e+00
0.000000000000000000e+00 -3.878609065778003018e+00 7.069335412694580434e+00 -8.482956202214612773e+00 1.494620764505110166e+00 -2.058466406459052989e-01 -5.795823313616039307e+00 8.549740392768228503e+00 -3.519413531690284813e+00 3.871817419476988764e+00 -8.387349066013594978e+00
1.000000000000000000e+00 -6.247263367185407645e+00 8.257204648154740312e+00 8.511790564241945134e+00 -7.693090925690286852e+00 -4.680722657491187988e+00 -7.471546676503939999e+00 -1.018149234705413164e+01 5.596335162286441012e+00 8.171965220143095010e+00 3.309237096974163350e+00
0.000000000000000000e+00 -4.365166701042420883e+00 6.660637285571584520e+00 -6.314840086678124464e+00 6.157839275989315242e-01 5.194462496717793254e-01 -6.389305758710188243e+00 9.272781055351591917e+00 -2.955252399466018254e+00 2.689983195000153593e+00 -8.124402798890033139e+00
0.000000000000000000e+00 -3.723268160940020444e+00 6.241608742555567524e+00 -6.861086658999938415e+00 1.248253206067050147e+00 3.571715079659397718e-01 -6.526688599438736027e+00 7.593963126214250181e+00 -3.226371627662156349e+00 4.537078463104202264e+00 -9.989822517759723297e+00
0.000000000000000000e+00 -4.552108630579437154e+00 5.801612200070239922e+00 -8.899919540446070698e+00 1.881121925709906550e-01 6.725248787043131005e-01 -5.799397326398471719e+00 8.036473398540463720e+00 -3.588087815185243112e+00 3.273770615408877482e+00 -8.985535404422096306e+00
0.000000000000000000e+00 -4.228128482465555393e+00 5.300237002819248922e+00 -7.805329828960374527e+00 1.501151184663098714e+00 6.833271283629527293e-02 -6.709735137454918785e+00 9.072505670746116024e+00 -4.068427755407482138e+00 2.794945840090011124e+00 -8.777611696112471051e+00
1.000000000000000000e+00 -6.629086775756601213e+00 8.816093359197409995e+00 8.871417386323093623e+00 -8.254605945763195507e+00 -4.165178135090092049e+00 -7.127635022991435143e+00 -1.131599101350703052e+01 5.804267706340414001e+00 7.444016144796824719e+00 3.369891796950225782e+00
1.000000000000000000e+00 -7.813937538084966050e+00 7.500508026105638493e+00 8.020308533633127013e+00 -9.969737756182212252e+00 -6.558793454422051639e+00 -5.807627333317886276e+00 -1.044018063345456326e+01 6.381465936063295707e+00 7.125456001528819527e+00 2.255908672046849528e+00
1.000000000000000000e+00 -6.105353637059897309e+00 7.693928154558644650e+00 8.478014097579110953e+00 -9.309859984413026979e+00 -5.635211726457285408e+00 -8.503166209991487534e+00 -9.905110322341776907e+00 5.530735103334074587e+00 8.403771425317202670e+00 2.650431088410786007e+00
1.000000000000000000e+00 -4.018450114380082816e+00 8.814344590058988516e+00 9.213710901849768931e+00 -9.085596995603536286e+00 -4.969832095981049136e+00 -5.060290431607560535e+00 -7.458760690855185338e+00 6.848427064145022669e+00 7.559831529477325951e+00 3.518133798932744583e+00
0.000000000000000000e+00 -5.394132887868736681e+00 7.966498766770717666e+00 -8.599975642715381952e+00 3.693208431954908555e-02 1.248880928229261222e+00 -5.933044734376493601e+00 7.528885658751783616e+00 -3.576944988501260969e+00 4.625396409306318013e+00 -9.324712958452330724e+00
1.000000000000000000e+00 -5.505477461069876455e+00 8.541084349938127929e+00 9.248102310944361193e+00 -9.526894218077236687e+00 -5.585355935428756524e+00 -6.089616837646913083e+00 -1.040962206585730065e+01 6.576379183062618594e+00 8.592173209413562773e+00 1.490925744967475541e+00
0.000000000000000000e+00 -3.725327781961595086e+00 5.924120795407445073e+00 -8.140331621236297721e+00 1.302359490291482569e+00 -1.170046498248499711e+00 -5.144057491477517452e+00 8.720830130834325900e+00 -3.847298916774145816e+00 4.697857279719587886e+00 -8.894599411276161049e+00
0.000000000000000000e+00 -5.145061184385663289e+00 7.547974140925164832e+00 -6.472697804270180377e+00 -2.939563858416993636e-01 -1.739690511658545935e-01 -6.492473889732148784e+00 7.772966991796684155e+00 -4.287224346932877239e+00 3.522627699759276254e+00 -8.094306358905619447e+00
0.000000000000000000e+00 -4.600095056931087001e+00 5.724160184358840553e+00 -7.249023643723245591e+00 1.024941390991398915e+00 2.114328645348098945e+00 -6.097987634797132017e+00 7.776085371211141073e+00 -3.027516247891437917e+00 4.078642060660174096e+00 -8.189796978073696110e+00
1.000000000000000000e+00 -6.741617606824372722e+00 7.995799854056580003e+00 9.518128497994872816e+00 -1.025549427533056424e+01 -5.179853859147016237e+00 -6.182630950431953210e+00 -9.442482678429879428e+00 5.928959272067862329e+00 7.192590923730740826e+00 1.699266947372009229e+00
1.000000000000000000e+00 -5.626578471058621744e+00 8.190401995451818351e+00 1.000496625426758257e+01 -9.166942714695782257e+00 -4.498742122074848027e+00 -5.883907979166008495e+00 -9.311588649657764449e+00 5.298082895533603676e+00 6.640249093783404888e+00 1.883390502339792327e+00
1.000000000000000000e+00 -6.579369231445635791e+00 7.345959719184874892e+00 7.013388980369571257e+00 -9.622793982040567684e+00 -6.492409255630417597e+00 -6.518016710447959383e+00 -9.269387882582048377e+00 6.713239738667097001e+00 7.988307342818808721e+00 3.661654506712904489e+00
0.000000000000000000e+00 -4.920486805045720224e+00 6.809982679396491712e+00 -7.583650395684666812e+00 1.937172321555299392e+00 -2.330260612269781095e-01 -4.775397898076248815e+00 8.616610041250270413e+00 -2.883610420295823928e+00 3.297182326350365678e+00 -8.865232479957944278e+00
1.000000000000000000e+00 -6.976483517544911805e+00 9.086832624384278745e+00 9.786944582130553627e+00 -1.012788598739343193e+01 -4.174377620557510937e+00 -6.188541847438076005e+00 -8.165779659357340847e+00 7.940607488801148861e+00 7.388173496107204308e+00 1.788001869550934320e+00
1.000000000000000000e+00 -6.645520023271859422e+00 8.681399877971919921e+00 9.111172943458951679e+00 -9.198907619195050955e+00 -5.571513082736618827e+00 -5.809406784693813997e+00 -8.441821621949715748e+00 7.595080000325970637e+00 6.923560588830894424e+00 3.275631274828546768e+00
0.000000000000000000e+00 -5.295452735500156827e+00 5.585905778094788054e+00 -7.802516712981277358e+00 2.297045704675293898e+00 1.330537311008118007e+00 -7.266235368978589904e+00 9.404538458538896251e+00 -3.910367267987749251e+00 3.065609901847645702e+00 -7.015164055813141175e+00
1.000000000000000000e+00 -7.024641377962201005e+00 7.703128578239657465e+00 7.325887796833802312e+00 -7.634718008058529293e+00 -5.509370561370226405e+00 -5.921617574275650497e+00 -1.018671694884856116e+01 6.372125477549337447e+00 8.881351207332684794e+00 2.269685603390751538e+00
0.000000000000000000e+00 -3.948551955548207815e+00 8.499069384199705368e+00 -9.237372099488892374e+00 8.370847961075744692e-01 1.259750678247430145e+00 -5.871548449978669204e+00 8.383585432621348588e+00 -3.683241537264462906e+00 5.862882593186490077e+00 -8.286766439577718302e+00
1.000000000000000000e+00 -6.769899852134213525e+00 8.915098060713036787e+00 8.646868069549316971e+00 -8.921219884446871973e+00 -4.736274729119173799e+00 -6.999997441996135272e+00 -1.002914784643102664e+01 6.667341586044992496e+00 7.328495886970732620e+00 2.820406443551106701e+00
0.000000000000000000e+00 -5.565346962013034471e+00 6.736374544377536466e+00 -8.117454285223120181e+00 2.154077189300868111e-01 -1.156872463016915376e+00 -6.259984131661213702e+00 8.784216366232090678e+00 -3.980777802341802118e+00 2.127189297228059495e+00 -9.792123433488784556e+00
0.000000000000000000e+00 -4.663491762159752696e+00 6.447487143611534854e+00 -6.976317381010791685e+00 1.127156536007569265e+00 -9.807175588187222459e-02 -4.945831009619858776e+00 8.011404255070599945e+00 -3.437746131516472126e+00 3.663218993225475284e+00 -7.800325995684938896e+00
0.000000000000000000e+00 -4.125972573962489065e+00 7.495459334664822393e+00 -9.126215307917171060e+00 2.076769920282282911e+00 9.788593418110174138e-01 -5.715880702287416959e+00 9.493038365426821557e+00 -3.323544978317800602e+00 3.066350070706559627e+00 -8.995842338905834623e+00
