0.000000000000000000e+00 4.473672581832035533e+00 5.606712695705522442e+00 -4.734648058842967799e+00 -9.963539999971352534e-01 -3.339127367533276214e+00 -1.839781824076092143e-02 3.570264464328125609e-01 2.163642703590153094e+00 8.422616898315636869e-01 2.138136302691666657e+00
0.000000000000000000e+00 3.885810933160493974e+00 4.835746158920084525e+00 -2.430383335193271321e+00 -2.045583445447858750e+00 -4.189093660605816893e+00 -5.991260625348492352e-01 1.502794655772174415e-01 4.467613340288247414e+00 7.494315173244709971e-01 5.836192023754275482e+00
1.000000000000000000e+00 -6.625041452586097890e-01 1.785170838703507012e-01 4.975369203912130445e+00 4.915234749990013974e+00 2.562121417748159935e-01 -6.251494846360583502e-02 -7.579736111538390997e-01 4.537105852983144061e+00 1.905732109363394544e+00 1.746352976961948578e+00
1.000000000000000000e+00 -5.845205260411727721e-01 -4.442023706110249659e-01 4.825421756519751249e+00 3.497258819189214663e+00 1.334741704832311804e+00 -2.179202549262208244e+00 1.182000149368855890e-02 3.534863143613830694e+00 5.248360145139330246e-01 2.210900490511959582e+00
0.000000000000000000e+00 3.721457687559591498e+00 4.593440898490690039e+00 -4.382736188543177924e+00 -7.039793835901090313e-01 -5.704733148081808203e+00 -1.975101411196172219e+00 -9.286871742191026291e-01 1.656848122661394918e+00 3.217871248867689160e-01 4.739271763294130579e+00
1.000000000000000000e+00 -8.867138413341864034e-01 -2.589901474688820482e-01 3.927037355478029568e+00 4.343778670020934207e+00 1.836610029905527963e-01 -7.777182562016697887e-01 -1.134515319459284299e+00 2.149070538489710636e+00 -1.673762459869981623e+00 -9.228689441380948377e-01
1.000000000000000000e+00 -4.149309240975015967e-01 -3.106914373331851831e+00 3.668264895658766012e+00 2.293952197835131379e+00 1.566230491933675806e+00 -5.728076938110419070e-01 -5.336098392763781728e-01 4.389501451931627329e+00 -1.647647250397795138e-01 7.538663998546156764e-01
0.000000000000000000e+00 4.785508769731951162e+00 4.544918443938946062e+00 -8.930872033502463836e-01 5.818750527510729853e-02 -4.597461368829605988e+00 -2.030784417206451309e+00 8.924821681046470889e-01 1.504673886756557222e+00 -2.103368598159988667e-01 4.949105566313635407e+00
0.000000000000000000e+00 2.521520532789828017e+00 5.197099810207591375e+00 -4.306935097667020429e+00 -1.956598621905496715e+00 -3.674249753429014387e+00 -6.081451652047880074e-01 -1.827917779654801567e-01 2.517845251304386966e-01 -1.219374999870138421e+00 2.661421910872507901e+00
0.000000000000000000e+00 4.823671213021719417e+00 4.220192638830491560e+00 -3.778799938090532606e+00 -1.421066812050331585e+00 -4.336313683654428708e+00 -3.070336115755302742e-01 -6.057160769735727701e-01 2.124225246366521880e+00 5.385216720078227493e-01 5.024766161641244011e+00
0.000000000000000000e+00 4.495062044246463273e+00 4.652801425645937350e+00 -4.805329310667290521e+00 -3.192877470229981807e+00 -4.778709045843881675e+00 -2.180434383602333215e-01 -9.079715194703396053e-01 2.157134779816157977e+00 4.672899593467790269e-01 3.728117205697772718e+00
0.000000000000000000e+00 3.384354491220524785e+00 3.690504305413857988e+00 -3.757230109196453949e+00 -1.788995843432152899e+00 -3.456579025473132560e+00 -2.536369488014043938e+00 -7.229716572324735857e-01 1.495220400912220970e+00 -2.247899977655773984e+00 4.060033926275395721e+00
0.000000000000000000e+00 3.098245202901191320e+00 6.039860074598548678e+00 -2.331570812194935449e+00 -1.591203487424569740e+00 -4.589243652313025557e+00 -5.527404128453149434e-01 -8.349783632743246198e-03 3.255876602749592674e+00 8.227127113171400774e-01 4.900814622972255563e+00
0.000000000000000000e+00 3.864158318718265761e+00 5.899417464322194604e+00 -3.767911039075438673e+00 -6.236751465565815167e-01 -3.584289616065709616e+00 -1.848959291662691795e-01 -8.440714314893779102e-01 8.763678276633304343e-01 -1.513834392266203976e-01 5.958619587050124622e+00
1.000000000000000000e+00 -2.260917239015188818e-01 -2.129075771134893991e+00 6.765257360586666380e+00 4.269124024996209243e+00 -5.209687313346399451e-01 1.449490354633300004e+00 9.611950120370713613e-01 4.945213091834236963e+00 -3.780687106933324770e-01 8.911321663978085672e-01
0.000000000000000000e+00 1.941294195045181858e+00 4.627083998399643683e+00 -3.634257588433102093e+00 -1.251077564228492589e+00 -5.764176554985962930e+00 -6.321597053396608157e-01 -1.111520320932461781e+00 3.411883810098783609e-01 1.550265447981825639e+00 3.372700914131970151e+00
1.000000000000000000e+00 -1.998281441561903460e+00 -6.504557972597911908e-01 4.951976258448364199e+00 4.456461261980537714e+00 -8.908199549305440001e-02 -1.488839439736002079e+00 -7.902459409194784179e-02 4.084898839521180491e+00 -1.043780999787383479e+00 2.757814295463845156e-03
0.000000000000000000e+00 4.897790487274555460e+00 4.228020947322917777e+00 -3.891759677390903338e+00 -2.424328057050079144e-01 -4.197489467318761491e+00 -9.516066613976108535e-01 -2.496381903137712133e+00 3.927581843673866313e-01 1.227621933649700958e+00 4.847905481151511431e+00
1.000000000000000000e+00 -1.812929767868052933e+00 -1.775854508341252025e+00 5.190861988660087079e+00 2.398732769850757229e+00 -1.109787843982400934e+00 -1.084999429282624828e+00 3.347709311928297460e-01 4.179358011768218972e+00 6.413303419080360612e-01 1.702595390323012436e+00
0.000000000000000000e+00 5.285574989679515667e+00 3.449704780328310960e+00 -2.903009556621233500e+00 -1.185146716977980352e+00 -5.470363642035317220e+00 -6.600449581467322524e-01 1.114898744985266532e-01 1.744456158239878540e+00 8.429201312345704356e-01 3.375156365615043619e+00
1.000000000000000000e+00 -5.205182589103052315e-01 -2.138856873131108394e+00 5.463440928368209271e+00 5.339716448493054379e+00 1.047859366562485794e+00 -1.102856328698299526e-01 -4.511241983803027100e-02 2.552243141822668537e+00 -1.061125827886265860e+00 1.312884161530882832e+00
1.000000000000000000e+00 -1.629922432094358387e+00 -2.047742041130584223e+00 3.490447220633309033e+00 4.175280518470624536e+00 1.395512694322152525e+00 -1.788199035280892968e+00 -1.227170897930265347e-01 1.945760581609215389e+00 9.514037885097931246e-02 2.917005562718275602e-01
0.000000000000000000e+00 2.765521034611694073e+00 5.318433090227809856e+00 -1.898581691571747943e+00 -6.899766278573504774e-01 -3.926032975257496282e+00 -1.098325344759270905e+00 -1.025163506097369837e+00 2.634315892838309914e+00 -3.576400273014445075e-01 4.363053202419756360e+00
1.000000000000000000e+00 -9.228125681350460852e-01 -1.966566105204339943e+00 4.521384350472605895e+00 5.500330391384558482e+00 -1.142947656787076660e-01 -1.677420493531027734e+00 -1.359689009908035651e+00 3.010639058348284713e+00 -1.127982337841781701e+00 1.747969484786807914e+00
0.000000000000000000e+00 3.204061515070947053e+00 5.036265274154959393e+00 -1.775704545124743738e+00 -2.178785379180074422e+00 -2.645215300028809224e+00 -1.794178265066955991e+00 -1.379914663235970229e+00 1.929577183867448253e+00 -1.631500800071393531e+00 3.880671602529573772e+00
1.000000000000000000e+00 -8.331249222461439841e-01 -1.347826798409541116e+00 3.762182241419743889e+00 3.831904949763895729e+00 -8.856922215170637269e-02 -1.428866550336022279e+00 5.365082127031144399e-01 4.517672779098336200e+00 3.827011241461819036e-01 1.212617941917136122e+00
1.000000000000000000e+00 -1.534154704555821258e-01 -1.363670000023907036e+00 4.199807086673004619e+00 4.774857103211647136e+00 2.852440180832777061e-01 -3.231652035903463949e-01 -1.328023871830331881e+00 3.093456666854459414e+00 -5.216833515179059022e-01 5.555222764348397568e-01
0.000000000000000000e+00 3.489066027233514777e+00 4.530410176984582371e+00 -4.607742606123133911e+00 -5.107335822923813051e-01 -4.842277438585831817e+00 -1.084794006189252702e+00 1.087434066206442451e-01 3.573038497095103239e+00 -1.718431414028985804e+00 3.556575109683103086e+00
1.000000000000000000e+00 -1.752852089763674126e+00 -1.119762272069412701e+00 2.870880851088458918e+00 5.251034190821055603e+00 6.325203029608200689e-02 1.059654983373689241e+00 9.852997872525259826e-02 5.816770128548169438e+00 8.438756734568725326e-01 2.792863256548161033e+00
0.000000000000000000e+00 3.387488052190534837e+00 6.440172993954646152e+00 -4.363095921208742567e+00 -4.990697399701297665e-01 -3.091065495991909273e+00 -4.289316020284084097e-01 -9.622874925690459991e-01 2.211869910162504560e+00 -7.553693287832886627e-01 4.350857521579887255e+00
0.000000000000000000e+00 5.059402982693186779e+00 5.592886441615925186e+00 -4.597988915935454557e+00 -1.299448577609785271e+00 -6.186717929458049881e+00 8.159959618970269446e-02 -2.221980676802968624e+00 2.473165658776553588e+00 -1.254452445225504809e+00 3.914969192349124327e+00
1.000000000000000000e+00 -6.151343357777793175e-01 -4.483432516013321489e-01 3.719892060640426212e+00 1.747911936201593797e+00 -3.364739545238620844e-02 -1.956309145083014123e+00 -2.629188936263380794e-01 3.563072195308048862e+00 -1.798550698942103176e+00 6.310903631731294983e-01
1.000000000000000000e+00 -1.086594979446189324e+00 -3.438320642933981208e+00 6.935420431954494092e+00 4.724075758239266953e+00 -1.820314103572203690e-01 -7.988223707158171871e-01 -9.416379322043846312e-01 3.742486314185759610e+00 2.571193116588315508e+00 2.276176762470959680e+00
1.000000000000000000e+00 -1.218972239794325674e+00 -1.240209848389954850e-01 4.689064289735247471e+00 3.742821367057766579e+00 4.096480251664188499e-01 -5.355446600105031596e-01 1.850818616340010880e-02 4.865523318335096548e+00 3.996797049126918910e-01 1.146195362745656032e+00
1.000000000000000000e+00 -3.094763908050035539e+00 -2.301084332493729345e+00 5.482206738348663677e+00 4.240199975588108572e+00 -7.202498124162868276e-01 5.761489912298796146e-01 1.227954240333472002e-01 5.526684638245989767e+00 1.011394399012286005e+00 1.669956624843582649e+00
0.000000000000000000e+00 5.339649344501055772e+00 7.544776158755416517e+00 -4.994101550901513420e+00 -2.134638124230505696e-01 -5.540977435929328010e+00 -3.023777018036783448e-01 -7.938579365920643838e-01 2.594223016904808166e+00 5.094876371748314758e-01 4.043751616058284704e+00
0.000000000000000000e+00 2.433271022401475747e+00 4.028653941646739511e+00 -2.432360371234072893e+00 -1.306462342152518330e+00 -4.296616826781188614e+00 8.693346477144876516e-01 1.041039947267512700e+00 1.857435965273260603e+00 -2.823931084643598877e-01 2.701666661244737089e+00
0.000000000000000000e+00 4.970940621805823412e+00 2.404426642401806813e+00 -2.665798211084366987e+00 -3.760364123828386917e-01 -2.884848085941301488e+00 -1.275496833385666440e-01 8.232524302599775190e-02 2.027738266887739726e+00 2.962855145682091185e-01 5.346873604267838864e+00
0.000000000000000000e+00 3.589088461475503422e+00 4.912291623102026605e+00 -3.462643623062620080e+00 -1.358016278353655570e+00 -4.984626009582335371e+00 -2.678751441316912230e-01 -1.020033612560831138e+00 1.895860056874221433e+00 -1.788013725012604471e+00 5.396273571623755316e+00
1.000000000000000000e+00 -5.106891087938488782e-01 -1.544093207181407301e+00 4.778639255922190188e+00 3.136131217256819426e+00 8.109681804144811545e-01 -8.498125649642147561e-01 4.984026968935961754e-01 1.806019044630178261e+00 6.422977927777825391e-01 -5.818056468889531985e-01
1.000000000000000000e+00 -1.605389625670525344e+00 -1.436965449368602377e+00 5.760188295965130045e+00 4.391946178593352457e+00 -2.767810277358587756e-01 -1.514866487125478001e-01 2.516649122516847026e+00 6.313859372115705249e+00 4.744294176601132063e-01 -2.522112194040571076e-01
1.000000000000000000e+00 -6.298156484149084466e-01 -5.116280580411900480e-01 4.830767224426458561e+00 3.425348488528659363e+00 2.307449054539230104e-01 1.444330597367102342e+00 1.006700727654858074e+00 6.629177507037526951e-01 1.386943172260776791e+00 1.230593599304389718e+00
1.000000000000000000e+00 -8.997333833621075083e-01 -1.764492337586178294e+00 2.502819666770154772e+00 3.878202880066728753e+00 3.739714728008480815e-01 -5.555911106220370321e-01 -1.091355868427465570e+00 4.131916811969040815e+00 1.132074734719457354e-01 1.153820396401659565e+00
1.000000000000000000e+00 -1.075426813549926308e+00 -1.197787624770055848e+00 4.854291160753505530e+00 5.033652594222777665e+00 -9.023173712789889223e-01 -7.420262247035391834e-01 -9.145354044371147850e-01 4.788324281723261855e+00 -2.949595653433081388e-01 2.466707966303207211e+00
1.000000000000000000e+00 -1.419271737623980068e+00 -2.380504443996312780e+00 5.109587580859338729e+00 4.362067200037600401e+00 1.243883417088227361e+00 -2.146681341183038327e+00 -6.987004267141859737e-01 4.331083612430260743e+00 3.326010601689837198e-01 1.215665511682165523e+00
0.000000000000000000e+00 4.408065143991795054e+00 4.834101904760596646e+00 -1.177675941224897826e+00 4.383381374236758887e-01 -6.143538462616362494e+00 -1.713386957834603930e+00 -6.236666105471317945e-01 3.613822929148435392e+00 2.316878807365652104e-01 4.433133479617679562e+00
1.000000000000000000e+00 1.751406422870326329e-01 -1.552931995940739052e+00 3.376204271333742124e+00 3.297790390670862770e+00 1.074190959514553345e+00 5.434047299270270415e-01 -1.694517191483667862e+00 2.592659568343339771e+00 5.523522934481834845e-01 1.653852543554569010e+00
1.000000000000000000e+00 -8.542602552193038212e-01 3.505589287731831760e-01 5.526317943635521424e+00 3.986629559684905288e+00 3.399609430414582412e-01 -1.237728705204469648e+00 -5.665395595832362075e-01 3.691888852416340683e+00 -3.383054366415449432e-01 -5.989926392314304238e-01
0.000000000000000000e+00 2.801459033181439295e+00 2.755077678172867639e+00 -4.755415882578596154e+00 9.223722888578556045e-02 -4.149269783229222242e+00 2.442594809722670179e-01 -9.690647927428124309e-01 1.872395724639710268e+00 4.798778374798960966e-01 3.949935716172847222e+00
0.000000000000000000e+00 2.617073713407875868e+00 5.363188758252565691e+00 -2.163435566964905910e+00 -1.297292983817226020e+00 -7.148877530640204370e+00 -7.620178389408431840e-01 -1.124964580586343299e+00 2.202303945304318944e+00 -6.699722113338542062e-01 5.822962804724802766e+00
1.000000000000000000e+00 -1.912740521154710382e+00 -9.677658385816212405e-01 2.905719618256533465e+00 3.548627319826177740e+00 -2.841971886008864967e-02 -1.956790403955333657e+00 -6.609283827403915623e-01 7.104088478735034684e+00 2.119093597854317945e-01 4.295862170117092926e-02
0.000000000000000000e+00 3.959361352280322155e+00 5.238594437588659503e+00 -3.554260268204578743e+00 1.023511160019858313e+00 -4.802790234597377861e+00 1.977042795029588795e-01 -1.419573590822818199e+00 1.991406342630150927e+00 2.575280965699840996e-01 5.363389110746521915e+00
1.000000000000000000e+00 -1.829765177536458731e+00 9.490492554570928441e-02 4.968658356602400517e+00 5.720669640843205173e+00 9.058014736260242561e-01 -8.419914463280125938e-01 -1.387226397242510845e-01 3.649158945511806973e+00 4.144778120416637845e-01 1.873556451203025830e+00
0.000000000000000000e+00 3.205210284200538329e+00 4.925844360954494405e+00 -3.768150658034612466e+00 -3.805523817172075107e-01 -3.958076139630914092e+00 -6.529325487928033800e-01 3.993572423965009444e-01 2.793752374537827432e+00 -1.057890850954340767e+00 3.584746449472632879e+00
1.000000000000000000e+00 -1.371012926369395313e+00 -5.439451387433087426e-01 5.667912318447379860e+00 4.325601783607843309e+00 3.383117829766839613e-01 -1.314081111983254058e+00 -2.643746902586125991e-01 5.138541925844648084e+00 -2.483392247358734206e+00 1.025570325225359403e+00
1.000000000000000000e+00 -8.992272847255002866e-01 -1.001457179298247624e+00 4.643497564269009281e+00 4.058771829130908948e+00 3.196757400399384830e-01 -5.612477136037874459e-02 -1.212337885355480704e+00 3.720218104782919255e+00 -1.228369693238163141e+00 9.663867633942750945e-01
0.000000000000000000e+00 3.967660364123239525e+00 3.665452589812778328e+00 -5.663151095670734492e+00 -1.051577035445367736e+00 -3.805984094630821879e+00 -1.697234472955273521e+00 -1.491920188262587210e+00 1.212176544474256712e+00 8.177244111472265625e-03 3.302227340531807886e+00
1.000000000000000000e+00 -1.094731694798592114e+00 -2.718525989023309108e+00 5.790767324074643341e+00 3.779074088597128345e+00 -5.883301769260432801e-01 -2.581308693560051548e-01 -1.499599873853507015e+00 4.196696461532706479e+00 -1.603379399737621114e-01 -4.162316282302453985e-01
0.000000000000000000e+00 4.466842884983830864e+00 4.473759088766080971e+00 -3.484443814903084746e+00 -2.858820572360161183e+00 -4.949070520080746327e+00 9.950405605820322741e-02 -8.197133400598890507e-01 2.736520292559823098e+00 6.623204173834209563e-01 4.623298161483041291e+00
1.000000000000000000e+00 -5.770274184033831189e-01 -1.658205576551958771e+00 5.156317726301268500e+00 2.793012315666334899e+00 7.320153684656276472e-01 -1.761062413252642678e+00 -2.037733716080447621e+00 4.578325788548837316e+00 5.695237394850354296e-01 1.760716562269409202e+00
0.000000000000000000e+00 4.362154503493630209e+00 4.139439435829368463e+00 -2.758653487446037555e+00 -1.444717891416211764e-01 -5.174480539676185487e+00 -1.345130800878103550e+00 -9.570197680567796850e-01 1.931987601730676074e+00 -1.072134038480515361e+00 4.119631043911723189e+00
0.000000000000000000e+00 4.482959658212906540e+00 5.980907765174568347e+00 -2.995850846935272926e+00 -1.699143893179492215e+00 -6.166929656614577482e+00 -3.703003744418577048e-01 4.433881859441743956e-01 1.706126632103921459e+00 1.016753533136919740e+00 5.184483939819172882e+00
1.000000000000000000e+00 -1.894657859844102177e+00 -2.676608366224563440e+00 5.742152608687838722e+00 4.499918566240346252e+00 -4.164029780576857798e-01 -1.179096627562562061e+00 -2.874575320384903931e-01 2.125865736809885220e+00 -1.612034356602718710e-01 -1.841290654404625915e-02
1.000000000000000000e+00 -1.603582359001763491e+00 -1.316953238725885544e+00 3.501325960248788061e+00 4.571999119953131796e+00 7.661675416758177981e-01 -1.068193655425145216e+00 -1.685589658169490246e+00 3.388171560724300591e+00 1.762935910026964370e+00 1.143541999674515530e+00
1.000000000000000000e+00 -1.139596721424130932e+00 -1.169407589665882874e+00 3.736274614788212212e+00 5.173326434994823586e+00 2.538409840432628073e+00 -2.191981964001989969e-01 -2.154856648259491081e-01 3.408699041339375402e+00 1.264367731415524165e+00 1.648993092310118147e+00
1.000000000000000000e+00 -1.418072263541723999e+00 -1.564127307666472122e+00 5.037780108330793816e+00 3.794213154094884022e+00 -7.723409570931414336e-01 -3.084894504094509493e+00 4.691005318237828625e-01 4.053447766488035064e+00 4.630793626557959397e-03 2.277596907539436888e+00
0.000000000000000000e+00 4.278303219190635609e+00 4.475967296132422391e+00 -2.673799139488082677e+00 -9.421677405621827761e-01 -4.963009080991385602e+00 -1.295844611302542138e+00 -9.481948520349930964e-01 2.252358086582066043e+00 -7.762773837890861728e-01 4.328937561163379577e+00
0.000000000000000000e+00 3.993517716402323003e+00 3.528273095700690032e+00 -3.186949869076002528e+00 -5.040197644615873607e-02 -5.395523620491550432e+00 -4.468586349576896821e-01 1.452721731997446808e+00 2.497092801924574168e+00 1.036963636071728256e+00 3.598901920433072998e+00
0.000000000000000000e+00 5.149264506382686513e+00 2.938550958321962892e+00 -4.130858424175601229e+00 -3.016051431599966470e-01 -5.239454826656696262e+00 8.272806599658921733e-01 1.135810421244984880e-01 1.131813131661199012e+00 -3.065532972794143274e-01 4.702821809315529400e+00
1.000000000000000000e+00 3.309109539609922379e-01 -1.979212702040439753e+00 5.469254619586163990e+00 3.989688463593169310e+00 4.492874337022171316e-01 4.260329372056925745e-02 -9.981426673805662286e-01 2.209364002932568738e+00 -5.571899272197122777e-01 -6.847830551369349372e-01
0.000000000000000000e+00 4.009282649999840409e+00 3.916623411264955390e+00 -2.572861643175071489e+00 -1.043041798974829959e+00 -5.122744439720158027e+00 -5.312993450260765638e-01 1.104334611949415734e-01 1.392209053060673218e+00 1.099567830394184931e+00 4.487980499912021415e+00
1.000000000000000000e+00 1.457401560603132085e-01 3.753424531340197046e-01 3.665550018839799140e+00 2.388451199057249674e+00 6.104646987316513229e-01 -7.684443562999231370e-01 -1.323809268417111551e-01 3.663908505565158791e+00 6.754817522807525787e-01 -5.602799170444165977e-01
0.000000000000000000e+00 2.292216922001249380e+00 4.887669822753682780e+00 -3.681455048193511104e+00 -1.262069828511942493e+00 -4.843903420878652000e+00 -1.811567214158260386e+00 -5.655585802953219110e-01 1.101636540707440215e+00 -1.249084452110255317e+00 4.004743702131054128e+00
0.000000000000000000e+00 2.800470501202605433e+00 4.723413987486400956e+00 -3.965584371743630321e+00 -2.097031346373197103e+00 -4.660186654598190259e+00 -1.500567808869070596e+00 -2.204812673708024917e+00 1.901015064098743101e+00 -2.331107493980905387e-01 2.797155974851945004e+00
1.000000000000000000e+00 -1.473986841458077013e-01 -2.593707797151783900e+00 4.868189890110200757e+00 5.640796008067735734e+00 5.670268953103357878e-02 -5.099011735682492663e-01 -6.897129878725493102e-01 3.488585419589846914e+00 -9.087997750750367310e-01 1.722366963377470528e+00
1.000000000000000000e+00 1.235881475032503118e+00 -5.265382896119574774e-02 5.498403574481307565e+00 2.231135382968575165e+00 -1.071401428827335467e+00 -2.257414047689626280e+00 -1.268215153956228081e+00 5.133222720965985530e+00 -1.449318985838987439e+00 -9.983558848023954546e-02
0.000000000000000000e+00 4.755650627635711558e+00 4.914670961814966432e+00 -4.567720472553030930e+00 -1.828064103013200770e+00 -3.596529869984852912e+00 -1.057796956703101809e+00 2.851541738363219114e-01 1.208159384692540250e+00 1.553754364588269876e+00 4.494210078056344315e+00
1.000000000000000000e+00 3.207426525964778286e-01 -2.318667849320966923e+00 3.398958589220941739e+00 6.362152865568786453e+00 -1.102991440780583532e-01 -6.976005658252916186e-01 8.090455955962341239e-01 3.986212237193093255e+00 1.631922301134514086e-01 1.895922461483465105e+00
1.000000000000000000e+00 -4.846068829521146815e-01 -1.279777999101102015e+00 3.696965124475661835e+00 4.965280299424373212e+00 1.954439047444497923e+00 -1.466572530835206223e+00 -5.122277526708534090e-01 4.575842396465076511e+00 -1.296713831133412320e+00 5.430381127284228393e-01
0.000000000000000000e+00 3.723260312893478474e+00 6.604544131692499320e+00 -2.792335296940537059e+00 -1.868205426531478253e+00 -2.530370209610538712e+00 -5.988005871824892967e-01 -2.911673087845035868e-01 1.162049086389795871e+00 3.229280181862763111e-01 4.457872112224116279e+00
0.000000000000000000e+00 5.175328417690119309e+00 5.840494753465806710e+00 -5.252054750725733356e+00 -1.188323770443472371e+00 -4.485649270796764121e+00 5.871567479146946322e-01 -2.498178074912758284e-01 9.460565367167872441e-01 -1.127161721591959376e+00 3.528817808358486463e+00
1.000000000000000000e+00 -4.976727215108233127e-01 -1.263081937576163716e+00 5.135553890654095177e+00 4.763627692364779342e+00 -6.515389494827767969e-01 -8.173995607742574609e-01 -9.784954556576854756e-01 4.106978666129539768e+00 -1.870335116845218137e-01 -6.474145967718925032e-02
0.000000000000000000e+00 3.083435597828869668e+00 2.816636869807966903e+00 -2.818017033478172895e+00 -5.654566884023675133e-01 -3.572722497752077508e+00 1.122080855440045211e+00 -8.747643154908631979e-01 1.724670829893093726e+00 5.954684618676756580e-01 4.110701146804493611e+00
0.000000000000000000e+00 3.885190628571947524e+00 2.871391807291487908e+00 -3.043626081950540740e+00 -6.245073912092335977e-02 -3.753158762126047598e+00 -1.861894033633568757e+00 1.479025338108858056e+00 1.773363568005186908e+00 1.318615510008265934e+00 5.762024462982190620e+00
0.000000000000000000e+00 5.135751920416709027e+00 5.744111962516427639e+00 -4.370773593935415313e+00 -2.080655509342428378e+00 -4.659394088188471450e+00 -1.525559435652037665e+00 -5.676334622238536909e-01 2.174752536528062219e+00 -1.061758958305329292e+00 5.328969307221043117e+00
1.000000000000000000e+00 -3.583558145367246595e-01 -2.990840671483187663e+00 5.898840306249887533e+00 2.820237040467477474e+00 9.544506690369252144e-01 2.980515410750375072e-01 -2.282979058502501601e+00 4.340022552566427549e+00 1.433002664719266628e+00 5.276806133459301940e-01
1.000000000000000000e+00 -1.605542071578863750e-01 -6.796141861131888007e-01 6.264598750123196780e+00 4.938943022314987275e+00 1.132800102190989033e+00 -3.476668890615739471e-01 2.089365873673640905e-01 5.337987108861677044e+00 8.058263627811377283e-01 5.838822547803319551e-01
1.000000000000000000e+00 -1.150254969082006973e+00 1.470874603694489746e-01 2.619771858547425669e+00 4.910089390650590246e+00 -5.447004152393807308e-01 1.212077585287853143e+00 -1.052886583064575721e+00 2.356918991248305950e+00 1.138426542109766820e-02 -1.419489923710328672e-01
1.000000000000000000e+00 -9.889413224375855904e-01 -3.448677689641540312e+00 3.674592365303467112e+00 4.464769795877517211e+00 2.275548534979967563e+00 -1.401721335260521784e+00 -5.157506410966758992e-01 3.591093379956904919e+00 -2.708484070617735440e-01 1.720106470730454973e+00
1.000000000000000000e+00 -1.623146400561410241e+00 -1.235023010132992427e+00 3.859898289786934278e+00 3.718030887929271611e+00 -3.393076654580070572e-01 -1.485545728917228248e+00 -1.114799236671178528e+00 2.143478038164648325e+00 -2.087776769225774265e-01 1.131151244768208608e+00
0.000000000000000000e+00 2.857629584959015645e+00 5.644042673953299172e+00 -2.886409981065705121e+00 -1.470968181161029564e+00 -4.125335363352408358e+00 -7.013198572453734903e-01 -1.707010864307700215e+00 2.585202227990298418e+00 -4.421068002321392187e-01 4.200058972968216509e+00
1.000000000000000000e+00 -2.361266656129231478e+00 -1.342451724138600477e+00 3.497823861552689984e+00 3.894196924752650002e+00 -1.284235051915798120e+00 -1.029678611661764220e+00 -2.528046065732127978e+00 4.619715159901275570e+00 1.901612450159928747e+00 9.213118900712501391e-01
0.000000000000000000e+00 4.813626215150450527e+00 3.916089153610747609e+00 -2.306536525045040698e+00 -1.189014485370554208e+00 -5.475938010683601753e+00 -1.779352885277901697e+00 -9.195209797735487411e-01 1.449852706623866005e+00 2.190734946681855144e-01 4.114695811131658054e+00
0.000000000000000000e+00 2.315715156026187937e+00 3.266129888891196931e+00 -1.772122666224568599e+00 -6.729014725865938296e-01 -5.545829456874368901e+00 1.482472876020966446e+00 -2.752972338453322787e-01 2.204888437550556635e+00 -1.149399920439220457e+00 4.725417640464852909e+00
1.000000000000000000e+00 -1.352107394004763652e+00 -1.837658532175695525e+00 5.551102811040892426e+00 3.001304532041025652e+00 9.736310164539294654e-01 1.128505318339816821e+00 7.508272899334624828e-01 3.846327371013331664e+00 -3.227802214982082862e-01 4.648280964979736307e-01
0.000000000000000000e+00 4.196929590039769842e+00 3.476444093680105318e+00 -3.601861162553068763e+00 -2.744726342317630241e+00 -4.539059676042265679e+00 -2.495097211541570381e+00 -6.696210170140254325e-02 1.979276032434818422e+00 -7.592198121794722088e-01 4.501564048921305350e+00
0.000000000000000000e+00 5.529966842786571135e+00 4.134853797892238170e+00 -4.404468131450773427e+00 -1.736762322455087659e+00 -5.443334933852217006e+00 -1.432164200368389650e+00 -2.864175328897994310e-02 -1.297028399252764252e-01 1.086669265017668751e-01 5.573410577713246106e+00
0.000000000000000000e+00 6.211815700345290736e+00 3.711004534376348918e+00 -2.962027253205174127e+00 9.604367478545339232e-02 -3.482883828694502526e+00 -1.111125742868942279e+00 -1.838204683485082369e-01 1.731380938194069685e+00 -3.271719123207303404e-02 4.228708822088241170e+00
1.000000000000000000e+00 -9.753798788914755935e-01 -9.056330869778005388e-01 3.987350193389306519e+00 4.022267470568640313e+00 7.088320790279177830e-01 -2.174987737947152500e+00 4.386668027629836430e-01 4.120597210371783170e+00 -9.633381754601793023e-01 1.029990708750773365e+00
0.000000000000000000e+00 2.709589805912421490e+00 3.634012607715156218e+00 -1.748119933981177265e+00 -1.861831319869511780e+00 -5.973553229252790864e+00 -1.377931823956464186e+00 -2.375952540833594195e+00 1.246432089684399891e+00 -7.597196969608405182e-02 4.030914550453408296e+00
