0.000000000000000000e+00 4.910498728902521481e-01 -2.585659118674801249e+00 -3.441230981109990594e+00 -4.438267185247358748e-01 -1.825086055859459711e+00 3.564307503462265547e+00 9.511370924706082919e-01 3.469683862846806299e+00 -2.806480506460617530e+00 1.097496337660151422e+00
1.000000000000000000e+00 2.831922341088432660e+00 5.510047166437500366e+00 4.943469555089332168e+00 4.516565358047251344e+00 -2.770126346539932616e+00 5.473956850828016751e-01 3.475262529477348927e+00 -1.944693275478708072e+00 -1.404995532107529810e+00 1.726348978588433836e+00
1.000000000000000000e+00 3.547134435634305749e+00 5.635252356450156874e+00 3.446618776503254100e+00 3.657792716725948967e+00 -1.105056092459447692e+00 1.386752232116695849e+00 5.451550942785590159e+00 -4.856761819764479071e+00 6.345618531936303430e-01 4.213681443399688309e-01
0.000000000000000000e+00 1.619846043947183345e+00 -1.204173749213721223e+00 -5.491038990746581305e+00 -1.487776319248496515e+00 -1.266563328888068440e+00 4.444146311343635247e+00 -1.406424684371943679e+00 4.559046499598745861e+00 -1.521269016255992756e+00 -1.072149215179910353e+00
0.000000000000000000e+00 3.828039649528200083e+00 -1.183679637459726486e+00 -5.591665336464754610e+00 -2.544562110787442322e+00 -1.422023515427123463e+00 5.690118870681821761e+00 -5.093336661455760694e-02 6.400430588294208079e+00 -1.542474951174288567e+00 -1.497794869340834500e+00
0.000000000000000000e+00 2.133826313773766081e+00 -2.894313976684808942e+00 -3.644153824757799587e+00 -4.757543255443262842e-01 -8.122984488429354499e-01 5.071019548619602801e+00 -1.464669088396423291e+00 5.765396136119923298e+00 7.513379629525274161e-02 -2.663752735838393892e-01
0.000000000000000000e+00 2.693315722818063751e+00 -1.501029959135441239e+00 -4.925796140373713605e+00 -1.439400103623490912e+00 -8.836113557006726182e-01 4.360033599592369136e+00 -9.183303322107629896e-01 4.246489078758846958e+00 -3.312440081597656238e-02 -2.329275633105721166e+00
0.000000000000000000e+00 2.714609261142917340e+00 -2.638584918373640065e+00 -4.487817264778863446e+00 -1.537710071589540650e+00 -7.321791140184701341e-01 3.282154199451689625e+00 -3.471069714979038712e-01 3.173675090775676999e+00 -2.474503284199678355e-01 -1.696295845613748243e+00
1.000000000000000000e+00 2.152896135686232615e+00 6.346022168081469239e+00 2.215354296624295838e+00 3.567522040206350553e+00 -1.182522548392789252e-01 1.330631370019122350e+00 5.740996462618250362e+00 -4.471761280415955220e+00 4.083734732808563805e-02 1.559125432652375132e-01
1.000000000000000000e+00 4.222117377816765327e+00 4.052077158530304146e+00 4.524681203312145961e+00 5.017296627937876785e+00 5.603365905651340739e-01 7.526391222557793359e-01 4.940056749240527623e+00 -4.441546776630278970e+00 -1.249596148875228074e+00 2.677919982369817653e+00
0.000000000000000000e+00 2.365116067245834675e+00 -2.905499660612081314e+00 -5.123814174475571193e+00 -2.709762061499649377e+00 3.427872051086755523e-01 4.165316608947129851e+00 6.368484829572995665e-01 3.844004107189092245e+00 -3.436717203425883049e+00 -2.344013793553097358e+00
0.000000000000000000e+00 3.146780621414269064e-01 -2.230510640527842980e+00 -4.159155939222693554e+00 9.106672737253744820e-01 -1.484915235293531310e-01 4.829941864312647049e+00 -2.296410216618129108e-01 4.065880144677497476e+00 -1.236007909492356172e+00 -5.971818780861606335e-01
0.000000000000000000e+00 1.406600357894071784e+00 -2.976723304871167208e+00 -5.309042802476998446e+00 -6.936717734825816883e-01 3.421623866542014003e-01 4.700747954342099355e+00 1.157240642408165376e+00 4.253767240752611478e+00 -8.960251883191421296e-01 -9.473382888060585261e-01
1.000000000000000000e+00 4.865206313238105373e+00 5.837507651263761588e+00 4.154122041660158970e+00 3.838358105662029285e+00 -1.803305167973066503e+00 1.578250309189044298e+00 5.046270203421752143e+00 -4.620293314803144646e+00 7.661262322766473343e-01 1.711459372240022425e+00
1.000000000000000000e+00 3.401880881508775989e+00 4.481709915420547752e+00 3.557954782654353387e+00 5.863593387171528448e+00 -2.482170572947423048e-01 6.242025029286236704e-01 4.077211785816807321e+00 -4.167437188006460680e+00 4.370692078640436851e-02 2.334113098269087416e+00
1.000000000000000000e+00 4.049623335141325775e+00 4.337387495463915776e+00 4.642929967273410341e+00 3.749063609487732762e+00 -1.603268637394186902e+00 -1.095768449036554015e+00 1.080267440954441049e+00 -3.710821902260535765e+00 2.704817073234895286e-01 -2.342583491767191717e-01
0.000000000000000000e+00 2.460770597457200282e+00 -2.502048928938378491e+00 -5.060437798395700959e+00 -1.756398166359576241e+00 -1.880614303518988395e+00 5.094062230673182867e+00 -6.638313501361090552e-01 4.017697752703039527e+00 -4.891254209618260962e-01 -1.905019071917684714e+00
1.000000000000000000e+00 3.900026805569112298e+00 3.801705117976051262e+00 5.198757793765425461e+00 4.370932446491869960e+00 -1.354099547853842012e-01 -1.010128262707175040e-01 5.019976563684826587e+00 -3.916600019739879368e+00 -8.420355063242379590e-01 1.781765064907183671e-01
1.000000000000000000e+00 5.840865189008036751e+00 4.750832506916779607e+00 5.861998348336035392e+00 4.327191895466389937e+00 -5.258489943056082749e-01 2.868750490535170172e+00 3.954571515238224144e+00 -3.125834953898124269e+00 4.256780078843860338e-01 2.597150649139261080e+00
0.000000000000000000e+00 1.285545659921322637e+00 -4.480649557216220380e+00 -3.861488438912016097e+00 -6.275147695091611855e-01 -4.520858032491685274e-01 3.049430740430999265e+00 -1.051430426916488248e+00 5.144961195790402897e+00 -1.170769346228730523e-01 -3.050459592629149341e+00
1.000000000000000000e+00 4.581099804704885869e+00 5.068140469643381607e+00 4.783152667323390617e+00 5.236976282087725032e+00 -4.790775876627753060e-01 2.233832831905999683e+00 4.383366442286808606e+00 -3.888211383851172709e+00 5.788833202691601176e-01 1.658685494765224977e+00
0.000000000000000000e+00 1.888062245317765342e-01 -2.897719478396183934e+00 -3.018130091664047221e+00 -2.403597444322342902e-01 -1.869835268023272379e+00 3.628797092794309620e+00 1.607527330178828207e+00 3.902135576621330593e+00 -8.743862872841720035e-01 -3.777684543387419325e+00
0.000000000000000000e+00 2.526786011261396681e+00 -1.868009944614014373e+00 -2.598020201620225400e+00 -3.531463670125554177e-01 -5.478027014363429092e-01 3.861279823055317362e+00 -3.787645071866601043e-01 3.155317518136884658e+00 -9.512908024119044459e-01 -1.298592424424334757e+00
0.000000000000000000e+00 1.667776662327026704e+00 -1.004764252976769301e+00 -4.474869289159611796e+00 -5.377327483588745238e-02 -1.521958938454188504e+00 4.230134929112733033e+00 -3.275641864340825965e-02 4.083362126292255034e+00 -3.462346421188069456e-01 -1.755093382992764184e+00
1.000000000000000000e+00 3.067823102825570025e+00 4.840863698278751848e+00 3.325306429872315839e+00 3.947431248602175202e+00 -1.022033881707983038e+00 4.243173515623666625e-01 2.664784227545556661e+00 -5.218283173446250700e+00 -9.837293921580435585e-01 -6.794464717491117689e-01
1.000000000000000000e+00 4.363429262054434155e+00 4.287274803763046371e+00 3.854305467763002202e+00 2.771894256029555415e+00 -3.266153589274425340e-01 -8.634193686607261053e-01 3.274422751946308274e+00 -4.732318995977540688e+00 1.971182077320273729e-01 6.728335056372543033e-01
0.000000000000000000e+00 2.208526245809124156e+00 -2.455698144423692941e+00 -4.252045225161497299e+00 7.430918031143987079e-01 -1.300857474906556677e+00 3.729166246514963756e+00 2.872813086393370963e-01 4.856689638870347991e+00 -1.752640141812268348e+00 6.615824448041465189e-01
1.000000000000000000e+00 2.637365906694725481e+00 4.204551918985003134e+00 5.809062120192979073e+00 5.861709926540049409e+00 -2.112688582331829323e+00 1.226537626706638573e+00 5.031200513435537758e+00 -4.857089770198594891e+00 -1.504387468450635534e+00 2.134022223579862043e+00
1.000000000000000000e+00 3.582248881115141614e+00 4.337469694865241365e+00 6.560072656000953017e+00 3.979930271445519363e+00 9.219734115804545382e-02 -3.489650765723576464e-01 2.882431721348550191e+00 -3.102663454769322371e+00 -1.069162247257310128e+00 1.539210288463996879e+00
0.000000000000000000e+00 2.774190172546147082e+00 -2.806490442957355391e+00 -4.399464805253613164e+00 -1.118139420990228450e+00 -1.397690019779593840e+00 3.086297165222396721e+00 1.546198539952904127e+00 3.350992930782663137e+00 -6.995922500937159505e-01 -9.773315151934097722e-01
0.000000000000000000e+00 2.654499265722714441e+00 -1.393401965806767784e+00 -3.172350285073582299e+00 -2.459503058961924893e-01 -7.647526371918649257e-01 5.193592855934734409e+00 7.228832432905384353e-01 2.716390035939291625e+00 -5.712043243807707338e-01 -1.707682892668645591e+00
0.000000000000000000e+00 1.543984227896917805e+00 -2.718805335800721590e+00 -3.287490298899613528e+00 -1.684672496793444774e+00 -7.500887240776862308e-01 3.551723380516225603e+00 -5.498993450365089464e-01 4.682549107332108385e+00 -2.280261337641558139e+00 -2.371967425587745648e+00
1.000000000000000000e+00 3.853689711363033066e+00 3.075571433662337206e+00 4.078326706418106795e+00 2.420274515908460433e+00 -1.663052820907962692e+00 -5.914934577104957736e-02 3.174826067478790925e+00 -3.777414528854633691e+00 -1.395137258476016662e+00 4.958687156823489151e-01
1.000000000000000000e+00 3.142326519971543330e+00 3.227721279395420417e+00 4.850182743385063944e+00 4.444659185740371221e+00 -1.150499049492137438e+00 1.566818503256288464e+00 5.421181911689962440e+00 -3.346340783482381731e+00 -8.684404765045554697e-01 1.020172271906241601e+00
1.000000000000000000e+00 1.356746398434709899e+00 3.956872996832609957e+00 3.603139316302420792e+00 4.315238395605022426e+00 -8.274460733996287232e-01 -1.333323151347741042e+00 4.134107874743996547e+00 -1.371407695494450518e+00 6.480819353872380173e-01 2.165844477186298356e+00
0.000000000000000000e+00 1.961449032095174960e+00 -1.166221944082216355e+00 -5.837457317455271522e+00 -7.022781439616923027e-01 -1.693066378162222385e-01 5.788600523688260502e+00 -2.305649974073236130e-01 4.211803816072749562e+00 -1.144654793197141807e-01 -6.533145555205412958e-01
0.000000000000000000e+00 1.802401183171063792e+00 -6.031760244612609512e-01 -3.399158614350979768e+00 1.590731253505779375e-01 2.240252475254225217e-01 4.313676121034819566e+00 6.424087683314355646e-01 4.797623431888763612e+00 -1.995736013323788471e+00 -2.534854448388279557e+00
0.000000000000000000e+00 2.791772250187607440e-01 -1.361814313015900613e+00 -3.210172310128750262e+00 -1.314313937707661584e+00 -6.651358476423238075e-01 5.220109297258906267e+00 7.221858097381067543e-01 3.499989626980103630e+00 2.589419322245580801e-01 -1.464405555905934353e+00
1.000000000000000000e+00 3.535398488811695827e+00 4.300168507101531645e+00 4.170685884260009857e+00 2.772201448142414648e+00 -7.753141237122957996e-01 5.411526657193481693e-01 4.772420440139384823e+00 -3.679274496493694091e+00 -1.455537282509641983e+00 5.107474038084677259e-01
0.000000000000000000e+00 2.013800828400578169e-01 -2.048510635933641133e+00 -3.584778712685805502e+00 -1.011309522126416560e+00 -1.190673199822431805e+00 3.027942788609770730e+00 5.991609514425905170e-01 5.329719549248961741e+00 -1.043555497773658303e+00 -2.406831025086419551e+00
0.000000000000000000e+00 2.496527319465239536e+00 -3.214982963293676388e+00 -5.179327206984665644e+00 -9.743090021933493716e-01 -1.070289459556106548e+00 4.467600175745965352e+00 1.244252124608630217e-02 4.621946076439832574e+00 -6.018040332035474727e-01 -7.825300881266397113e-01
0.000000000000000000e+00 1.543707145336083553e+00 -3.642574198346348879e-01 -4.607934469342365169e+00 -1.016851335156704117e+00 -1.629714299774338127e+00 4.261110668553680370e+00 4.690741965682473369e-01 4.676330469438971349e+00 -5.801059960311512054e-01 -1.831938048769314875e+00
0.000000000000000000e+00 5.868038587685007190e-01 -2.829168910577186669e+00 -3.658104422002272926e+00 9.417959673181579561e-01 -1.612860210701428265e+00 4.516067318610089920e+00 1.617868181448095077e+00 5.123422558499802548e+00 -8.490338815024423003e-01 -4.020163871410172618e+00
1.000000000000000000e+00 3.214715431139782531e+00 2.479155530552396680e+00 6.574291012571804593e+00 4.546761406427165753e+00 -1.379679823575824305e+00 6.397453495267638734e-01 4.934003342399082115e+00 -3.460239850851349885e+00 -7.646170035340607019e-01 1.743523253540591123e+00
1.000000000000000000e+00 3.773676803546330838e+00 4.977665902365974837e+00 5.450444499089833528e+00 5.044568425848389381e+00 -1.431163663525069740e+00 1.098067464243901892e+00 4.215064342609426973e+00 -3.211033693428803737e+00 3.127213145600011845e-01 2.215598308989068954e+00
1.000000000000000000e+00 2.712559543226082948e+00 3.541545327216096162e+00 5.098775831038123485e+00 4.959485713796940587e+00 -1.201818091362574226e-01 8.247800114818890638e-01 5.011202855571593062e+00 -3.315345127338543030e+00 -1.556071943414240266e+00 2.766302277498810192e+00
1.000000000000000000e+00 5.677647188396041322e+00 6.322396286990056957e+00 4.976025097039331158e+00 4.154367972759116512e+00 -2.037551617617785915e+00 7.904891078157951778e-01 4.938367186799656139e+00 -4.180286026122820076e+00 9.064274004463779288e-01 6.203120347409029067e-01
0.000000000000000000e+00 1.458177613844225506e+00 -2.686638035302423511e+00 -3.266162699493313504e+00 -1.840828441260787374e+00 1.486073117787801490e+00 5.101747172681117881e+00 -5.304983217417995611e-01 3.000328328055858584e+00 -1.598812749027002988e+00 -2.359039730785722266e+00
1.000000000000000000e+00 4.043369854431139387e+00 4.873584633161899049e+00 3.673049918122445856e+00 5.256207826684739182e+00 -1.517070132298977914e+00 -1.648467457459388719e+00 3.767268010928972011e+00 -4.834248964209150401e+00 -4.320030648037999632e-01 1.194319224123252088e+00
0.000000000000000000e+00 2.394922643360425596e+00 -1.852101381760246301e+00 -4.017758767262193942e+00 -3.218775644065341002e+00 -2.732942816178391521e+00 4.119537971960047784e+00 1.167426361777865296e+00 3.715196039146731355e+00 2.287333184727351476e-01 -1.040486776506283295e+00
0.000000000000000000e+00 1.404472004042034428e+00 -2.724041080431073958e+00 -3.637633608849450084e+00 -6.324678828430946309e-01 1.235910997771041409e-01 5.088882675574169845e+00 -9.014525052249104664e-02 3.684457722956731462e+00 -5.882300689443806796e-01 -2.665689453812522647e+00
1.000000000000000000e+00 6.363128101366120504e+00 4.214060500745666182e+00 6.532580929288933191e+00 4.167349293265155019e+00 2.810108385217100491e-01 9.727964702719693602e-02 3.383238036458841691e+00 -2.536940093797592333e+00 -3.394098756910113868e-01 6.254230580715075538e-01
0.000000000000000000e+00 2.193990387277505505e+00 -2.347229319322317931e+00 -4.081842481885241902e+00 -2.936098173257736477e+00 -1.595619524484821028e+00 4.558534084456562496e+00 -3.098844863479578216e+00 3.989800988748079646e+00 -5.010851685133279609e-01 -3.248600952884774795e-01
0.000000000000000000e+00 7.424514331907684506e-01 -8.927663596638288901e-01 -4.543946823498925092e+00 -6.764181306779887271e-01 -6.108705690873794669e-01 5.489250412938005752e+00 -4.779032836686133989e-01 1.925812811035447769e+00 -2.719440238314501990e+00 -2.947305307426990595e+00
0.000000000000000000e+00 2.324102395498496509e+00 -2.221864046718278640e+00 -2.596124566236921893e+00 -1.347227074638806643e+00 -3.876082454715060743e-01 6.625431463423735678e+00 8.438655628727564917e-01 3.269995317353328268e+00 -2.392025727318901396e+00 -2.491318752003558235e+00
0.000000000000000000e+00 2.138210610606915196e+00 -2.842104415874154189e+00 -4.023114173568878016e+00 -2.236703932511292070e+00 -2.331394421643086190e+00 4.002301556818323114e+00 4.410744935732379690e-01 4.069963363364478504e+00 -2.061362447014378763e+00 -7.728550515984595748e-01
0.000000000000000000e+00 5.374453333094797447e-01 -1.451985896844866897e+00 -5.064614832531583843e+00 -2.480349185619814101e+00 -2.920086518884247306e-01 3.826655522924711672e+00 1.218926645005613818e-01 3.255019667290383723e+00 2.779221097348574254e-01 -3.166623633230048362e+00
1.000000000000000000e+00 2.273038966634524982e+00 3.828831781103867016e+00 4.974120774666435985e+00 3.828073082474722444e+00 -9.490410658325636462e-01 1.352840809134095323e+00 2.240172550569621279e+00 -4.104642187484632387e+00 -6.363100861311664636e-01 1.956166556345535934e+00
1.000000000000000000e+00 2.709775078065971954e+00 4.550949806699416733e+00 3.165876790999815782e+00 3.414779544077632512e+00 -9.480837715153344059e-01 2.506560876970444163e+00 4.357467209100589045e+00 -3.104820307719292405e+00 -1.851680817622037400e+00 1.061500051177903137e+00
1.000000000000000000e+00 3.215333477477331670e+00 6.372679158312454462e+00 5.512304667565715022e+00 4.211974172388388560e+00 -2.247583948417281263e+00 2.178512491106370241e+00 6.225949976005201947e+00 -3.815104493898794580e+00 -3.998700796144606939e-01 1.191509840418214061e+00
1.000000000000000000e+00 3.202838691326336029e+00 5.867062142818070924e+00 4.958835619099970060e+00 4.424226229175682867e+00 -1.897236302333232594e+00 -1.488283357475537194e-01 3.160441105652307847e+00 -3.526068349201172403e+00 -2.337109285690404548e+00 2.522053413917323628e+00
0.000000000000000000e+00 2.660132198523835978e+00 -2.645906306709271405e+00 -4.788920419719622679e+00 -1.252832607944797561e+00 -1.026592182120682040e+00 3.254948918530260915e+00 -2.641972287142353437e-01 2.867284802844341840e+00 -2.108733483843048262e+00 -4.296158677312274854e+00
0.000000000000000000e+00 6.866301140952000281e-01 -1.453372374109745291e+00 -7.260601315790379928e+00 -2.463974847545793434e+00 -1.296008949963698864e+00 4.831222926535379436e+00 5.493053302211003963e-01 3.747631409474939446e+00 -5.399782354437785425e-01 -1.801531801921003373e+00
0.000000000000000000e+00 1.678694521125075889e+00 -3.546678019415108629e+00 -3.111367299189551794e+00 -1.756635385411478234e+00 -5.040999997895856399e-01 4.206501774814130457e+00 -1.045954367677619290e+00 2.412564264856035479e+00 -1.085839532944800290e+00 -2.961777923872149998e+00
1.000000000000000000e+00 4.060355678549853131e+00 4.756147793001111346e+00 4.555621081333788958e+00 3.473341763862918263e+00 -1.276849214594744764e+00 -6.053440510859222634e-01 3.941207056864648894e+00 -3.917909774499010123e+00 -9.860897106398350820e-01 1.752586415408484921e+00
0.000000000000000000e+00 1.569897965250498073e+00 -2.990495426485987984e+00 -5.716731729589378475e+00 -1.751745235338163065e+00 -1.188305050963394560e+00 3.172819072576236188e+00 -1.086485400155816183e+00 4.052208690955807491e+00 -1.137489066360335643e+00 -2.051946653849745505e+00
0.000000000000000000e+00 1.533973754728985339e+00 -1.498497670934409332e+00 -3.719264405645177352e+00 -1.922474403941556442e+00 -3.329279941398724407e+00 5.638184873587533730e+00 -4.151766927682827291e-01 3.663179429610834870e+00 -1.176910895922890887e+00 -1.378079635453866469e+00
1.000000000000000000e+00 3.594109628280220736e+00 5.530244214583076356e+00 3.858292436728036900e+00 4.426278852203507697e+00 -2.222317738658624364e+00 -3.547512482918899757e-01 4.199985578553103949e+00 -2.967687711267689377e+00 -3.387714071889458278e-02 5.209048241815533720e-01
1.000000000000000000e+00 2.856260641799879707e+00 6.367384426516422558e+00 4.892112572102432999e+00 2.631615966703326315e+00 -1.326747985894270565e+00 8.654863359504497700e-01 5.106284403369421909e+00 -3.110335210008288165e+00 -1.766315804396030309e-01 2.566687355567304429e+00
1.000000000000000000e+00 4.716389795590820277e+00 6.385648948970755967e+00 3.609675102970542504e+00 6.897222483477396082e+00 -1.194996796199224942e+00 6.016969205284496969e-01 5.180639164263846297e+00 -4.008752213793188801e+00 -1.611614200716553924e+00 2.157793408840772198e+00
0.000000000000000000e+00 1.393805176657280986e+00 -1.029773288456250491e+00 -5.724235864499733317e+00 -2.555041001678838075e+00 -5.461410320411888009e-01 4.420132168567254105e+00 -7.225916946752367620e-01 4.496813241348108114e+00 -2.814499438462408243e+00 -1.598544895676571098e+00
1.000000000000000000e+00 3.305754191619325155e+00 5.577081830596662293e+00 3.595072743390490100e+00 2.033254576885389131e+00 -9.911995283463775896e-01 -1.388463908065512564e+00 3.293624904564290912e+00 -4.021133683860788288e+00 -1.764419734258221295e+00 1.835463674135684897e+00
1.000000000000000000e+00 4.276114906101373236e+00 4.167826170509389527e+00 4.835521599638079593e+00 4.514875247798260993e+00 -2.668368739280016388e+00 9.519258904569058988e-01 3.030034780530939997e+00 -5.024047747626520177e+00 -7.449269420006656706e-01 1.391399652716087898e+00
0.000000000000000000e+00 2.439472192875631329e-01 -6.700010080679363877e-01 -2.655122283170082476e+00 -9.231080843394423585e-01 -2.225120657576076244e+00 4.739679681679996648e+00 1.454001215484521436e+00 3.694688393431714069e+00 -8.157527957656967033e-01 -2.840740757561423635e+00
0.000000000000000000e+00 1.486528276891552647e+00 -1.989079932684216789e+00 -3.968963911751714591e+00 -1.107566041371007337e+00 -1.707840753318488725e+00 5.120874131220210401e+00 2.349747911355903884e-01 3.352470025371452778e+00 -4.178143469726343096e-01 -1.530980302969945139e+00
1.000000000000000000e+00 3.329478980553536527e+00 3.839792459265904068e+00 4.521814199246285249e+00 4.382776438954669729e+00 -1.547381769860304068e+00 3.782473958024704097e-01 4.768937354908457493e+00 -4.978092055080557188e+00 -1.679727560051820667e+00 1.388780847590368905e+00
1.000000000000000000e+00 3.676302347725804331e+00 4.151734220588272350e+00 5.128564316075554075e+00 4.707739961586574928e+00 -1.213994007880795367e+00 1.465328005347884766e+00 3.874534929542030603e+00 -4.369657906314124318e+00 -9.496469359230010898e-01 8.452433259695684153e-01
0.000000000000000000e+00 1.624249494351322820e+00 -2.415559453335228479e+00 -4.589527064882199525e+00 -1.669973363830743018e+00 -6.834782990065684238e-01 3.876776223683929157e+00 -7.534925843172755044e-01 2.836857198203818875e+00 -1.498503689992397359e+00 -6.412597089428451191e-01
1.000000000000000000e+00 2.853106540875405273e+00 4.989252006462235656e+00 2.767185019213781239e+00 4.768887715273085526e+00 -1.814569695326115895e+00 1.235478664999396514e+00 3.565645182745652342e+00 -2.930475256852055566e+00 3.498748746096704831e-01 3.011650536378769782e+00
1.000000000000000000e+00 3.004784164708607097e+00 3.926019286670809461e+00 6.269266435286108496e+00 3.610411475160057115e+00 -1.666927592039547878e+00 6.104302444645859360e-02 4.393875374981058179e+00 -4.228925301938298631e+00 -1.979748624964874359e-01 -2.129513175300026262e-01
0.000000000000000000e+00 2.604340456304096385e+00 -3.203391728786404435e+00 -5.627010475492571828e+00 -1.762546013472457762e+00 -1.302423455226646487e+00 4.544941669762027736e+00 -3.546788159930652218e-01 4.391471079112792886e+00 -2.073906445130847764e+00 -2.409850483410012956e+00
1.000000000000000000e+00 5.469613004579266580e+00 4.464427539981141280e+00 5.214486316192289195e+00 5.153868728425792689e+00 7.671942692668494157e-01 2.471896825048327528e+00 3.719323242404235064e+00 -4.046032935075076331e+00 -1.099188303410924883e+00 2.163736516175199576e+00
1.000000000000000000e+00 3.449837733168433118e+00 5.533945912322259630e+00 5.386338862741212985e+00 4.070397648730424756e+00 -1.212440451996346757e+00 -1.445506987403069932e+00 3.596199693730110614e+00 -2.547840163189333929e+00 8.409615257342024641e-01 3.152223184837174230e+00
1.000000000000000000e+00 4.414556076118344663e+00 5.839556739949434139e+00 5.196781311768893019e+00 4.084637505003677838e+00 -5.332063475576005462e-01 1.111079757290510006e+00 4.159553822422639158e+00 -3.322840835708789520e+00 7.909755360439363336e-01 5.746118808990702265e-01
0.000000000000000000e+00 2.116640973629845934e+00 -3.597460908453989248e+00 -3.586353162157824404e+00 -2.507441302755739621e+00 -1.385749540368027777e+00 5.087723453514270133e+00 1.091394258415604168e-01 5.008338143511228857e+00 -9.775397698419791004e-01 -2.326978973863253586e+00
0.000000000000000000e+00 3.930631910725439493e-01 -2.092586074431027843e+00 -3.665628683535061771e+00 -1.817666724247628762e+00 7.977891148693438961e-02 4.468243792795082214e+00 -7.956617278270297078e-01 5.406003969814848986e+00 3.297244667691223707e-01 -4.535213078652762242e-01
1.000000000000000000e+00 4.359965336860404328e+00 3.524610168981586966e+00 4.307096980849671297e+00 4.075057558170880334e+00 3.143382259373845855e-01 4.162236463857131863e-01 3.002643785430769263e+00 -3.299687224325350776e+00 -1.295846895515513575e+00 2.169296832940751152e+00
0.000000000000000000e+00 -2.877756887161209143e-01 -1.218068665102542969e+00 -4.361939991177882447e+00 -1.008878684263513348e+00 4.401085515824929573e-01 4.453948733327449006e+00 8.181001947608537717e-02 3.962315402868550329e+00 1.623267552680862646e-01 1.649386444993332645e-01
1.000000000000000000e+00 3.796606770244958629e+00 3.493491550420181113e+00 3.501586091473930740e+00 4.644082840648707133e+00 -8.727912684844614244e-01 9.013922132219909233e-01 3.709997323758052801e+00 -4.096423675116152907e+00 -4.529138393720608669e-01 2.278236235057920833e+00
0.000000000000000000e+00 1.754916620027743290e+00 -1.638812057022293267e+00 -3.167378101398020895e+00 -2.567701083960646002e+00 -8.276377488834278928e-01 5.921804838673909721e+00 4.129624877952827178e-01 3.549459371622947668e+00 -2.379584980971507946e+00 -2.336902261938322845e-01
1.000000000000000000e+00 4.763298020263166066e+00 3.886982166083318813e+00 5.566240997181578720e+00 4.001761334569793327e+00 4.504619691535280968e-01 5.190030364392250739e-01 4.635837211917919198e+00 -3.934826796765699353e+00 2.532252344160244029e-01 3.062821948042717679e+00
1.000000000000000000e+00 4.116231476396620792e+00 2.868928352330252451e+00 5.054164190783667188e+00 5.591749799402311538e+00 -7.804384694184989257e-01 4.017840877411769651e-01 3.410565076442757970e+00 -4.118326036364252651e+00 -1.441207893697559195e-01 7.718452402378180865e-01
0.000000000000000000e+00 1.950169815557713404e+00 -1.457646869768605358e+00 -4.074615019405775307e+00 -8.018419597768198237e-01 -5.724197645972199933e-01 1.407126137698495594e+00 1.172599901057243876e+00 2.778957173839492700e+00 -1.166367730331604458e-01 -2.726520533012948277e+00
1.000000000000000000e+00 4.459287441793795992e+00 4.151538809930793938e+00 4.607050897660592170e+00 3.590892102103871331e+00 3.777078169684064957e-01 4.505168283904348314e-03 2.936614018752360611e+00 -3.819086136519854513e+00 -4.294045995029360796e-02 -7.614905336247845824e-02
0.000000000000000000e+00 1.316335159062434146e+00 -1.279014438499734174e+00 -5.194460854949937811e+00 -1.791889870063461565e+00 -1.039525992506208141e+00 4.593046849153703093e+00 2.564207216388236787e-01 3.797079593641159878e+00 8.412097610056337160e-01 -3.648279839190973206e+00
1.000000000000000000e+00 3.321319765047415107e+00 4.234521308150753782e+00 4.339056158503920457e+00 3.701858745742934609e+00 -8.502078790635221317e-01 4.744432479856173224e-01 2.989833228998268311e+00 -3.984661375862897703e+00 -1.603026485479646546e+00 1.847822360129303121e-02
1.000000000000000000e+00 3.455506469342155107e+00 5.940082124914025208e+00 1.172974010481919738e+00 5.934299462266749536e+00 -1.107394302912510398e+00 2.678738086170706634e+00 5.222806416659306450e+00 -3.306772216376280937e+00 -5.378939142961431941e-01 1.528084173369497423e+00
1.000000000000000000e+00 2.802845071067322280e+00 4.080838603634540540e+00 3.574052565840404760e+00 3.997817164469698703e+00 -1.194942888068316611e+00 -2.816379858626623101e-01 4.404748008895873923e+00 -4.142509830494851109e+00 7.287719246826371844e-01 1.496102325150849621e+00
0.000000000000000000e+00 1.332577900498767232e+00 -1.476094985807044235e+00 -4.650079901250730785e+00 -1.655260495606935223e+00 -1.110076695781867517e+00 4.357657466432788063e+00 3.252281075770129259e-01 5.362838684940621548e+00 -1.342498240463911641e+00 -7.809307047752201969e-01
1.000000000000000000e+00 4.190554410507301597e+00 6.417303230531962832e+00 3.669119571752662345e+00 3.417720963949676172e+00 -1.087441065156316222e+00 2.929741484514043481e+00 4.228029459893191344e+00 -2.944066419085214825e+00 2.626536180958092270e-01 1.716656895152253837e+00
