0.000000000000000000e+00 4.001045258919996073e+00 4.506643295913066005e+00 -3.912499995264258068e+00 -3.186660811328380305e+00 2.489102524570951935e+00 -1.039825619638908627e+00 -5.006960451756212183e-02 1.105878973732508541e+00 6.734346921944150965e-01 1.698775687423085712e+00
0.000000000000000000e+00 2.762638685151172169e+00 3.941791348945306250e+00 -5.139361325290622950e+00 -2.489823067254863354e+00 9.031757403127470551e-01 -4.206036426200172595e-01 1.268135172552727230e+00 1.352159899946266064e+00 1.462904785863107016e+00 8.222410692692911915e-01
0.000000000000000000e+00 4.502083423394694250e+00 3.916869280557250921e+00 -4.155625386114673248e+00 -2.789348944954178400e+00 2.169063435733384004e+00 -5.002016001460395378e-01 -8.083757987114035259e-01 2.125909651967422320e+00 2.545425416045999700e+00 1.359939465342918652e-01
1.000000000000000000e+00 -1.705685869463568149e+00 -6.025178719060413357e-01 -1.931070395924330940e+00 3.531622815916313218e+00 -3.684011897421634263e+00 4.385216326152585609e-02 -5.588443841977666082e+00 4.386235014474858751e+00 -1.051546262907612439e+00 1.670883015781910785e+00
0.000000000000000000e+00 2.683883004247019421e+00 3.695501669577470061e+00 -3.126231516939266264e+00 -3.476576781297930463e+00 1.004689470176847621e+00 -6.877062052106979184e-01 -5.935834467878141618e-01 3.901953338820080663e+00 8.867851536109850885e-01 -6.693984489007664962e-01
0.000000000000000000e+00 2.973270046597774385e+00 4.888181812199594134e+00 -3.902294627080856060e+00 -2.943129058239824403e+00 1.588458326001783494e+00 -2.143016607694610443e+00 -2.594934171667100942e-01 1.980380735781390733e+00 2.594733793755757967e-01 1.106415118241524498e+00
0.000000000000000000e+00 5.359899414593516376e+00 2.256750621482854324e+00 -4.326437554208608205e+00 -4.128555896458816932e+00 1.166351480163523524e+00 -1.224038200120313391e+00 1.458944448062347687e+00 2.387378884098077414e+00 2.138823987715136710e+00 -5.094174212899742482e-01
1.000000000000000000e+00 -1.229740262139075391e+00 -1.057604254456784076e+00 -3.859176749679055440e+00 2.421649061636044209e+00 -3.925636406945665513e+00 -1.483899749821180336e-01 -4.744436346098915180e+00 4.025209108337328701e+00 -6.481287795167223198e-01 2.642870524012583822e+00
1.000000000000000000e+00 -9.795073126110811490e-01 -1.666625659434332496e+00 -1.990518955800481438e+00 2.909397555299506610e+00 -4.279594603775960238e+00 2.021933877040369865e+00 -3.880596778646836498e+00 2.661531982270374463e+00 4.207406465238983095e-03 1.452708653321046262e+00
1.000000000000000000e+00 -1.890465384892552780e+00 -2.255621626531183033e+00 -3.844974128002036196e+00 2.198671689469968271e+00 -5.039588364600014359e+00 1.228435634379255958e+00 -6.024914599625976308e+00 1.537032284623270240e+00 -8.845362455532457258e-02 1.218367114061691403e+00
1.000000000000000000e+00 -6.007005350748021444e-01 -1.151461817148025091e+00 -2.318358355836608986e+00 3.600140063544447599e+00 -3.375550773813903671e+00 1.438118933197966243e+00 -5.376091550319598511e+00 3.085738148339521203e+00 -5.312314821230750272e-01 9.876894813013402663e-01
1.000000000000000000e+00 -1.059366871855031533e+00 -2.076821429466006563e+00 -3.354547880625171175e+00 3.512172021604236249e+00 -3.521771494877800279e+00 3.473933941083462429e-01 -2.845784977426777829e+00 3.786409407002372607e+00 3.811071338815152920e-02 -1.050787740830046335e+00
1.000000000000000000e+00 -1.433763244907067191e+00 -1.732260823094877722e+00 -2.079542030324256885e+00 4.609792553613003108e+00 -2.953145299174626537e+00 1.179486837441498626e+00 -3.541536511238519758e+00 3.374187601601567721e+00 -5.447633169834835698e-01 1.117990328996629978e+00
0.000000000000000000e+00 4.059975257683020367e+00 9.375508696262877528e-01 -4.736719607299004764e+00 -6.712927128947479005e-01 6.071600832862320551e-01 -2.577833116539602898e-01 1.046988089703497771e+00 1.224967309065723153e+00 9.453656049892766866e-01 1.587261944943539893e+00
1.000000000000000000e+00 -4.702585578065763272e-01 -1.732240285579178529e+00 -1.700713459443246034e+00 4.675340428253343283e+00 -1.916382580375827205e+00 4.020767693884091942e-01 -1.529887691712555675e+00 4.001901036536355427e+00 4.618265595692443437e-01 8.164567805443674331e-01
1.000000000000000000e+00 -2.444411893467040908e+00 -1.713271295467560851e+00 -4.216906738683032785e+00 3.827751519396355384e+00 -4.019221542680276649e+00 2.914306252527604002e+00 -6.123901269693552862e+00 4.346987211891457648e+00 -1.964449730021892382e+00 1.818321726833028507e+00
1.000000000000000000e+00 -1.651360657377565211e-02 -1.994954768040375637e+00 -3.354154305199874120e+00 4.515614250155297604e+00 -4.424540844411475327e+00 1.188293928696259272e+00 -5.632631068402450758e+00 2.623498093697769207e+00 -1.758167326405980724e+00 6.562617447269682991e-01
0.000000000000000000e+00 4.520736115733649640e+00 3.323131987784688324e+00 -4.447192310266588677e+00 -1.196228079330237115e+00 2.252639945236867280e-01 -2.284133514584639535e+00 -8.517208882343010323e-01 3.011201433372753034e+00 -6.644806995122662929e-01 2.050013505615686071e+00
0.000000000000000000e+00 3.344847382210188957e+00 5.163935337430863193e+00 -4.242097074141410573e+00 -3.820869532568859306e+00 1.474393174176557242e+00 -1.554847948989190876e+00 4.477535177375054909e-01 1.621855664093026617e+00 -4.073211615122418472e-01 8.276411699127010912e-01
1.000000000000000000e+00 -7.968790034979924553e-01 -8.138495137217311992e-01 -1.548354203249066030e+00 2.316375164089027550e+00 -2.333552770253193298e+00 9.881491974333359574e-01 -4.498128469307280497e+00 3.726414144659603078e+00 -2.489426689589878450e+00 8.002982237104190322e-01
0.000000000000000000e+00 4.634548838904257728e+00 3.528630503013410635e+00 -3.939248528695137530e+00 -3.476539173390584825e+00 1.015603402151562751e+00 4.018398539612197951e-01 -1.372516341415344898e-01 2.310854361385254574e+00 5.917488035291471604e-01 7.273185002400011090e-01
0.000000000000000000e+00 4.306998179546250860e+00 4.955643930646258966e+00 -3.570350459102635376e+00 -3.421103725512070870e+00 1.158069424478795240e+00 -2.097234892287354491e+00 2.359407480121890055e-01 3.413600692860211616e+00 1.515081228455736007e+00 2.859652515155929109e+00
1.000000000000000000e+00 -2.590316654451153333e+00 -7.835655188872185928e-01 -4.974193487015853066e+00 3.873454531631256526e+00 -2.520856323602141735e+00 2.050849268974674899e+00 -3.473086776750163196e+00 3.029923407088122911e+00 -1.311403705104777773e+00 2.691741530499002222e-01
1.000000000000000000e+00 -9.963768820765986911e-01 -1.742773394335596748e+00 -3.005815455197231145e+00 3.707566574608352816e+00 -5.215981740045249282e+00 5.758996352283662912e-01 -3.905886148937823155e+00 5.799020740489221559e+00 -2.013864121627308101e+00 7.292009088973590014e-01
1.000000000000000000e+00 -1.870040006893503914e+00 -2.456086103912549223e-01 -4.512074367692204824e-01 3.699107711458986980e+00 -3.473493612155376553e+00 1.379125533830432238e+00 -2.415204110979502161e+00 4.613916778505362082e+00 -8.345968503970810914e-01 1.647242109150063305e-01
0.000000000000000000e+00 3.805129686575298376e+00 3.416930619543130376e+00 -4.428784101570920839e+00 -1.942123219776421328e+00 -4.843079292814445047e-02 6.030003121542866218e-01 3.920411888306977732e-01 6.079272180862376196e-01 1.716005587144715072e+00 2.721663270974243432e+00
0.000000000000000000e+00 4.047068651381917626e+00 4.124895190767460917e+00 -5.070677755426196143e+00 -4.514373855460783069e+00 5.648179182608267235e-01 4.429752884454993822e-01 -2.072399824790663869e-01 1.591931974135175398e+00 -1.152273330709477905e-01 1.033767145914898045e+00
0.000000000000000000e+00 2.946718267954329118e+00 3.045044886771997028e+00 -5.549269354765474560e+00 -2.314297529956986565e+00 3.060414874461878654e-01 -8.213672791463261236e-01 2.114559263769810293e+00 3.004732792422698306e+00 3.371537406124540115e-01 1.136031158856715129e+00
0.000000000000000000e+00 5.047052100574465072e+00 2.845854481024440386e+00 -4.461169067229757701e+00 -3.872810891326183835e+00 2.606266639863080936e+00 -3.664996436623296550e+00 -6.512133914295269443e-01 1.038622143173852042e+00 1.363117148001116163e-01 5.737226334494258673e-01
1.000000000000000000e+00 -3.328208310713146378e+00 -2.763239806699582246e-01 -4.248196427903566885e+00 2.921521864468239915e+00 -3.213657041640427092e+00 1.159410485840006722e+00 -4.244405197978471378e+00 2.969577833866553718e+00 -1.781057516213432335e-01 1.606835788475243554e+00
1.000000000000000000e+00 -6.978277980523395208e-02 -6.555596723101599910e-01 -3.722433344036101932e+00 3.358968771043605361e+00 -6.089372453732652346e+00 8.962047068084744161e-01 -2.783801405909099635e+00 4.089387654511274839e+00 -8.419438826026830469e-01 7.308649671557515548e-01
0.000000000000000000e+00 4.331423691289725930e+00 3.563774522939125333e+00 -3.774188403708154116e+00 -4.144166751845030028e+00 2.288901294011559617e+00 -1.035967484618679713e+00 7.128347581970418956e-01 2.389326757799894008e+00 1.205462698625767715e+00 1.009418657533296848e+00
1.000000000000000000e+00 -1.435830721439363078e+00 -5.750198657533646118e-01 -4.719986708566054290e+00 5.026532789450280703e+00 -2.880588424169307160e+00 4.386344351842207168e+00 -4.093260973108802325e+00 5.142406932010141318e+00 -8.724529517614905139e-01 -6.241783062500756429e-01
0.000000000000000000e+00 4.620723741354592740e+00 2.647507522293737647e+00 -4.023940258531371938e+00 -1.785679348812585276e+00 8.289401513093597185e-01 -1.456246038372319473e+00 -6.110503255704995418e-01 7.586631068985094650e-01 -1.153744622484915938e+00 7.280560833163052248e-01
1.000000000000000000e+00 -1.149883731237934636e+00 2.229558574277268335e-01 -2.723121130893598529e+00 3.162433598949915936e+00 -2.940764053816761869e+00 2.370704873257820644e+00 -3.110155186436980301e+00 4.011391787647593077e+00 -8.810238810433779211e-01 -9.596220118537108767e-01
1.000000000000000000e+00 -1.756339567429254345e+00 -1.257944924325511415e-01 -1.686276205783896254e+00 2.521127432257690870e+00 -2.994474924540158955e+00 1.178502956423285619e+00 -3.385332776782067121e+00 2.354711554650217309e+00 -2.708255361156033381e+00 7.561348535651970515e-01
1.000000000000000000e+00 1.602568820485150702e-02 -2.810509830959404987e+00 -2.553920582107971349e+00 5.120199016793185010e+00 -3.601380334562167107e+00 6.858926860479933607e-01 -4.259449240935428982e+00 2.890700686966599875e+00 -1.333269676229598133e-03 2.072427751171097121e+00
0.000000000000000000e+00 3.932872904453168061e+00 5.546152037398613288e+00 -4.104355988534023503e+00 -4.132482703560263815e+00 1.250324697641510330e+00 -1.224237832080893540e+00 7.019968715143890536e-01 3.748279899029864914e+00 7.716935726080622615e-01 8.722966178617292954e-01
1.000000000000000000e+00 -4.756648266534031499e-01 -1.634616209771170503e+00 -2.202372178957704207e+00 4.023598738779450734e+00 -4.593421598940114592e+00 1.340733792881187547e+00 -3.364878696937204872e+00 2.718072140462418851e+00 -1.703051404318539186e+00 2.390972438726014282e+00
0.000000000000000000e+00 4.848241801848723220e+00 4.912500452245949667e+00 -5.062133304210647111e+00 -3.952209270964743837e+00 2.541557566775810351e+00 -1.323931725741298582e+00 -4.078157311712218291e-01 2.106064883683034683e+00 1.507953141336796810e+00 1.423683874152766204e+00
1.000000000000000000e+00 -2.923341577247271061e+00 -1.899232126578425994e+00 -4.051346283794994285e+00 3.443866919109947577e+00 -2.053507158412089417e+00 1.320867195791159521e+00 -3.626021305623106539e+00 3.553618683902637798e+00 -1.523447414998600147e+00 1.189584515627237771e+00
0.000000000000000000e+00 4.032571408371365962e+00 3.647925195949108357e+00 -5.549562875799758821e+00 -2.691131128450662047e+00 6.080320007022325113e-01 -1.703793043752551917e+00 3.815343938536356339e-01 2.546348733170872958e+00 2.093851732740882987e+00 2.246500342587580690e+00
1.000000000000000000e+00 -9.853556404311041295e-01 8.564801158536727854e-02 -4.281294354022805670e+00 1.784376796834418633e+00 -3.731986664065508830e+00 1.139251294258638580e+00 -3.418250296109661690e+00 3.439545423862076845e+00 -1.838924650127237825e+00 4.364639582677968255e-01
0.000000000000000000e+00 4.957397508406013564e+00 2.991252529336867028e+00 -2.973446225061549875e+00 -2.070240981490434340e+00 -1.526772625410692807e-01 -1.437097310423808949e+00 3.456904826334185332e-02 2.980562940583610487e+00 5.413910792705955988e-01 9.374373799958378717e-01
1.000000000000000000e+00 -7.452868973590405233e-01 -3.706254440356355762e-01 -3.618734708430346281e+00 2.105612377048306172e+00 -2.812854238117632910e+00 2.204881884794165359e+00 -3.224232744532288475e+00 3.444345556448435541e+00 -1.283568139169389388e+00 3.339119244734670033e+00
1.000000000000000000e+00 -2.595077190920871413e-01 -1.285728797563837400e+00 -2.687814759793861974e+00 2.949407245904075214e+00 -2.839165586997739243e+00 1.088028463454176586e+00 -4.622007659191048390e+00 4.443293234741724440e+00 -7.091017757830617718e-01 1.376472972103578440e+00
1.000000000000000000e+00 -8.058311593950264751e-01 -7.112382783078823323e-01 -2.771217550026553234e+00 3.198973196615789494e+00 -4.389959502073038422e+00 1.147785701447205486e+00 -5.296803898596433413e+00 3.998155325368209390e+00 -2.201051229426000511e+00 9.807265760711454394e-01
1.000000000000000000e+00 -1.593058392547401780e+00 3.748785537631471598e-03 -5.295309875420605827e+00 4.949476725091539464e+00 -2.786399364413270074e+00 6.243257129829022922e-01 -4.591142947604484270e+00 3.702314340560803885e+00 -1.163796248270887901e+00 9.737061744680038933e-01
1.000000000000000000e+00 -2.297268924636355791e+00 -1.234870761302114150e+00 -3.663248191245226604e+00 5.365098454009872064e+00 -3.370707833821286137e+00 1.068814614787877204e+00 -1.724070220533879372e+00 4.037637512936981921e+00 7.306260500054628793e-01 2.037602525574298440e+00
0.000000000000000000e+00 5.187789998441173722e+00 3.484134410213524990e+00 -3.933613464339065224e+00 -3.385007642654910942e+00 8.316420836031124253e-01 1.073275659096380341e+00 2.298421178285071920e-02 2.907375450809084327e+00 2.403552665928526011e+00 1.338237416887130937e+00
0.000000000000000000e+00 5.529647209287746890e+00 5.145838264977575349e+00 -5.630120121853733117e+00 -2.476886880835433402e+00 -1.107137709916729218e+00 -1.492513664450151323e-01 1.284013310288989684e+00 2.245968614969298560e+00 -1.354574607369682049e+00 5.409732820512729301e-01
1.000000000000000000e+00 -3.680113288703739549e+00 -1.759841898892164913e+00 -2.564640149597817498e+00 3.813259119062206715e+00 -4.332893609003522606e+00 2.106563619030561441e+00 -3.818840453976606319e+00 3.361072212927638692e+00 4.233151642193622166e-02 1.308154124705439347e+00
0.000000000000000000e+00 4.070678452196867525e+00 4.235914372096468483e+00 -5.653800261927205639e+00 -3.751698707309301106e+00 1.322726351488496377e+00 -1.816971493134893034e+00 1.055175139173119891e+00 1.225723601121487150e+00 1.853288666811622409e+00 7.499841003817209195e-01
1.000000000000000000e+00 -1.718087819930113724e+00 -2.118621168455525616e+00 -4.606027388092994279e+00 4.177144664709812716e+00 -3.866844678317923556e+00 1.991405076550310405e+00 -2.812789650091420235e+00 4.677976415562269175e+00 -1.299178432282730222e+00 -1.139581473657071964e-01
0.000000000000000000e+00 3.989065955102926608e+00 4.642778401509255914e+00 -4.854875553048818126e+00 -2.844813109329657141e+00 3.313948411138248673e+00 -1.063445722475377719e+00 1.131859150523826463e+00 1.564429187719386993e+00 2.850918426765860492e-01 8.049691796986495618e-01
0.000000000000000000e+00 3.773423757649390975e+00 4.412334593820665951e+00 -4.273621589478684868e+00 -1.689420854088863111e+00 7.829535943245014007e-01 -1.708825237117682194e+00 1.038636842887185496e+00 2.879941479290755169e+00 3.799467044713182862e-01 1.673934677943933913e+00
1.000000000000000000e+00 -3.865927244001697627e+00 -1.159772579860105068e+00 -3.210249522433915370e+00 4.002493715667936769e+00 -3.398188369750455795e+00 1.740465826062354449e+00 -2.928014321950125787e+00 3.171495457101416005e+00 -1.811010365804096800e+00 -7.712185236093651586e-01
1.000000000000000000e+00 -5.142902264149276093e-01 -9.289131367361653790e-01 -5.009623759918268249e+00 4.362259956897748481e+00 -4.533527924454922697e+00 -3.783276209349080155e-01 -4.021824811249921972e+00 2.463233569309799975e+00 5.331167701288599403e-01 9.681401086431329350e-02
0.000000000000000000e+00 3.930319207635792456e+00 4.043283190831342466e+00 -5.089201321516316767e+00 -2.789171761547658335e+00 2.506130213163170417e+00 -1.370555093310523720e+00 1.393877710871103681e-01 3.120845725193053699e+00 -1.282502617306251924e+00 1.814164062305574587e+00
1.000000000000000000e+00 -2.448591532290872230e+00 -9.369187083413342831e-01 -3.650073695689919795e+00 4.607596145780724406e+00 -5.068929229759453925e+00 2.006338173670656921e+00 -4.724591555682746247e+00 2.809679662846226389e+00 -2.532638418279310466e-01 2.528908888155529056e+00
1.000000000000000000e+00 -4.117868666780966080e-01 -1.112749390721394782e+00 -4.788889337429165671e+00 4.973130316460158795e+00 -4.401408790726214271e+00 2.585803231551653258e-01 -5.037241658095738650e+00 3.800667961793210647e+00 -2.279193729193625728e+00 1.216853413406882467e+00
0.000000000000000000e+00 3.626958160886214699e+00 2.997143633739030921e+00 -3.858949308009891777e+00 -4.117414071216266791e+00 6.844577951510324443e-01 -9.954450698484504922e-01 -1.512000854237197878e+00 2.614585525731157656e+00 8.270040357856915936e-01 9.278750478789733469e-01
1.000000000000000000e+00 -1.584557533794167306e+00 -4.941183108897767573e-01 -3.771561511455944871e+00 4.104273055417706928e+00 -3.133650179995645768e+00 1.325078365476443754e+00 -4.540120736893070053e+00 2.275310405221633303e+00 -1.098801034014665445e+00 -1.499263723548220906e-01
0.000000000000000000e+00 5.161012837435657197e+00 3.940357115671578203e+00 -3.499648144113336468e+00 -3.250966163924863483e+00 3.743213851983679952e-01 -2.906215288153981113e+00 2.951539652021275550e-01 2.960139068573078180e+00 6.592867345177356730e-01 2.492630326990791012e+00
0.000000000000000000e+00 4.957021326515556936e+00 2.920188857747637812e+00 -5.972307422150999301e+00 -3.290771136451559720e+00 3.622055618893041951e-01 -3.632117686288152125e-01 2.044682959937270894e+00 2.585274661103516891e+00 2.123130874541807600e-01 -7.201980871006894436e-01
0.000000000000000000e+00 3.332493000628860003e+00 3.016967291516910343e+00 -4.357775323003272305e+00 -3.416407705042120213e+00 1.786981226562924352e+00 -1.700800282338995828e+00 9.021092840639965971e-01 1.850383583626109330e+00 9.777279470742471501e-01 8.485959083524513558e-01
1.000000000000000000e+00 -1.628989432027508677e+00 -2.207588660829856941e+00 -3.542752134287907584e+00 4.663526015992228047e+00 -4.686556720521383390e+00 2.804124051335015189e-01 -3.365760379725333262e+00 4.411284562615403360e+00 -1.176394220549365821e+00 -1.023411220354204065e+00
1.000000000000000000e+00 -1.172256972886689175e+00 -4.629781724298315249e-01 -3.519076083539502520e+00 2.397282674864840590e+00 -3.974738751145328042e+00 3.517137609735782044e-01 -3.654713129207015854e+00 2.994075847904092313e+00 -3.655547233383201089e+00 3.424553335563255141e-01
1.000000000000000000e+00 -1.712148841754058903e+00 -8.338245105412358527e-01 -3.252599543204361510e+00 1.518760175858029360e+00 -4.256671956582433580e+00 9.942243490959000729e-01 -3.218468639409018284e+00 4.169072921797962294e+00 -1.321439542733135575e+00 6.062013717149545844e-01
0.000000000000000000e+00 3.344163121706731800e+00 2.892843337329222386e+00 -6.161845815394777048e+00 -3.483473943772916304e+00 1.448818401195119510e+00 -3.686199684819392308e-01 -1.870138743450051183e-02 1.847218121012498271e+00 2.039795508718453831e+00 2.856459744426770087e+00
1.000000000000000000e+00 -3.264076815279139954e-01 -2.300227836023009953e-01 -3.024822789353162289e+00 3.070400705289297427e+00 -4.872188134728285824e+00 1.584684750914055140e+00 -3.649475137772846711e+00 4.977821720417746398e+00 -7.960904624798181839e-01 -3.984611828251849452e-02
1.000000000000000000e+00 -1.225051630255888258e+00 7.193898378755128054e-01 -2.756370355297561581e+00 4.162186108499624559e+00 -3.437890591613574909e+00 1.886265173384983340e+00 -3.621742327307685194e+00 2.711907028575212486e+00 -3.230678088156831329e+00 5.048887284508702944e-01
1.000000000000000000e+00 -3.912957135172566492e+00 -2.050881760587895952e-01 -2.547367739481661175e+00 3.541064901925067065e+00 -3.365656076707964406e+00 1.339298225908358342e+00 -3.447651090397024554e+00 3.733345031483451759e+00 -5.324162388636257681e-01 1.820491895021702611e+00
0.000000000000000000e+00 4.357278845816725976e+00 4.162598625824985632e+00 -3.275707066116849031e+00 -2.310551797704767818e+00 1.672492939392794531e-01 -1.099267076598196669e+00 -2.350384615290604384e-01 3.184954532534583826e+00 -3.001922436840667174e-01 1.620422712750895888e+00
1.000000000000000000e+00 -1.242476482031104501e+00 -1.409345252998486675e+00 -2.617072894735652522e+00 2.967081074167913002e+00 -3.994439667960023588e+00 1.156207562706116798e+00 -3.603919765001440290e+00 4.436451720851240843e+00 -1.742620775625887353e+00 2.437067940632287488e+00
1.000000000000000000e+00 -3.297168327287114398e-01 -6.020365159889068396e-01 -1.590014594180851670e+00 3.013860632335511269e+00 -4.998632931488059761e+00 2.305331373019252617e+00 -4.529496273654920913e+00 4.275368731120865462e+00 -1.124342997677977962e+00 8.758767260673497868e-01
0.000000000000000000e+00 5.528784935367949238e+00 3.312945808181209539e+00 -2.334377972334571449e+00 -3.502566151459913790e+00 1.992942488885993901e+00 -2.751677657779783015e-01 1.579084879857143089e-02 3.648631142713033793e+00 2.251501924938938526e+00 1.508085489086711695e+00
0.000000000000000000e+00 2.635389600835536861e+00 4.121805154581131170e+00 -3.917174248332629283e+00 -2.144163128113979688e+00 1.407953460285740421e+00 -6.994840074898145410e-01 1.976831074213325490e+00 1.279493511538011496e+00 1.331756061176208927e+00 1.781046377494650779e+00
0.000000000000000000e+00 3.293262324495055182e+00 2.358371611608775620e+00 -4.812944354326769592e+00 -2.868395094677105739e+00 1.608870149335062116e+00 -1.357873936188719100e+00 5.070432366610670982e-01 1.899648663413270988e+00 2.416850717411245242e+00 1.845437374241521322e+00
1.000000000000000000e+00 -1.489969000316035519e+00 -3.033410427378724794e+00 -2.301512867468301415e+00 4.077352870782059213e+00 -2.149087081724084136e+00 1.738024598286209255e+00 -4.691449019083142602e+00 4.325506959497974258e+00 -3.538517565050558478e+00 8.723892724199270310e-01
0.000000000000000000e+00 3.087587992198647768e+00 3.020019421711491514e+00 -4.535445760307286633e+00 -3.412893964629913679e+00 1.578115758422725001e+00 -2.245604158123900573e-01 6.132571720872227461e-01 1.601351180854442058e+00 8.988124575022713447e-01 9.715233737520847512e-01
0.000000000000000000e+00 4.339629015471129669e+00 2.615955515843244150e+00 -3.701379756492111817e+00 -3.532272468024155287e+00 -1.098775684304681199e+00 -1.878964708753292356e+00 -7.156553074685089166e-01 8.219390010854621398e-01 9.714282048650755286e-01 1.012373892653557483e+00
0.000000000000000000e+00 4.351201166426347910e+00 1.319275439544298933e+00 -4.500686359218608601e+00 -3.141597060350168835e+00 1.310680324433920907e+00 3.140424444710678831e-01 1.399564365840217373e-01 2.241877107815362535e+00 -2.218448587334967970e-01 1.387696015653468562e+00
1.000000000000000000e+00 -1.223312992245356057e+00 -1.225603814055691521e+00 -3.250839484616926178e+00 3.813540135733340275e+00 -5.121153320891107086e+00 5.235471096547714698e-01 -3.232397530593284607e+00 4.546216433590933192e+00 -1.394642279596760570e+00 1.062952653074747733e+00
0.000000000000000000e+00 3.902845309923134387e+00 3.274637303167416302e+00 -5.589640155657708220e+00 -2.471396996699234183e+00 2.441612318758468625e+00 -9.345685183247236516e-01 -1.379285317673124789e+00 2.624306719417185185e+00 4.345966747873545866e-01 1.964730859071504021e+00
0.000000000000000000e+00 3.547547699020354273e+00 4.395329022197945967e+00 -2.352466804816847556e+00 -2.786568491388979218e+00 1.738120935482915907e+00 -1.847616169789437990e+00 2.905078375822917058e-01 4.063493476752921829e+00 -7.408039046751735412e-02 4.243337064064923503e+00
0.000000000000000000e+00 3.564428896622005905e+00 3.495224684037233409e+00 -4.821832435831296948e+00 -2.962055762796192759e+00 2.140661552831878423e-01 -1.573865422750619913e-03 6.012476014741756636e-01 2.774862848570904816e+00 5.291308197472947006e-01 2.328422093523619729e+00
0.000000000000000000e+00 4.081279969692337417e+00 3.494317151434318536e+00 -5.717317102275210061e+00 -3.164028083013196380e+00 7.116426155258854802e-01 -9.340815774174665576e-01 3.014114347452107601e-01 2.845592159777819319e+00 1.164403075461124537e+00 3.606412750826311076e-01
1.000000000000000000e+00 -2.071152196135003010e+00 -1.442126515966016598e+00 -3.120315537516137994e+00 2.797932738143489750e+00 -4.782255706687093877e+00 2.934103576714232275e+00 -3.080599758197185345e+00 4.532840115382817281e+00 -2.280485931073561012e+00 7.225923474379960521e-01
0.000000000000000000e+00 2.327080392636454498e+00 4.286542002320455680e+00 -6.187931190611620558e+00 -3.291848167168207162e+00 7.051026927684262979e-01 -2.828414290535107289e-01 -2.198168618508959393e-01 2.273990651016428277e+00 2.692838956454571164e+00 6.192168737664992539e-01
0.000000000000000000e+00 4.336980283469792141e+00 3.273196648699360001e+00 -4.536523068196713027e+00 -4.090835671634981630e+00 1.698492051754421972e+00 -1.789082470812625392e+00 1.466137791096050913e+00 1.392768601071845858e+00 1.295003023966081024e+00 1.939864388947731166e+00
0.000000000000000000e+00 4.955156563757523003e+00 2.456437170462070885e+00 -4.507792513983314819e+00 -3.095834755693987361e+00 1.638067755740992171e+00 -1.376551770132862895e+00 -1.419112465536650269e+00 2.317485060357434623e+00 4.996480687523694453e-01 1.273049513526990140e+00
1.000000000000000000e+00 -1.350062914485694598e-01 -1.444143340164667721e+00 -3.525988741135976490e+00 2.429268290646337647e+00 -3.946472390688906540e+00 1.864644884195171937e+00 -4.732660402616373219e+00 4.107463700636192705e+00 -1.460186184870665205e+00 3.321165308977153119e-01
0.000000000000000000e+00 4.134097673010573182e+00 3.079854988277150429e+00 -3.584463680917395756e+00 -4.496718073961313067e+00 1.453127811998140562e+00 -4.399440057548211769e-01 -4.836454801865940345e-01 2.677212291517508280e+00 1.485137903295302486e+00 4.036818606192499326e-01
0.000000000000000000e+00 4.768806482207680553e+00 3.985429562517178059e+00 -3.449495937902826270e+00 -3.281392496908870804e+00 2.055157593139291361e+00 -5.093896265252230160e-01 4.001758692441814147e-01 3.428524063666689159e+00 5.437741318511237765e-01 2.412022520669383496e+00
0.000000000000000000e+00 3.991028836967755122e+00 4.383081575389709883e+00 -5.671635223615479227e+00 -2.685176135906504058e+00 1.645230546508790415e+00 -1.404533973022438431e+00 -2.811847595005103617e-01 1.481765675032686858e+00 2.141328991339733534e+00 2.431685144931206910e+00
0.000000000000000000e+00 3.328406169021174588e+00 2.789780011461674203e+00 -4.122380563754353133e+00 -3.239182627921876723e+00 1.957469799472432825e+00 -1.758319013782312812e+00 -2.697959576447557795e-01 2.495323594430529202e+00 -2.948439277561443195e-02 1.833593287345030909e+00
1.000000000000000000e+00 -5.326638640720765538e-01 -1.708965510182607783e+00 -2.467870138902577448e+00 2.876491396397892863e+00 -1.708995468631319792e+00 1.143202041537765279e-01 -4.852461615572002174e+00 4.230757451755027709e+00 -5.727969594922865948e-01 -1.251516732131833898e+00
1.000000000000000000e+00 -2.726423259752182915e+00 1.233777217022374195e+00 -4.986146136562544129e+00 3.519998961735898657e+00 -2.225522474590380995e+00 8.728446349856764375e-01 -3.700746317084598225e+00 5.113865833052138044e+00 5.400584174406475313e-01 2.024078628358215726e-01
1.000000000000000000e+00 -3.231790789504275452e+00 -1.614140838006822731e+00 -2.135342032585633820e+00 3.041770897843997901e+00 -3.474284738753147472e+00 1.157626191220538336e+00 -3.480402636774904579e+00 3.186851013955371847e+00 -9.882914119920807039e-01 -8.101375583146808168e-02
