1.000000000000000000e+00 -5.062085554104185370e-01 -1.960822407688336488e+00 -5.623186778326213719e+00 -6.927098850409786124e+00 1.735831718390025369e+00 1.048510541017351194e+00 6.542914578408230319e+00 -5.380530581616689290e+00 -7.534493074078757680e+00 -8.465713552477813764e+00
1.000000000000000000e+00 -2.139875932843557926e+00 -1.855877226991440532e+00 -5.450902510902150944e+00 -7.589040684779141621e+00 3.425380812706040778e+00 9.182253183357750315e-01 7.738248772783276941e+00 -7.261586170288578224e+00 -7.088549361308639440e+00 -8.070919724288108554e+00
1.000000000000000000e+00 -2.262796025823946344e+00 -1.686313578293539672e+00 -6.083995754397984790e+00 -7.805097564257030385e+00 2.325225521795907913e+00 1.392638798380845255e+00 6.447500034206105290e+00 -7.049943976988180872e+00 -8.065251921935185919e+00 -7.926442604273892911e+00
0.000000000000000000e+00 6.319228139565892022e+00 -5.022119301455640006e+00 -2.079346394441140777e+00 9.589107737709506862e-01 -6.381939226209724758e+00 7.774438175243310489e+00 -4.733022311028592277e+00 9.088143503369073173e+00 -2.473119782514470621e+00 -2.500227028856515155e+00
0.000000000000000000e+00 4.360579676363022017e+00 -5.536176555623160134e+00 -2.170734161270940543e+00 -4.534706090165182557e-01 -7.994821556389974049e+00 7.705199764095331361e+00 -4.905677443094172752e+00 8.919202671081460920e+00 -1.882377524509254441e+00 -1.896201469776506388e+00
1.000000000000000000e+00 5.716890138670269739e-01 -1.904947695970523380e+00 -4.600790381899530601e+00 -8.507359426534245372e+00 2.620343392839235896e+00 1.248665225093536613e+00 7.748434606791993140e+00 -7.209086785309810175e+00 -8.900246254400695278e+00 -6.641509145117305835e+00
0.000000000000000000e+00 5.195764928066091137e+00 -6.783092142908129674e+00 -1.341266410753841232e+00 2.114421213920262832e-01 -6.955559935431145924e+00 6.709434552702670196e+00 -4.826753596887694897e+00 8.804541371069191769e+00 -3.168022671782062538e+00 -1.285672842921346426e+00
0.000000000000000000e+00 2.522738844745419762e+00 -4.634671973785025045e+00 -3.676604922838855316e+00 1.084387455322890048e+00 -8.282995683893632943e+00 7.701642013891852656e+00 -5.345880630600449379e+00 1.016321336852676183e+01 -2.920169181001275760e+00 -2.812580847696537489e+00
1.000000000000000000e+00 -1.746745455042497230e+00 -1.874219946227348998e+00 -4.920395891676255573e+00 -6.940457843682323436e+00 4.361790580104274007e+00 9.531870244761542210e-02 6.712629521374900321e+00 -8.696300371090851300e+00 -7.726833157869735125e+00 -8.759338860894279932e+00
1.000000000000000000e+00 5.093870654448793278e-01 -1.074670711544755797e+00 -4.658687950587354187e+00 -6.733613810939386823e+00 2.919509984623450904e+00 1.126114597094371339e+00 7.621588566819593069e+00 -5.406612242077899921e+00 -9.376896167199063825e+00 -6.938122557619974984e+00
1.000000000000000000e+00 -3.329145323766791731e-01 -5.852880441875495388e-01 -1.922537614786700377e+00 -6.634890112814675334e+00 3.815189473192167391e+00 2.374267810549015589e-01 7.659877281431022311e+00 -7.583688354015706068e+00 -7.376201204304162040e+00 -7.675651796292071616e+00
0.000000000000000000e+00 4.115086311984307521e+00 -5.948252383052051506e+00 -1.243167110088042149e+00 -9.585753699129417882e-01 -8.127503927734982980e+00 9.411636560208901159e+00 -3.723949319451092865e+00 9.326746025686668773e+00 -2.896251666592192464e+00 -5.927070173802896358e-01
1.000000000000000000e+00 -2.105920920843113109e+00 -1.157590253846179085e+00 -2.374368227382603003e+00 -7.561294482583027943e+00 1.890445590446177659e+00 9.167435992071626405e-01 8.268520077697100845e+00 -5.400348137092848333e+00 -9.808028445393155437e+00 -8.472939269586419186e+00
1.000000000000000000e+00 -1.048241254005893630e+00 -7.206194913713881434e-02 -5.399033646287594301e+00 -7.349586805363887976e+00 1.829677669745094715e+00 5.103388776477190136e-01 6.401544795407434485e+00 -6.741557101355013515e+00 -7.857248072988432419e+00 -7.369334559688042852e+00
1.000000000000000000e+00 -1.278082141478720679e+00 -1.612391983884397861e+00 -4.261051388452754551e+00 -6.541096094932803418e+00 1.058836298076426097e+00 1.839755907815331160e+00 6.332759775814960967e+00 -5.962147388774488910e+00 -9.544230468599856465e+00 -7.328295960598222969e+00
1.000000000000000000e+00 1.009689097041517991e+00 -1.845617475269472507e+00 -5.479159614400546552e+00 -6.176752579820234956e+00 3.071322497192632284e+00 2.049016842993149456e+00 4.807870307927172959e+00 -7.402814376516397843e+00 -9.758461738253618734e+00 -8.616606210888066997e+00
0.000000000000000000e+00 4.812378097596001325e+00 -6.829707756198710733e+00 -1.012853147724946723e+00 7.874774638390951154e-01 -7.230263652690197773e+00 8.385303092042747153e+00 -5.103471879050460736e+00 1.027506899992483369e+01 -1.452317804582457850e+00 -8.056312688391616961e-01
0.000000000000000000e+00 4.503127547003819231e+00 -4.906281649671324629e+00 -1.791346397326939233e+00 5.882328943056857051e-01 -6.275705566498092303e+00 8.909673094890809608e+00 -2.713803920840324402e+00 1.076921091217374560e+01 -2.398109120226064483e+00 -1.556438422737470351e+00
0.000000000000000000e+00 4.368647797423069079e+00 -7.688601774493426966e+00 -9.740776237872601495e-01 1.099555259910497629e+00 -5.848113761825879386e+00 7.002822451599145737e+00 -3.821861264323564988e+00 9.824595510122080100e+00 -4.098167513757802638e+00 -3.271268827382763256e+00
1.000000000000000000e+00 1.077879327971039913e+00 -2.195350579144196068e+00 -3.725327188565967340e+00 -6.436830403779915777e+00 3.166956384174634209e+00 2.440397129294604728e+00 5.989043233765118046e+00 -5.003968786999003271e+00 -7.595145422541015101e+00 -8.056626514012901197e+00
0.000000000000000000e+00 3.295032027772346606e+00 -6.526453982233318740e+00 -2.707666970556017905e+00 5.537323399737850704e-02 -5.545337967146756419e+00 8.195856312267052246e+00 -5.273581020426885146e+00 9.114527889421284002e+00 -2.575235194405517181e+00 -8.648453155559769900e-01
1.000000000000000000e+00 -1.306773719893950414e+00 -2.589924982968943024e-01 -3.782555298669270094e+00 -7.096912798731577432e+00 3.128115062234696708e+00 1.313681970910870467e+00 7.716181705128651203e+00 -7.097068989540439077e+00 -8.629367252619111639e+00 -8.477057960655798752e+00
0.000000000000000000e+00 6.099484796027631717e+00 -5.460233370092240079e+00 -2.280851656520403559e+00 1.752254030767614879e-01 -6.823185540836433027e+00 9.513050098977222646e+00 -5.446596789225930380e+00 1.051067591866434014e+01 -1.686895643516748367e+00 -1.349942742933712969e+00
1.000000000000000000e+00 -1.957599945916426831e+00 -2.058972956530213949e+00 -5.478748020247190986e+00 -6.071170849051481966e+00 4.149409615489702219e+00 1.294504065217740862e-01 5.939888840204899267e+00 -6.492794965408045016e+00 -8.231256105378978560e+00 -9.160768930373917485e+00
1.000000000000000000e+00 8.594647947111067054e-03 -1.196846184223125942e-01 -3.359385507885209954e+00 -6.080787674394817266e+00 2.277436519520601887e+00 2.864684694739243476e+00 6.747234765313256055e+00 -6.079447412551582275e+00 -6.873388052599642251e+00 -6.716216783640630794e+00
1.000000000000000000e+00 -1.672984348848816971e+00 3.713462184148277334e-01 -4.192414765393433385e+00 -7.553599610580240764e+00 3.238198797534315609e+00 1.527423390733812614e+00 6.882879033808599445e+00 -5.733752545830279601e+00 -6.805794686995307430e+00 -9.337310415188309065e+00
1.000000000000000000e+00 -1.867893008182563319e+00 -1.820015140443631108e+00 -4.379430564316370678e+00 -6.789901886663383124e+00 2.266415993280744168e+00 8.498588786977296916e-01 6.966205978333155358e+00 -8.166182459418813266e+00 -7.594489237033846152e+00 -8.273794307038009777e+00
0.000000000000000000e+00 4.981748596803828200e+00 -6.381491354857092624e+00 -1.604780494985190265e+00 -1.691747702808723108e+00 -4.826325894070983225e+00 8.813967799982503237e+00 -5.279794853096916540e+00 1.002012152795878741e+01 -3.104569837558964096e+00 -1.416819214520659065e+00
0.000000000000000000e+00 5.623351851576300575e+00 -6.289454095336832751e+00 -1.726921098019649659e+00 -8.223163282766672300e-01 -6.224243379631348105e+00 8.461261390295542029e+00 -4.900383083152403785e+00 9.187058551326060751e+00 -3.425254021488103540e+00 -1.326653959807746697e+00
1.000000000000000000e+00 1.506122126304081377e-01 -1.207406699929329363e+00 -6.083465888159036439e+00 -6.648084477864404818e+00 3.472251057918576134e+00 -7.212958049237272462e-02 6.503498764453840231e+00 -6.844497416986279781e+00 -8.748802248268178872e+00 -8.596939212390429574e+00
0.000000000000000000e+00 4.626544073956726066e+00 -6.925273149881429724e+00 -2.352035082899368135e+00 -5.667367560896002798e-01 -8.088195952649464004e+00 9.161741400564043403e+00 -4.363630851044292491e+00 9.485188289403360784e+00 -3.059656140863195262e+00 1.603517908445096118e+00
0.000000000000000000e+00 4.762533778590650968e+00 -5.347267208668578853e+00 -2.365820608429672678e+00 4.576383987236413153e-01 -6.643245405160089767e+00 8.225249596792163942e+00 -3.494359341093965732e+00 8.763788621870775231e+00 -3.608436713125692030e+00 -6.938199531011889354e-01
1.000000000000000000e+00 -1.887464301719855575e-01 -2.052732917788463674e+00 -5.182503717874372029e+00 -8.685084610054706999e+00 1.373143728614997894e+00 1.236069661324134872e+00 6.040031346127587852e+00 -6.845971157921913353e+00 -6.058128688498291226e+00 -6.814253235852455681e+00
1.000000000000000000e+00 -1.130358478155371049e+00 -1.733351780227323502e+00 -4.445458734086203734e+00 -4.995424810916386349e+00 2.652482219975449862e+00 1.361949275151534966e+00 7.428873343555504327e+00 -7.876940550388783713e+00 -9.252992316003123108e+00 -7.756263751133113615e+00
1.000000000000000000e+00 -2.183672640196870907e-01 -8.214339443696767606e-01 -4.619686982383981011e+00 -7.212449549652406589e+00 3.194597733873856704e+00 1.367296108139230082e+00 8.422991002392109294e+00 -8.252856644622069027e+00 -8.153011555843983516e+00 -9.401636848621455655e+00
0.000000000000000000e+00 3.927302062111035053e+00 -7.453051422281921745e+00 -1.707557918162367905e+00 1.042508248185769038e+00 -5.477914037211968790e+00 8.642436412037879379e+00 -6.329730165578274281e+00 9.190043257357633166e+00 -3.498701200391411970e+00 -1.277757285592523884e+00
0.000000000000000000e+00 5.169219299327585837e+00 -7.817136912853540842e+00 -2.609114991618336266e+00 5.557154333119453948e-01 -7.371933741464388845e+00 7.085591884907983307e+00 -5.148574675734822748e+00 8.007682838791049917e+00 -2.771287012796162852e+00 -2.175856575651013536e+00
1.000000000000000000e+00 -1.737520646403443614e+00 -1.010751032389445747e+00 -4.633611148068678354e+00 -6.726035029683260724e+00 2.362459474626647182e+00 1.341594289486906177e+00 7.098818697152748491e+00 -6.852777054168332604e+00 -8.401289127015017399e+00 -9.085367048641229459e+00
0.000000000000000000e+00 4.433598343214895543e+00 -6.382210887075611794e+00 -2.058191611178388225e+00 1.560726124890037037e+00 -7.789563899203659325e+00 7.860525512502321455e+00 -4.384067738088568866e+00 9.342958174020649764e+00 -2.347893850866401344e+00 -1.389826491184389834e+00
1.000000000000000000e+00 -1.117801650796668156e+00 3.660571346892944611e-01 -3.775851453171129801e+00 -7.495558789827550861e+00 3.250195350588930054e+00 8.730800096280756373e-01 7.628061900454369493e+00 -7.749612229618633386e+00 -9.586449643193946102e+00 -8.062688086896699247e+00
0.000000000000000000e+00 4.130631995063741790e+00 -5.488110759690164819e+00 -1.088384495154153919e+00 1.018136372829194780e+00 -7.520150006483877547e+00 7.880550304250125926e+00 -4.038006035118539394e+00 9.773046444765512319e+00 -3.468811181423397283e+00 -1.665416590713844069e-01
0.000000000000000000e+00 4.839185993802117558e+00 -5.815379255799792979e+00 -3.206723333784723184e+00 -5.447234557642586239e-01 -5.463440957187298608e+00 6.751055974580550512e+00 -3.172542975916276209e+00 9.898843694227595691e+00 -4.877712892756306928e+00 -7.598459277311639948e-01
0.000000000000000000e+00 5.554979112456528867e+00 -5.729062885718557041e+00 -6.059650367315265740e-01 1.216453414409969375e-01 -6.378420289551967493e+00 7.206723194056914750e+00 -4.147070348185888378e+00 1.010364588543253817e+01 -4.815887635393004906e+00 -1.504989031902803864e+00
1.000000000000000000e+00 -1.332301898784095329e+00 8.637727879809498077e-02 -5.172009766910396600e+00 -8.650300293313478051e+00 3.853127496910385918e+00 7.965107695293724976e-01 6.424033385472234237e+00 -7.075365795443836703e+00 -7.919138193409417603e+00 -7.527018827958021241e+00
1.000000000000000000e+00 -4.529703810913980888e-01 -4.051944732742647215e-01 -5.424422139652548935e+00 -8.125389729401929273e+00 3.799679612908552606e+00 9.814372538482858399e-01 8.288005371039670166e+00 -7.826772693753808241e+00 -1.043186933388906645e+01 -9.075343576151283287e+00
0.000000000000000000e+00 3.958589993056605749e+00 -7.400209788145040157e+00 -2.021427961847859223e+00 9.958157332347777890e-02 -4.571226328401273520e+00 9.696715301481544813e+00 -4.527792926099776238e+00 9.722827511967004455e+00 -3.562003178409997695e+00 -8.348842732062877747e-01
0.000000000000000000e+00 4.000530524111179709e+00 -7.484565031726058137e+00 -1.327665371785470727e+00 5.437115593378873957e-01 -6.013036089566302422e+00 6.943526748570518770e+00 -4.920198541167823514e+00 8.320584100516812853e+00 -3.230307918375976417e+00 -5.752415228510019407e-01
1.000000000000000000e+00 -2.076932133477444431e+00 -1.919395415445103392e+00 -4.517705718406423543e+00 -8.468759237335119039e+00 4.097588955604688721e+00 1.502278332534111804e+00 7.666066552356969765e+00 -7.446665821394435447e+00 -8.177095226996021538e+00 -6.951697589028920987e+00
1.000000000000000000e+00 -1.180925974901563258e+00 -3.048730267738334554e+00 -5.367947632604833430e+00 -6.447873722314919398e+00 1.964906024645080018e+00 2.591315307284687286e-01 6.725585962382517380e+00 -6.081799902578754136e+00 -8.364227813244854204e+00 -8.148521557630854062e+00
1.000000000000000000e+00 -8.224904226700202603e-02 -2.158336430859720156e+00 -4.440397471149941211e+00 -9.112128447990340163e+00 3.145240432256825702e+00 1.428657140250876312e+00 7.339959944062272257e+00 -8.511891850232514045e+00 -8.480224005462194015e+00 -7.821669731068853437e+00
0.000000000000000000e+00 5.163785310556986197e+00 -5.327826334891928362e+00 -2.734059917505125892e+00 9.776025492070963274e-01 -6.900786792412740844e+00 8.371280810657976801e+00 -3.198883014001305369e+00 8.883893657228142615e+00 -2.346495323592427518e+00 -2.938845437915461600e-01
1.000000000000000000e+00 -1.079513068355003824e+00 -3.447627279253810961e-01 -6.263983611551821262e+00 -8.053726592768816417e+00 1.438841301612781010e+00 1.275427135910087717e+00 7.662858136581442103e+00 -6.199135830742567244e+00 -7.095015093960872932e+00 -6.787769116913430878e+00
1.000000000000000000e+00 -1.167417189014116286e+00 -5.546359728593173166e-01 -4.395517754724835413e+00 -7.333354095868931388e+00 4.858079205404962408e+00 6.620003984048381529e-01 5.996771218075835463e+00 -5.140534125795223730e+00 -9.471234770194509878e+00 -7.932201174511280151e+00
1.000000000000000000e+00 -1.439821186918455176e-02 -1.010353175645650747e+00 -3.903173339546907261e+00 -7.556760161270003273e+00 3.047009662213009396e+00 1.855581125209148308e+00 8.019678024552158391e+00 -5.445617593597027017e+00 -8.674665944010792273e+00 -8.771829500982912364e+00
0.000000000000000000e+00 5.099511915219566482e+00 -4.352148039643845223e+00 -1.445909956948953745e+00 -1.448762135758853709e-01 -5.819596896321345803e+00 8.460848037524238308e+00 -4.393831163117489780e+00 8.704666768142496736e+00 -2.810188453365755290e+00 -9.329937228611557831e-01
0.000000000000000000e+00 5.835346143706996891e+00 -6.296832128082423097e+00 -2.531557142261113391e+00 4.924380846257083166e-01 -8.477913161588707780e+00 7.262464362460251621e+00 -6.222101593155414889e+00 9.425633968530656048e+00 -2.275025616458003164e+00 -1.294870650857286254e+00
1.000000000000000000e+00 -9.889048036381848927e-01 -1.598194364559722969e+00 -6.085145187343240281e+00 -6.258090214832908060e+00 2.989829204004608165e+00 -4.529520340119692623e-01 6.450610372004304871e+00 -7.117506576689330622e+00 -9.125969098146320846e+00 -8.199859646210081010e+00
0.000000000000000000e+00 3.978977167120636871e+00 -6.518351012988908622e+00 -2.653366921093177400e+00 2.238424022665564728e+00 -8.601377127205392270e+00 9.402915773591788096e+00 -4.530572157084521656e+00 9.288380762082542930e+00 -2.724556595432836126e+00 -1.464709239355997505e+00
0.000000000000000000e+00 4.741879277275499405e+00 -6.489205562870907329e+00 -2.253981139340093254e+00 8.643679299077466904e-01 -8.140559108661758358e+00 7.891654702011078548e+00 -5.076674814702946570e+00 9.049828682478937125e+00 -3.044339942924071174e+00 -2.097897207876912695e+00
0.000000000000000000e+00 3.235530522432839007e+00 -6.021277654315637662e+00 -1.448953161307654725e+00 -7.000206966726291169e-02 -8.463880151396342200e+00 7.537011302717606220e+00 -4.344829975867093630e+00 9.380324349253923444e+00 -4.341185176650549593e+00 -1.137330716143821974e+00
1.000000000000000000e+00 -1.362444041529335292e+00 -2.319425636813753577e+00 -3.902971804228905217e+00 -7.648483967739694300e+00 3.777947515934599210e+00 -7.721661091347664652e-02 6.978779580750721578e+00 -5.797174209959065294e+00 -7.361063342905941553e+00 -9.001100478115562353e+00
0.000000000000000000e+00 5.040883524590900500e+00 -7.055409997203093475e+00 -1.561789250912263061e+00 1.158499543866164716e+00 -5.813707911311869481e+00 7.111877832496858787e+00 -4.730720356418521177e+00 1.074245088687296423e+01 -2.285474925181424588e+00 -2.089014649382499478e+00
0.000000000000000000e+00 4.618702227134698468e+00 -6.155451439765686317e+00 -2.012654396564419468e+00 8.159308722160766303e-01 -7.182692569406849081e+00 7.485038212374528044e+00 -5.091289990320053249e+00 9.589052891491192554e+00 -2.002222649129519638e+00 -3.147091724170015148e+00
1.000000000000000000e+00 -3.598319160833471364e-01 -1.393387555966499880e+00 -6.208796056556496801e+00 -5.914686911551839898e+00 1.895165046465601133e+00 1.321387731512226438e+00 6.227038829528139807e+00 -7.605518547219315195e+00 -9.043681118376920125e+00 -7.217708038129676318e+00
0.000000000000000000e+00 4.157119204032877491e+00 -5.910921629742015071e+00 -3.348735107641874542e+00 8.080072911252008661e-01 -6.064562995689890990e+00 9.151949081111441231e+00 -3.961945709439508079e+00 1.033633782710097471e+01 -3.909575830708608368e+00 -5.534117574663244277e-01
0.000000000000000000e+00 4.469850860580119267e+00 -6.727779146624017770e+00 -1.943046109687792455e+00 -7.157038031199822736e-01 -8.735047614588303588e+00 8.650478307536822342e+00 -5.883071554006893855e+00 9.324228729590000597e+00 -2.617303020365484123e+00 -1.954876103079802308e+00
0.000000000000000000e+00 4.872075394909296975e+00 -6.171295601711948464e+00 -2.200463550791854406e+00 -1.271515775259053571e+00 -6.584251299507939414e+00 7.632184047375242031e+00 -4.777979461067831224e+00 9.561927574785286765e+00 -3.120954713472253061e+00 -1.547835976834780247e+00
1.000000000000000000e+00 -1.257376476377524366e+00 -3.088075442173242813e+00 -4.483537832012083335e+00 -7.027062652061176529e+00 3.708185420987081038e+00 1.354325497723350535e+00 7.512050897270748706e+00 -7.466745799841284281e+00 -9.247943198392366781e+00 -9.113621631720794980e+00
1.000000000000000000e+00 -5.466427230611538013e-01 -1.876875491220919789e+00 -4.029731506744319347e+00 -8.044366775670903635e+00 4.450590666104365489e+00 1.634256535554753809e+00 7.274493054256564228e+00 -7.322972297829728028e+00 -8.696344697549143632e+00 -8.199988517066588045e+00
0.000000000000000000e+00 4.533199981643010190e+00 -5.221813129973893020e+00 -1.536071724897458246e+00 -6.847473901822488385e-01 -7.815120694221569408e+00 8.787830576496727275e+00 -4.237882127068240301e+00 9.651840013245097438e+00 -3.461824991914944860e+00 -1.281979411708226602e+00
1.000000000000000000e+00 -1.021633737331155700e+00 -6.976573294980816797e-01 -4.040992528816618190e+00 -6.688176986209157349e+00 2.880778020118200722e+00 3.213898126212376694e-01 7.335817730785906043e+00 -6.315754522939512228e+00 -8.226213247748404456e+00 -6.441605967236450958e+00
1.000000000000000000e+00 -4.484511535838237029e-01 -4.204963874633294019e-01 -4.302531088299032191e+00 -8.302126990248620331e+00 3.768970177432835911e+00 2.382507840357483531e+00 6.994098744508439935e+00 -8.319620768603503080e+00 -8.619331308454773577e+00 -8.963236601284929606e+00
0.000000000000000000e+00 4.086008617825331868e+00 -4.951497292406113360e+00 -2.181237338343310128e+00 1.229454895644461088e+00 -5.071261787318868564e+00 8.215763567138937518e+00 -4.310477579531323045e+00 1.000693084033837721e+01 -3.937475636561197145e+00 -1.687122915434870141e+00
0.000000000000000000e+00 4.475830634343000547e+00 -7.593711834753237966e+00 -2.899150133901235549e+00 2.590605943796878696e-01 -5.726263893300773233e+00 9.710529130489245375e+00 -4.192135889311564334e+00 1.052949225001617251e+01 -3.904833332643515398e+00 -7.880796848352911166e-01
0.000000000000000000e+00 4.165476115434200821e+00 -8.116210479021937374e+00 -2.197120179401295115e+00 -1.158795448101372694e+00 -6.359235806100618227e+00 6.718608581438984650e+00 -4.344157855326680640e+00 8.410598055104866688e+00 -2.811579868202118693e+00 -1.093316170341511295e+00
1.000000000000000000e+00 -9.652844013746029184e-01 -1.048366913018836666e+00 -3.286930267731882349e+00 -7.956057659531202475e+00 2.869697385192530703e+00 1.327974978474136813e+00 6.330552146400131974e+00 -6.096026417181535706e+00 -7.359197285144209566e+00 -8.360784361632131123e+00
0.000000000000000000e+00 3.508345784549043334e+00 -6.245093127210552097e+00 -1.875606491981448132e+00 -1.284548921245959319e-02 -8.446479064681119198e+00 6.981012779059521556e+00 -4.095630374495311088e+00 9.471752317865233195e+00 -3.702545473487390826e+00 -1.634236274365725938e+00
1.000000000000000000e+00 -2.912313564883662886e-01 -2.287849760692916234e+00 -4.677869522167370953e+00 -8.000472929109399445e+00 3.393512623378667659e+00 6.834824642348735768e-01 6.290499423021017833e+00 -7.878610365253258863e+00 -8.460670294866645236e+00 -8.375267554398915237e+00
1.000000000000000000e+00 -1.633348665116175713e+00 -1.396531187336037316e+00 -4.164018838900360286e+00 -8.017325412888126834e+00 2.524403896147658255e+00 1.447152331908936773e+00 7.331961024747545963e+00 -8.648395238822375930e+00 -7.678742212206982387e+00 -6.795274718625323729e+00
0.000000000000000000e+00 2.392978999391651929e+00 -5.846115871155997290e+00 -3.524276431697698442e+00 -4.836269758906497351e-01 -7.831814148132311360e+00 7.056635869924530624e+00 -4.488100957370678934e+00 8.590976358426862802e+00 -4.224878977446338446e+00 -1.072740787045976862e+00
0.000000000000000000e+00 5.311469105706850158e+00 -6.512221230532835747e+00 -2.551156330165178510e+00 1.076576820289603553e+00 -5.588012233515618377e+00 5.957481188254670101e+00 -6.738389039376725620e+00 8.811758626602365752e+00 -2.191335591451633924e+00 -2.075869215189605210e-01
0.000000000000000000e+00 4.254836639275306531e+00 -6.675012086611651796e+00 -1.204106731711671596e+00 6.765910143131266263e-01 -6.162432025721400031e+00 5.693041003857159055e+00 -5.133398212720454268e+00 9.442990122993009550e+00 -1.979494734296441516e+00 -1.113699461432369420e+00
0.000000000000000000e+00 3.913804594038190920e+00 -5.083074893065171018e+00 -2.148958676586643524e+00 1.030052363765059820e+00 -6.191291948362683151e+00 7.437109453117581204e+00 -4.864102255695579302e+00 9.352895999553327400e+00 -3.004794949350168221e+00 -2.098507846118025988e+00
1.000000000000000000e+00 -1.676231202330549230e+00 2.852842752964428463e-01 -3.626694466960344698e+00 -7.171073094369948997e+00 2.707186699297523536e+00 1.749770185245082210e+00 7.238155062509447291e+00 -7.521512448807587070e+00 -8.886970686171853373e+00 -7.253573502795242156e+00
0.000000000000000000e+00 4.073199416464388989e+00 -6.099136516169711975e+00 -1.401115162705682149e+00 -6.056023856490596602e-01 -7.007216892401609165e+00 8.100560822190251642e+00 -3.350803035950468800e+00 1.043403882442476593e+01 -2.445073422982716238e+00 3.343863273010367898e-01
1.000000000000000000e+00 -1.080564472796826436e+00 -2.862615706240045910e-02 -4.644880022413659049e+00 -7.102511272907600315e+00 3.830428905616471980e+00 1.934131844785086374e+00 8.432515070731701812e+00 -6.701588242613093271e+00 -7.903900160806109909e+00 -9.368089775742308944e+00
1.000000000000000000e+00 -1.609393155016214383e+00 -1.824783319934362158e+00 -4.788379666553424840e+00 -7.963460080564932930e+00 3.715984891924758227e+00 1.679275275442299264e+00 8.241635858733703301e+00 -6.402184507486104792e+00 -7.455727700944797753e+00 -7.023198514022693573e+00
0.000000000000000000e+00 4.027974791720650316e+00 -6.172941811807333146e+00 -1.425592699752368464e+00 1.060082973464766765e+00 -8.286666201539274468e+00 9.041582673223784283e+00 -5.050037898397531144e+00 8.820970208158065873e+00 -3.238770532231737054e+00 -1.580646284292876125e+00
1.000000000000000000e+00 5.320232887926890086e-01 -1.157051873732478420e+00 -3.470698100964511035e+00 -6.279936898731592443e+00 2.398695011174699410e+00 6.456521724265222861e-01 5.979092983694944685e+00 -7.473745543508380607e+00 -6.879670496388975209e+00 -8.875333906182385491e+00
0.000000000000000000e+00 5.097224472330921685e+00 -7.277948861984530282e+00 -9.246908185987767759e-01 1.994267955418583149e+00 -6.220560311534715225e+00 7.826289112440118600e+00 -5.684474744272357327e+00 1.007460811369020881e+01 -4.485644359692358307e+00 -7.555146889100825547e-01
0.000000000000000000e+00 4.276523054980340355e+00 -6.101117249018846778e+00 -1.370649536794617207e+00 1.338920764907545746e-01 -5.519391543125610866e+00 7.388866535995229690e+00 -4.560885929333793776e+00 9.000669399204692667e+00 -3.181601230055396634e+00 -1.330055722869972978e+00
1.000000000000000000e+00 -3.507060179214517071e+00 -4.615960009041752965e-01 -5.203018007196969386e+00 -6.645284181750490404e+00 2.661402872481697823e+00 2.313706773783321680e-01 6.366190808016773950e+00 -4.943668660164259876e+00 -8.689789565030359597e+00 -8.740336164266405916e+00
0.000000000000000000e+00 5.370320561403995718e+00 -5.839197096207850990e+00 -2.412532866999632208e+00 1.221787333738932668e+00 -7.198048564969170116e+00 7.605628092366660375e+00 -6.143038799757409407e+00 9.392224109482876671e+00 -3.094371497598908505e+00 -1.578871298277118029e-01
1.000000000000000000e+00 -1.620176600824146051e+00 1.708237823235485564e-01 -4.380480994699088804e+00 -7.160560060618813338e+00 2.778596596463906554e+00 -3.688659268666636404e-01 7.140020744530740870e+00 -6.818921257925969925e+00 -9.094488703194279822e+00 -8.439449563696761913e+00
1.000000000000000000e+00 -3.603478754207023460e-01 9.271009416368873879e-01 -5.642046062416808283e+00 -8.327438574406437866e+00 2.298240969165658232e+00 2.669493670451033474e+00 7.364319356937817140e+00 -7.750495712386960889e+00 -8.598608257741688021e+00 -7.767077005552808444e+00
0.000000000000000000e+00 3.625946186124372250e+00 -5.378255297277296343e+00 -1.354098383491500801e+00 2.484790395799739926e+00 -6.780636137151720533e+00 8.205743694733424576e+00 -5.124197310257418536e+00 8.630242340631188114e+00 -2.851713881876434264e+00 -1.555697544758871675e-01
0.000000000000000000e+00 3.391687061881097698e+00 -5.989302916479222638e+00 -1.769302559183555168e+00 -1.168090883761697674e-01 -9.277096669898075021e+00 8.410670345033350870e+00 -3.601374579191484404e+00 9.023281978814363669e+00 -3.887100622111906212e+00 -3.341997460331548320e-01
1.000000000000000000e+00 -7.803798896026862275e-01 -7.998946083017086650e-01 -5.069617444419048269e+00 -7.927800403885258973e+00 2.453660640849425700e+00 2.302835298388106189e-02 5.454355024932046270e+00 -7.740884328253122781e+00 -7.035288835701613230e+00 -8.327403354321848639e+00
1.000000000000000000e+00 -7.040977453011965093e-01 -1.895462195687068530e+00 -5.281231629517799675e+00 -7.090468843121944253e+00 2.413062104250524698e+00 1.030232306328022762e+00 7.341660708894809595e+00 -4.767479952245860630e+00 -7.938384411618886638e+00 -7.671588122134523680e+00
0.000000000000000000e+00 4.496456851369829977e+00 -5.078909180638046195e+00 -1.613041290417441598e+00 2.523316995936085161e-01 -6.072104459211638883e+00 9.618093092026699154e+00 -3.500677120659202668e+00 9.628228208929112242e+00 -2.235115417806299298e+00 -1.436751295404188555e+00
